35.71522 139.80293
35.699444 139.76181
35.51077 139.67453
35.629868 139.79427
35.619698 139.72855
35.68133 139.77086
35.62104 139.56946
35.75849 139.62885
35.710068 139.79897
35.665596 139.69846
35.60727 139.60571
35.681377 139.76608
35.67648 139.78227
35.698338 139.77304
35.750446 139.73888
35.646553 139.71022
35.659485 139.70021
35.673264 139.7203
35.63441 139.79161
35.620575 139.56993
35.69556 139.77588
35.701225 139.745
35.729866 139.71095
35.71373 139.77722
35.65375 139.79544
35.70231 139.74503
35.677013 139.73705
35.676506 139.48283
35.655514 139.7568
35.582733 139.55751
35.73572 139.48665
35.72973 139.71484
35.625233 139.6592
35.629868 139.79427
35.7032 139.57991
35.659813 139.70035
35.643486 139.69896
35.644314 139.6991
35.629868 139.79427
35.687977 139.797
35.64004 139.59874
35.681377 139.76608
35.64388 139.69951
35.659134 139.701
35.635857 139.52687
35.71167 139.77565
35.713413 139.77606
35.554153 139.64542
35.74445 139.73276
35.736286 139.57652
35.748768 139.77007
35.657776 139.69125
35.712452 139.77592
35.658195 139.70203
35.63023 139.79137
35.679836 139.78006
35.668488 139.70538
35.654488 139.75708
35.682934 139.73686
35.616673 139.63905
35.629868 139.79427
35.666084 139.77112
35.691017 139.70392
35.630146 139.74043
35.56407 139.59436
35.697468 139.78598
35.775223 139.786
35.72777 139.77097
35.722614 139.80995
35.75859 139.78929
35.712948 139.70403
35.633896 139.5311
35.729866 139.71095
35.54896 139.78418
35.681377 139.76608
35.655155 139.85255
35.686005 139.73067
35.581158 139.64288
35.64778 139.67902
35.78823 139.61314
35.644253 139.69905
35.663677 139.76884
35.626537 139.72334
35.766327 139.76224
35.73191 139.83496
35.737244 139.77402
35.708958 139.79657
35.697926 139.6829
35.71109 139.79636
35.702194 139.75517
35.663635 139.76958
35.696106 139.79253
35.72777 139.77097
35.55539 139.7886
35.676647 139.76366
35.661587 139.66748
35.717964 139.81673
35.729866 139.71095
35.685467 139.62971
35.729866 139.71095
35.701584 139.7069
35.729866 139.71095
35.700912 139.7069
35.68321 139.76889
35.733677 139.67113
35.544674 139.76855
35.67255 139.90215
35.690804 139.70027
35.703938 139.73422
35.706463 139.61813
35.705585 139.7519
35.679085 139.77995
35.70108 139.7077
35.783016 139.68567
35.624557 139.73909
35.681377 139.76608
35.81554 139.58675
35.627525 139.7788
35.723236 139.72287
35.645016 139.52689
35.700253 139.48026
35.690804 139.70027
35.729866 139.71095
35.690346 139.69978
35.729027 139.71109
35.690804 139.70027
35.72841 139.71104
35.858738 139.65729
35.620815 139.56972
35.742527 139.84644
35.729027 139.71109
35.660202 139.5233
35.560684 139.72372
35.690804 139.70027
35.730274 139.71138
35.796326 139.77016
35.69643 139.81395
35.748306 139.56767
35.672985 139.76178
35.69086 139.70485
35.84768 139.66914
35.705376 139.64986
35.690517 139.66693
35.681377 139.76608
35.66051 139.72922
35.729866 139.71095
35.807854 139.84503
35.68022 139.76833
35.578987 139.70526
35.712902 139.7039
35.692787 139.85019
35.730354 139.71056
35.68903 139.81567
35.730408 139.71115
35.697327 139.82678
35.55138 139.7884
35.560047 139.72357
35.733456 139.73949
35.580414 139.66191
35.681023 139.768
35.68972 139.70695
35.692184 139.69711
35.74113 139.71666
35.557514 139.7236
35.71679 139.85826
35.681377 139.76608
35.68468 139.76605
35.68315 139.769
35.599022 139.6112
35.706425 139.84251
35.66836 139.6504
35.762917 139.72768
35.6441 139.70259
35.54896 139.78418
35.679836 139.78006
35.670677 139.70253
35.655617 139.75674
35.68972 139.69925
35.690804 139.70027
35.700184 139.56099
35.72777 139.77097
35.587837 139.72568
35.697586 139.82608
35.76032 139.53394
35.628723 139.73978
35.59987 139.74512
35.70583 139.6658
35.64895 139.80295
35.72951 139.7194
35.554386 139.57903
35.70029 139.83368
35.55366 139.57912
35.60743 139.68562
35.553875 139.57817
35.678116 139.74248
35.63231 139.87917
35.658524 139.70132
35.713223 139.77608
35.55127 139.78758
35.551292 139.78741
35.63347 139.66165
35.67852 139.74428
35.632553 139.66017
35.7032 139.57991
35.66413 139.52701
35.729866 139.71095
35.690804 139.70027
35.70717 139.75145
35.672867 139.76317
35.669155 139.49486
35.681168 139.71144
35.791878 139.64587
35.777332 139.72115
35.655617 139.75674
35.575733 139.65965
35.68923 139.70056
35.70836 139.6149
35.628025 139.73804
35.69826 139.82584
35.69017 139.69893
35.67996 139.78009
35.689396 139.8262
35.691296 139.73547
35.56273 139.71605
35.658524 139.70132
35.687565 139.79738
35.69031 139.84593
35.658195 139.70203
35.700253 139.48026
35.673203 139.76047
35.724518 139.76292
35.66478 139.75764
35.658524 139.70132
35.698597 139.77303
35.66427 139.78465
35.65189 139.5444
35.64004 139.59874
35.665874 139.89305
35.646015 139.80153
35.698494 139.77219
35.673046 139.75992
35.577347 139.5838
35.588375 139.73547
35.72777 139.77097
35.65643 139.54462
35.677494 139.73538
35.690804 139.70027
35.658524 139.70132
35.692787 139.85019
35.659813 139.70035
35.709713 139.61246
35.76133 139.70552
35.599888 139.61015
35.767807 139.70876
35.620785 139.56992
35.736053 139.62894
35.73359 139.78732
35.749645 139.80515
35.619698 139.72855
35.54319 139.74124
35.681377 139.76608
35.82195 139.67735
35.54896 139.78418
35.680912 139.76491
35.53655 139.57846
35.544956 139.76988
35.672714 139.72404
35.665874 139.89305
35.630146 139.74043
35.74276 139.78088
35.683018 139.68674
35.688213 139.85075
35.733627 139.79916
35.68529 139.54636
35.668644 139.65048
35.684776 139.7308
35.698772 139.56029
35.62871 139.73941
35.6727 139.72406
35.633057 139.60223
35.71455 139.77809
35.60743 139.68562
35.675053 139.76332
35.731255 139.90443
35.674805 139.76329
35.658733 139.70163
35.654865 139.79626
35.665245 139.71236
35.619698 139.72855
35.62104 139.56946
35.684177 139.70206
35.65375 139.79544
35.62645 139.72343
35.817646 139.66959
35.797108 139.6017
35.712418 139.70378
35.713223 139.77608
35.72615 139.51323
35.729866 139.71095
35.52709 139.69441
35.550003 139.78647
35.69808 139.76599
35.568405 139.55351
35.55138 139.7884
35.58174 139.74828
35.56257 139.71454
35.71373 139.77722
35.84768 139.66914
35.670967 139.65878
35.57573 139.65965
35.55304 139.64674
35.713078 139.77654
35.620575 139.56993
35.63921 139.75279
35.628967 139.74097
35.690804 139.70027
35.690804 139.70027
35.70847 139.7536
35.69521 139.75824
35.71167 139.77565
35.645733 139.74757
35.684685 139.68602
35.67058 139.60895
35.5865 139.73631
35.659462 139.70052
35.692787 139.85019
35.715664 139.7371
35.745617 139.71957
35.708237 139.7699
35.76133 139.70552
35.692787 139.85019
35.673744 139.66725
35.667824 139.71556
35.530174 139.69783
35.658524 139.70132
35.710697 139.7763
35.659294 139.70143
35.766624 139.84766
35.54896 139.78418
35.637497 139.59993
35.746784 139.75464
35.69483 139.82616
35.6589 139.70326
35.551735 139.7885
35.768684 139.6622
35.697586 139.82608
35.697327 139.82678
35.662872 139.7603
35.697815 139.77377
35.658195 139.70203
35.532753 139.70074
35.646168 139.7079
35.686146 139.7725
35.631893 139.8796
35.690804 139.70027
35.689785 139.68431
35.575733 139.65965
35.69958 139.76523
35.545498 139.57452
35.644104 139.66896
35.658524 139.70132
35.713223 139.77608
35.63023 139.79137
35.767654 139.66188
35.68165 139.76837
35.62208 139.71872
35.68136 139.76653
35.702843 139.56161
35.77289 139.73235
35.687923 139.69481
35.656235 139.70302
35.616856 139.65988
35.745617 139.71957
35.726 139.72267
35.699444 139.76181
35.630295 139.79533
35.571434 139.68611
35.662685 139.71309
35.670372 139.71404
35.639526 139.74042
35.698597 139.77303
35.629562 139.7934
35.690144 139.6208
35.699017 139.77463
35.643982 139.65523
35.551144 139.78908
35.705376 139.64986
35.697308 139.77376
35.710037 139.8107
35.691917 139.70569
35.6759 139.76115
35.6759 139.76115
35.692455 139.75809
35.629868 139.79427
35.588432 139.72792
35.727703 139.77098
35.672546 139.7622
35.658195 139.70203
35.698597 139.77303
35.729237 139.71085
35.711414 139.77718
35.554707 139.78738
35.658524 139.70132
35.6203 139.77878
35.689995 139.84938
35.54506 139.76903
35.645927 139.65294
35.5532 139.64682
35.699387 139.63567
35.717102 139.81612
35.713223 139.77608
35.681377 139.76608
35.71252 139.77615
35.648365 139.70338
35.630146 139.74043
35.712788 139.77669
35.54896 139.78418
35.681545 139.76698
35.51942 139.63281
35.712986 139.77567
35.702637 139.54475
35.66413 139.52701
35.52709 139.69441
35.692787 139.85019
35.67458 139.71713
35.68958 139.70146
35.577618 139.65788
35.553474 139.5785
35.717064 139.81592
35.588432 139.72792
35.53858 139.73586
35.577457 139.65778
35.630146 139.74043
35.73023 139.71117
35.713223 139.77608
35.660202 139.5233
35.660202 139.5233
35.64012 139.60005
35.66413 139.52701
35.648125 139.74875
35.585922 139.73949
35.762203 139.82494
35.658184 139.7029
35.531326 139.6969
35.676334 139.78603
35.692287 139.70901
35.736794 139.63777
35.580574 139.57382
35.726234 139.59207
35.710724 139.68633
35.6898 139.7012
35.55117 139.78113
35.750866 139.8669
35.52131 139.6722
35.685104 139.79846
35.659912 139.70094
35.713905 139.77748
35.61005 139.57347
35.63111 139.65654
35.736187 139.63843
35.745888 139.8563
35.66669 139.75813
35.530735 139.6976
35.675053 139.76332
35.633896 139.5311
35.660164 139.69748
35.617733 139.71237
35.713696 139.77751
35.550476 139.78944
35.76434 139.82733
35.64863 139.71062
35.66895 139.69131
35.658195 139.70203
35.65189 139.5444
35.686302 139.79712
35.635303 139.51572
35.699223 139.63564
35.630024 139.74039
35.66413 139.52701
35.68812 139.75566
35.672195 139.48047
35.713223 139.77608
35.64004 139.59874
35.681377 139.76608
35.762917 139.72768
35.60743 139.68562
35.728596 139.71977
35.681377 139.76608
35.637608 139.70433
35.707104 139.78127
35.712902 139.7039
35.69477 139.8051
35.68358 139.68643
35.66413 139.52701
35.605145 139.74255
35.57573 139.65965
35.551292 139.78741
35.665787 139.73096
35.712948 139.70403
35.76391 139.62955
35.591843 139.71909
35.645924 139.82692
35.692368 139.70471
35.630146 139.74043
35.52709 139.69441
35.630302 139.88144
35.61879 139.61786
35.55138 139.7884
35.632812 139.88031
35.703575 139.57695
35.646553 139.71022
35.655277 139.70393
35.698597 139.77303
35.681248 139.76749
35.64343 139.69919
35.607536 139.66884
35.63368 139.71552
35.77806 139.72084
35.727943 139.77109
35.737873 139.65453
35.68104 139.76688
35.630146 139.74043
35.69336 139.78238
35.72777 139.77097
35.70134 139.74275
35.55342 139.57712
35.683155 139.82587
35.55456 139.57632
35.660522 139.69704
35.636692 139.5871
35.667686 139.71564
35.77802 139.72089
35.67294 139.75923
35.690598 139.69957
35.55004 139.7899
35.701717 139.82417
35.73608 139.74721
35.732067 139.77798
35.61606 139.67905
35.682434 139.77393
35.680393 139.73459
35.568405 139.55351
35.652737 139.75111
35.77806 139.72084
35.617313 139.63098
35.607296 139.66867
35.617386 139.63243
35.77842 139.69838
35.590565 139.55104
35.669003 139.76607
35.68139 139.77556
35.74957 139.80678
35.67247 139.75848
35.7171 139.85707
35.587322 139.59134
35.698597 139.77303
35.531895 139.69542
35.669983 139.64215
35.73938 139.79742
35.65926 139.70248
35.619194 139.7283
35.663242 139.73221
35.630146 139.74043
35.612453 139.62593
35.648552 139.82358
35.66669 139.75813
35.646553 139.71022
35.531326 139.6969
35.70124 139.77203
35.575733 139.65965
35.66225 139.7749
35.71504 139.79742
35.699802 139.7718
35.681023 139.768
35.531326 139.6969
35.658524 139.70132
35.745617 139.71957
35.670277 139.67062
35.658524 139.70132
35.698597 139.77303
35.59974 139.61023
35.660923 139.75146
35.667686 139.71564
35.664932 139.76692
35.643417 139.86476
35.81571 139.72095
35.58105 139.64142
35.669006 139.60231
35.697372 139.81357
35.63658 139.5877
35.658524 139.70132
35.70482 139.57916
35.697514 139.7652
35.645924 139.82692
35.70528 139.63626
35.709476 139.61255
35.71679 139.85826
35.531384 139.69954
35.607536 139.66884
35.65917 139.69853
35.74801 139.80661
35.66895 139.69131
35.653854 139.88216
35.6115 139.62662
35.701664 139.54507
35.658195 139.70203
35.69317 139.5092
35.702194 139.54482
35.57573 139.65965
35.728664 139.56422
35.759495 139.69975
35.663036 139.76129
35.633724 139.88239
35.678337 139.90816
35.69874 139.77077
35.692493 139.70113
35.681297 139.76703
35.70031 139.75618
35.610687 139.74847
35.629868 139.79427
35.625633 139.72154
35.654575 139.79242
35.58627 139.73294
35.65189 139.5444
35.665695 139.69078
35.730377 139.7124
35.680344 139.7684
35.691677 139.70467
35.688717 139.69989
35.695652 139.50568
35.653465 139.61559
35.657776 139.69125
35.658497 139.69548
35.659786 139.70036
35.728104 139.77257
35.69152 139.70125
35.667503 139.77573
35.729866 139.71095
35.7815 139.77008
35.682453 139.76485
35.706425 139.84251
35.658497 139.69548
35.735653 139.65352
35.667686 139.71564
35.801918 139.71759
35.66836 139.6504
35.66899 139.67972
35.66899 139.67972
35.72983 139.7148
35.575424 139.66092
35.690804 139.70027
35.697586 139.82608
35.644314 139.6991
35.655586 139.70084
35.66836 139.6504
35.6387 139.74004
35.69852 139.76543
35.737762 139.65453
35.698494 139.7725
35.67842 139.76326
35.52275 139.6248
35.749252 139.75522
35.70035 139.77174
35.69097 139.73549
35.632874 139.87895
35.803883 139.73012
35.6596 139.69841
35.72836 139.77095
35.63368 139.71552
35.57958 139.57301
35.723087 139.5004
35.698193 139.58096
35.696686 139.76013
35.67954 139.76845
35.685745 139.78104
35.78125 139.61638
35.586624 139.62991
35.531372 139.70021
35.757664 139.59679
35.607536 139.66884
35.672092 139.48042
35.815445 139.58719
35.70049 139.77179
35.759174 139.71393
35.658524 139.70132
35.701588 139.5448
35.729866 139.71095
35.695503 139.75171
35.619698 139.72855
35.68666 139.53815
35.84768 139.66914
35.72688 139.56358
35.51953 139.62556
35.53664 139.73438
35.533764 139.72946
35.70516 139.63705
35.709934 139.77454
35.749645 139.80515
35.658524 139.70132
35.690804 139.70027
35.646553 139.71022
35.53304 139.73502
35.63088 139.88066
35.630146 139.74043
35.749645 139.80515
35.679836 139.78006
35.607536 139.66884
35.70294 139.81866
35.705837 139.72112
35.63057 139.71434
35.54896 139.78418
35.55138 139.7884
35.630688 139.8913
35.707275 139.77158
35.673588 139.76271
35.70086 139.70819
35.631207 139.89037
35.60637 139.67937
35.55133 139.67513
35.681168 139.71144
35.660202 139.5233
35.668793 139.76248
35.68131 139.49814
35.586357 139.69836
35.549076 139.73187
35.70947 139.73347
35.672432 139.70985
35.658524 139.70132
35.531487 139.70076
35.532036 139.64822
35.692368 139.70471
35.681133 139.76782
35.680344 139.7684
35.669685 139.6136
35.688766 139.69812
35.681377 139.76608
35.630146 139.74043
35.657043 139.70198
35.632812 139.88031
35.6577 139.90268
35.697285 139.70218
35.67189 139.7996
35.73415 139.56421
35.821434 139.6906
35.66413 139.52701
35.77806 139.72084
35.70623 139.68584
35.661266 139.69824
35.646168 139.7079
35.65189 139.5444
35.532753 139.70074
35.620785 139.56992
35.81554 139.58675
35.704906 139.57951
35.686653 139.69682
35.690804 139.70027
35.681316 139.76662
35.699883 139.77242
35.66387 139.71025
35.695965 139.75807
35.75049 139.58655
35.665367 139.72638
35.675144 139.75975
35.700302 139.77266
35.705376 139.64986
35.65943 139.70056
35.660202 139.5233
35.695415 139.74149
35.702053 139.77113
35.693653 139.70146
35.69643 139.81395
35.652554 139.88136
35.776825 139.6189
35.718872 139.85768
35.672268 139.76578
35.665367 139.72638
35.531326 139.6969
35.702194 139.54482
35.711117 139.71141
35.615295 139.57944
35.607475 139.66608
35.686726 139.77423
35.701176 139.77098
35.690804 139.70027
35.658524 139.70132
35.70231 139.74503
35.63998 139.86218
35.63194 139.7966
35.704464 139.56096
35.70034 139.77116
35.5287 139.69865
35.694893 139.76744
35.709663 139.6656
35.737926 139.76103
35.710922 139.70981
35.658466 139.7049
35.686005 139.73067
35.692566 139.6987
35.686653 139.69682
35.690804 139.70027
35.659252 139.6979
35.6596 139.69841
35.697243 139.75748
35.659245 139.70264
35.630024 139.74039
35.531326 139.6969
35.627163 139.57362
35.681133 139.76686
35.577423 139.55844
35.70075 139.77191
35.703205 139.75456
35.703697 139.63708
35.665787 139.73096
35.655533 139.70598
35.603374 139.6169
35.65742 139.54025
35.73122 139.70901
35.531574 139.7001
35.658348 139.54083
35.729866 139.71095
35.6576 139.5428
35.713223 139.77608
35.67852 139.74428
35.649227 139.70282
35.700485 139.57884
35.71014 139.8134
35.653015 139.7622
35.588432 139.72792
35.7308 139.71056
35.690804 139.70027
35.70075 139.70801
35.732857 139.70923
35.64365 139.6705
35.815445 139.58719
35.68577 139.69101
35.814747 139.58684
35.62089 139.56943
35.699883 139.77242
35.69815 139.77121
35.70583 139.6658
35.822216 139.5752
35.620815 139.56972
35.60644 139.5059
35.675438 139.7629
35.690804 139.70027
35.530952 139.69768
35.658195 139.70203
35.71637 139.7765
35.664593 139.7846
35.752434 139.73813
35.658497 139.69548
35.82136 139.6284
35.67991 139.76791
35.696438 139.81395
35.65509 139.79243
35.681377 139.76608
35.808468 139.75275
35.849545 139.63962
35.77905 139.83917
35.700375 139.7702
35.588432 139.72792
35.626133 139.79675
35.63101 139.88208
35.66786 139.76971
35.648586 139.70302
35.676823 139.76416
35.686325 139.78227
35.66413 139.52701
35.632812 139.88031
35.773903 139.78479
35.729866 139.71095
35.775223 139.786
35.66208 139.71286
35.55138 139.7884
35.623257 139.57109
35.656303 139.57648
35.665787 139.73096
35.655766 139.47742
35.712902 139.7039
35.658524 139.70132
35.66899 139.5316
35.602634 139.73193
35.699017 139.77463
35.644207 139.70082
35.678154 139.70569
35.644314 139.6991
35.687057 139.78003
35.674007 139.70758
35.546253 139.57602
35.59974 139.61023
35.52709 139.69441
35.811626 139.66226
35.689396 139.8262
35.700928 139.68309
35.65939 139.71803
35.700817 139.68352
35.665405 139.73112
35.6989 139.68318
35.5759 139.59727
35.649998 139.67441
35.713696 139.77751
35.568405 139.55351
35.695965 139.75807
35.692184 139.69711
35.68212 139.80034
35.630146 139.74043
35.846107 139.64796
35.64518 139.71916
35.76032 139.53394
35.603752 139.5076
35.70462 139.61998
35.573402 139.66159
35.629868 139.79427
35.732964 139.71945
35.575657 139.66098
35.811165 139.67885
35.575634 139.66096
35.690346 139.69978
35.706585 139.76068
35.62872 139.73941
35.702194 139.75517
35.67058 139.60895
35.525433 139.64468
35.69858 139.7079
35.627365 139.6264
35.70687 139.68723
35.73017 139.71376
35.717896 139.56738
35.75957 139.6286
35.69336 139.78238
35.65907 139.70058
35.524742 139.64561
35.716427 139.7726
35.71555 139.70633
35.693653 139.70146
35.66669 139.75813
35.698597 139.77303
35.66188 139.70105
35.690998 139.73558
35.699017 139.77463
35.660812 139.7329
35.67174 139.50902
35.710724 139.68633
35.749645 139.80515
35.68034 139.7678
35.603115 139.50887
35.66845 139.65038
35.59631 139.68518
35.698597 139.77303
35.60662 139.68579
35.84768 139.66914
35.66413 139.52701
35.658524 139.70132
35.628418 139.73987
35.737926 139.76103
35.847282 139.68782
35.60316 139.50908
35.667614 139.63184
35.682617 139.76433
35.703205 139.75456
35.56836 139.55257
35.691864 139.70256
35.64111 139.74533
35.70321 139.53482
35.69258 139.7012
35.698597 139.77303
35.826817 139.65268
35.62049 139.7044
35.66188 139.70105
35.545498 139.57452
35.58663 139.62996
35.66188 139.70105
35.666866 139.71127
35.61935 139.70485
35.649662 139.80135
35.693302 139.70082
35.66413 139.52701
35.77733 139.71832
35.686077 139.762
35.68396 139.73247
35.690857 139.66957
35.807552 139.71397
35.69958 139.76523
35.704624 139.63623
35.691757 139.7325
35.659485 139.70021
35.680393 139.73459
35.643715 139.66965
35.66413 139.52701
35.749645 139.80515
35.685905 139.70076
35.6716 139.76225
35.643513 139.67116
35.729866 139.71095
35.644104 139.66896
35.671715 139.76236
35.68215 139.77962
35.667686 139.71564
35.66791 139.7927
35.660202 139.5233
35.698597 139.77303
35.78682 139.6745
35.661926 139.70108
35.700974 139.74094
35.653984 139.78156
35.695965 139.75807
35.524593 139.6456
35.663177 139.69498
35.704826 139.57913
35.69997 139.77081
35.695957 139.75916
35.550007 139.78316
35.710968 139.72197
35.665874 139.73009
35.621704 139.56906
35.845436 139.64711
35.738697 139.51018
35.730366 139.71077
35.655613 139.70369
35.674164 139.66743
35.700783 139.76643
35.69952 139.77045
35.53193 139.69855
35.658745 139.69913
35.65881 139.69713
35.58557 139.58394
35.70304 139.63625
35.74928 139.80507
35.700253 139.48026
35.83963 139.79785
35.69797 139.78664
35.564323 139.65405
35.670094 139.76335
35.576897 139.65096
35.664143 139.7548
35.57755 139.59497
35.66297 139.76083
35.701813 139.77126
35.660202 139.5233
35.66356 139.72902
35.62246 139.74214
35.694492 139.64125
35.684258 139.69978
35.69188 139.7397
35.66413 139.52701
35.68217 139.78773
35.69321 139.70105
35.698826 139.75356
35.64358 139.6087
35.69431 139.76027
35.66413 139.52701
35.705875 139.77335
35.690845 139.70497
35.548656 139.78572
35.62011 139.62672
35.703205 139.75456
35.64615 139.82742
35.705376 139.64986
35.66413 139.52701
35.65579 139.73703
35.71555 139.70633
35.73069 139.71237
35.698597 139.77303
35.70081 139.81581
35.65684 139.69151
35.66063 139.66891
35.728596 139.71977
35.729866 139.71095
35.531326 139.6969
35.68304 139.70216
35.66413 139.52701
35.66392 139.69806
35.66907 139.7578
35.588432 139.72792
35.60662 139.68579
35.532753 139.70074
35.807728 139.71431
35.748367 139.702
35.70081 139.81581
35.70503 139.57782
35.640465 139.75691
35.66117 139.7328
35.67027 139.60365
35.655613 139.70369
35.60414 139.73105
35.703205 139.75456
35.728664 139.56422
35.66413 139.52701
35.62428 139.7102
35.611782 139.58351
35.690712 139.69112
35.621216 139.62961
35.65151 139.68738
35.663254 139.74086
35.662067 139.70917
35.700703 139.74146
35.67237 139.79489
35.77806 139.72084
35.672318 139.79456
35.68972 139.69925
35.78543 139.73367
35.655296 139.77371
35.644615 139.50247
35.629456 139.65836
35.683777 139.78214
35.628704 139.65793
35.651093 139.72357
35.73629 139.86299
35.641098 139.64294
35.741962 139.64793
35.65312 139.5624
35.665787 139.73096
35.68206 139.78603
35.64004 139.59874
35.536934 139.63428
35.67996 139.78009
35.617035 139.62585
35.662895 139.87125
35.658524 139.70132
35.7685 139.87085
35.69505 139.76668
35.607647 139.73474
35.644802 139.53705
35.739944 139.8633
35.69017 139.69893
35.658745 139.69913
35.768524 139.87074
35.58938 139.7282
35.698597 139.77303
35.670677 139.4925
35.578987 139.70526
35.667225 139.60208
35.709713 139.61246
35.700188 139.77362
35.666374 139.73126
35.54892 139.78452
35.55138 139.7884
35.7032 139.57991
35.74275 139.64828
35.802124 139.71799
35.801918 139.71759
35.645508 139.72649
35.63101 139.88208
35.72165 139.70627
35.696106 139.79253
35.607048 139.73448
35.634865 139.603
35.6 139.75072
35.729347 139.71817
35.603752 139.5076
35.76133 139.70552
35.85865 139.75331
35.787464 139.61232
35.69469 139.77483
35.65189 139.5444
35.659294 139.69527
35.768482 139.87047
35.858875 139.75368
35.791233 139.69139
35.536922 139.63496
35.704556 139.57866
35.65034 139.68542
35.62645 139.72343
35.626404 139.88771
35.6091 139.5163
35.643566 139.67065
35.66835 139.48605
35.681377 139.76608
35.688557 139.51505
35.690804 139.70027
35.77878 139.7228
35.6961 139.81567
35.67994 139.76822
35.678825 139.75958
35.656055 139.66759
35.700737 139.77188
35.713127 139.70454
35.633057 139.60223
35.653137 139.54411
35.69086 139.70485
35.673264 139.52382
35.598614 139.60973
35.63627 139.88344
35.713226 139.7047
35.66284 139.75992
35.548866 139.78308
35.65866 139.68448
35.692444 139.75851
35.5532 139.64682
35.670662 139.47913
35.548615 139.79268
35.549446 139.62062
35.7347 139.87958
35.67184 139.47914
35.787106 139.67477
35.672863 139.47987
35.67133 139.4794
35.71373 139.77722
35.67687 139.82703
35.665382 139.72491
35.668488 139.70538
35.584877 139.58199
35.658596 139.69954
35.686005 139.73067
35.655617 139.75674
35.676266 139.78766
35.619698 139.72855
35.705833 139.70496
35.654488 139.75708
35.642998 139.86034
35.668484 139.76886
35.68459 139.78171
35.550003 139.78647
35.71167 139.77565
35.710037 139.8107
35.67987 139.75557
35.726234 139.59207
35.687836 139.73076
35.679653 139.75453
35.698597 139.77303
35.68972 139.69925
35.630634 139.87994
35.770237 139.64558
35.68304 139.70216
35.681377 139.76608
35.588432 139.72792
35.77403 139.68546
35.69556 139.77588
35.663437 139.55347
35.68217 139.80211
35.57573 139.65965
35.669685 139.81706
35.634285 139.71567
35.564537 139.65573
35.62104 139.56946
35.78015 139.61142
35.699463 139.76572
35.66225 139.7749
35.69806 139.77502
35.745434 139.71965
35.64343 139.69919
35.690804 139.70027
35.662876 139.73146
35.617188 139.56456
35.660366 139.72897
35.710697 139.7763
35.666565 139.72621
35.683784 139.76857
35.666958 139.70677
35.69135 139.69365
35.58483 139.66151
35.788216 139.61269
35.66002 139.7056
35.681377 139.76608
35.620785 139.56992
35.698597 139.77303
35.658516 139.77643
35.64004 139.59874
35.66719 139.80458
35.66836 139.6504
35.859383 139.65477
35.665787 139.73096
35.737926 139.76103
35.702194 139.75517
35.671005 139.71852
35.658745 139.69913
35.54873 139.75403
35.62235 139.7374
35.524563 139.69844
35.686913 139.76361
35.770195 139.6609
35.695225 139.70131
35.69958 139.76523
35.698494 139.7725
35.636692 139.5871
35.714897 139.76291
35.690804 139.70027
35.733456 139.73949
35.688442 139.70114
35.658524 139.70132
35.626667 139.74037
35.54506 139.76903
35.549828 139.7833
35.657764 139.54472
35.652874 139.60133
35.630146 139.74043
35.626072 139.8761
35.630146 139.74043
35.659817 139.70038
35.668842 139.62347
35.755028 139.87698
35.63204 139.88084
35.690556 139.69243
35.63278 139.60321
35.6612 139.67773
35.630024 139.74039
35.712948 139.70403
35.712902 139.7039
35.672195 139.48047
35.735165 139.88026
35.671436 139.89403
35.60743 139.68562
35.700253 139.48026
35.712955 139.7037
35.732944 139.88167
35.821774 139.67746
35.61964 139.65771
35.657776 139.69125
35.716133 139.85736
35.67237 139.79489
35.658524 139.70132
35.71679 139.85826
35.692543 139.75827
35.672195 139.48047
35.670677 139.70253
35.685314 139.73036
35.695503 139.75171
35.84768 139.66914
35.69777 139.64807
35.745617 139.85493
35.579075 139.735
35.55555 139.71269
35.676395 139.80841
35.657726 139.70015
35.628162 139.73857
35.655155 139.89095
35.690804 139.70027
35.67345 139.79616
35.71679 139.85826
35.7078 139.77556
35.740032 139.74649
35.628178 139.73788
35.658997 139.73193
35.551735 139.7885
35.67498 139.76321
35.698597 139.77303
35.664566 139.73949
35.64004 139.59874
35.777912 139.63283
35.66959 139.8176
35.648537 139.72034
35.66249 139.48564
35.599022 139.6112
35.55138 139.7884
35.681377 139.76608
35.658524 139.70132
35.65845 139.70499
35.62718 139.62653
35.672264 139.76662
35.699802 139.7718
35.69327 139.7685
35.627163 139.57362
35.628178 139.73788
35.670677 139.70253
35.671005 139.71852
35.752167 139.85808
35.64647 139.69662
35.67484 139.76341
35.713642 139.70317
35.659264 139.7028
35.667675 139.60214
35.699017 139.77463
35.666706 139.79898
35.63781 139.70241
35.78015 139.61142
35.655617 139.75674
35.66114 139.69893
35.672894 139.75839
35.656116 139.75658
35.627934 139.87642
35.55207 139.64734
35.73697 139.77051
35.69985 139.76378
35.694904 139.70122
35.698597 139.77303
35.697586 139.82608
35.55153 139.73018
35.694424 139.74307
35.733536 139.72675
35.705837 139.72112
35.618694 139.77972
35.65227 139.72223
35.621166 139.63553
35.5461 139.68372
35.67988 139.76837
35.68855 139.70984
35.690804 139.70027
35.659485 139.70021
35.78015 139.61142
35.571255 139.6327
35.675053 139.76332
35.612484 139.57141
35.6414 139.74797
35.682026 139.77103
35.588974 139.54977
35.676395 139.80841
35.645733 139.74757
35.68373 139.76851
35.699387 139.63567
35.658524 139.70132
35.65851 139.70132
35.69001 139.70589
35.707058 139.8319
35.668804 139.76427
35.615887 139.62802
35.659573 139.72859
35.729866 139.71095
35.65943 139.70056
35.723877 139.62473
35.763588 139.67754
35.651844 139.68604
35.57958 139.57301
35.55456 139.57632
35.63368 139.71552
35.716427 139.7726
35.66836 139.6504
35.69167 139.77087
35.664925 139.87314
35.530067 139.69737
35.762287 139.73285
35.54213 139.77171
35.670456 139.59807
35.665115 139.71246
35.593792 139.60565
35.722847 139.68976
35.614628 139.52824
35.675053 139.76332
35.60088 139.61324
35.698597 139.77303
35.55207 139.64734
35.68195 139.77113
35.681133 139.76782
35.713997 139.70392
35.699757 139.57341
35.55272 139.64731
35.659485 139.70021
35.709827 139.71313
35.62584 139.77615
35.658524 139.70132
35.713226 139.7047
35.594086 139.60532
35.713226 139.7047
35.62741 139.8895
35.674904 139.76352
35.529568 139.69643
35.560684 139.72372
35.66195 139.70229
35.648315 139.69307
35.72268 139.63882
35.665115 139.71246
35.630146 139.74043
35.632885 139.87819
35.658707 139.47913
35.65581 139.70389
35.701214 139.76985
35.633198 139.61157
35.79221 139.71773
35.728134 139.71208
35.626667 139.74037
35.69123 139.73303
35.662064 139.70265
35.671005 139.71852
35.658524 139.70132
35.72906 139.71898
35.77806 139.72084
35.585953 139.68135
35.650917 139.55777
35.73431 139.66399
35.702194 139.75517
35.626404 139.88771
35.553753 139.57817
35.696438 139.81395
35.84768 139.66914
35.617817 139.74945
35.681377 139.76608
35.677055 139.67616
35.681377 139.76608
35.815655 139.70436
35.68403 139.77444
35.55138 139.7884
35.743435 139.75543
35.617676 139.64322
35.655617 139.75674
35.690804 139.70027
35.684383 139.73746
35.690804 139.70027
35.550594 139.78412
35.68151 139.76532
35.656868 139.75455
35.820423 139.57614
35.690804 139.70027
35.681377 139.76608
35.695255 139.74326
35.628178 139.73788
35.760834 139.53452
35.61704 139.74129
35.669666 139.66956
35.615887 139.62802
35.607048 139.73448
35.62521 139.77562
35.690804 139.70027
35.71234 139.70453
35.667686 139.71564
35.665367 139.72638
35.751408 139.54536
35.6558 139.71149
35.712902 139.7039
35.690834 139.69608
35.672222 139.72174
35.632923 139.51735
35.685173 139.7377
35.668118 139.6765
35.71337 139.77634
35.661114 139.69966
35.691467 139.69804
35.55138 139.7884
35.55138 139.67172
35.643566 139.67065
35.721596 139.70679
35.697643 139.6482
35.697327 139.77255
35.672195 139.48047
35.71337 139.77634
35.623585 139.73808
35.70397 139.66429
35.658524 139.70132
35.593678 139.52466
35.68481 139.60712
35.658745 139.69913
35.68654 139.73976
35.690804 139.70027
35.74622 139.75444
35.56294 139.55785
35.70359 139.76181
35.678345 139.7401
35.670677 139.70253
35.67459 139.77768
35.73988 139.74678
35.619747 139.77325
35.624756 139.77585
35.67458 139.71713
35.712948 139.70403
35.632145 139.51749
35.690804 139.70027
35.753803 139.75836
35.666145 139.64143
35.6694 139.70488
35.633896 139.5311
35.729866 139.71095
35.550003 139.78647
35.698597 139.77303
35.78543 139.73367
35.731842 139.72806
35.703487 139.58026
35.84768 139.66914
35.686996 139.79773
35.77806 139.72084
35.71337 139.77634
35.64763 139.81905
35.607536 139.66884
35.62535 139.5189
35.66199 139.66948
35.72906 139.71898
35.746784 139.75464
35.627525 139.7788
35.66791 139.81964
35.614628 139.52824
35.62645 139.72343
35.66188 139.70105
35.656353 139.4777
35.750572 139.6258
35.62638 139.72453
35.75368 139.7586
35.752144 139.85825
35.763493 139.67749
35.635902 139.87865
35.67495 139.7644
35.54549 139.74045
35.678722 139.69356
35.632885 139.87819
35.52275 139.6248
35.752445 139.8582
35.62535 139.5189
35.702457 139.80823
35.69877 139.77013
35.658745 139.70525
35.663315 139.73212
35.749073 139.74734
35.69236 139.70094
35.632923 139.51735
35.60834 139.70355
35.830494 139.56238
35.668438 139.90578
35.690804 139.70027
35.72047 139.77882
35.712902 139.7039
35.610687 139.74847
35.71337 139.77634
35.628193 139.69362
35.7493 139.74504
35.62535 139.5189
35.671005 139.71852
35.68304 139.70216
35.5532 139.64682
35.703808 139.77086
35.670677 139.70253
35.753822 139.62906
35.682007 139.54411
35.681168 139.71144
35.597385 139.71274
35.682796 139.68687
35.74801 139.80661
35.6824 139.77386
35.69816 139.70099
35.625725 139.5198
35.694508 139.70355
35.546047 139.785
35.62431 139.88553
35.68008 139.72023
35.694065 139.75363
35.645767 139.8065
35.652836 139.88162
35.626434 139.63393
35.54822 139.78523
35.58906 139.731
35.68008 139.72023
35.655518 139.75673
35.694393 139.69281
35.644054 139.74722
35.681488 139.76596
35.7067 139.80794
35.70523 139.76762
35.625725 139.5198
35.660633 139.72911
35.713696 139.77751
35.552876 139.6632
35.6916 139.7047
35.686005 139.73067
35.743465 139.54568
35.68083 139.76808
35.68696 139.74156
35.690998 139.73558
35.658672 139.81738
35.664867 139.77045
35.798077 139.77174
35.667686 139.71564
35.54917 139.78479
35.66051 139.72922
35.658524 139.70132
35.83272 139.67067
35.6506 139.68431
35.681374 139.54408
35.788216 139.61269
35.691296 139.73547
35.658524 139.70132
35.585255 139.72647
35.643593 139.67102
35.698597 139.77303
35.586376 139.72694
35.64077 139.71269
35.63951 139.71165
35.71337 139.77634
35.779858 139.56555
35.683582 139.60497
35.522243 139.7323
35.626667 139.74037
35.681377 139.76608
35.697468 139.78598
35.70231 139.74503
35.65907 139.70058
35.666706 139.79898
35.69605 139.75124
35.619698 139.72855
35.668224 139.60114
35.672882 139.80301
35.642998 139.86034
35.696804 139.75375
35.55465 139.78728
35.626667 139.74037
35.661945 139.73004
35.627758 139.73505
35.729866 139.71095
35.722702 139.77844
35.67994 139.76822
35.766125 139.80922
35.560684 139.72372
35.67804 139.71492
35.730644 139.71255
35.528717 139.6985
35.513107 139.65834
35.527 139.69418
35.625725 139.5198
35.632923 139.51735
35.77806 139.72084
35.814167 139.80132
35.619194 139.7283
35.70436 139.67152
35.693333 139.6929
35.67459 139.77768
35.666958 139.70677
35.749645 139.80515
35.677013 139.73705
35.69958 139.76523
35.67758 139.59148
35.672195 139.48047
35.618694 139.77972
35.55507 139.57758
35.531197 139.69913
35.71048 139.81331
35.692368 139.70471
35.699306 139.47874
35.66249 139.48564
35.690804 139.70027
35.69841 139.77391
35.79808 139.6712
35.672264 139.76662
35.70231 139.74503
35.667896 139.86255
35.553898 139.57812
35.53918 139.74162
35.74801 139.80661
35.594334 139.62076
35.73106 139.70526
35.60088 139.61324
35.54892 139.78452
35.698338 139.77304
35.667416 139.89392
35.71337 139.77634
35.529297 139.69664
35.70444 139.85786
35.698597 139.77303
35.708817 139.8091
35.660923 139.75146
35.6905 139.7
35.813583 139.67488
35.690804 139.70027
35.698597 139.77303
35.693657 139.75868
35.57573 139.65965
35.6115 139.62662
35.729027 139.71109
35.64205 139.74873
35.604347 139.50758
35.664845 139.86292
35.666958 139.70677
35.71406 139.77408
35.529568 139.69643
35.653873 139.795
35.55133 139.67513
35.658524 139.70132
35.578693 139.57365
35.63254 139.51738
35.59974 139.61023
35.698193 139.79709
35.86395 139.70433
35.701332 139.7713
35.577663 139.55647
35.599022 139.6112
35.690804 139.70027
35.698 139.65784
35.76873 139.66187
35.750866 139.8669
35.64691 139.80363
35.62535 139.5189
35.73938 139.79742
35.561985 139.71997
35.658745 139.69913
35.738895 139.7611
35.634594 139.88554
35.737896 139.76283
35.661587 139.66748
35.628197 139.77574
35.5532 139.64682
35.717964 139.81673
35.78015 139.61142
35.64615 139.82742
35.698597 139.77303
35.7122 139.53336
35.586384 139.72795
35.555542 139.58148
35.6933 139.69202
35.56877 139.54846
35.659687 139.74901
35.586697 139.72803
35.66267 139.6353
35.68334 139.76056
35.61345 139.62703
35.54822 139.78348
35.57573 139.65965
35.61988 139.72838
35.666443 139.77231
35.73441 139.76874
35.690598 139.69957
35.734425 139.76875
35.625725 139.5198
35.704784 139.7535
35.724133 139.77718
35.729866 139.71095
35.649006 139.80243
35.623775 139.52275
35.758286 139.88153
35.684742 139.77444
35.657 139.75865
35.778843 139.7815
35.690804 139.70027
35.681377 139.76608
35.703007 139.77167
35.63545 139.60939
35.698597 139.77303
35.81156 139.61905
35.627525 139.7788
35.659294 139.69527
35.68972 139.69925
35.70888 139.82599
35.5532 139.64682
35.733803 139.79932
35.72973 139.71484
35.625725 139.5198
35.568405 139.55351
35.71337 139.77634
35.728687 139.53944
35.690346 139.69978
35.733627 139.79916
35.709496 139.82799
35.80207 139.75978
35.67245 139.59604
35.568405 139.55351
35.619312 139.77646
35.858692 139.65912
35.719303 139.80365
35.633926 139.71504
35.756912 139.87563
35.677185 139.47217
35.801918 139.71759
35.6916 139.7047
35.649006 139.80243
35.666443 139.77231
35.658524 139.70132
35.698597 139.77303
35.691296 139.73547
35.625633 139.72154
35.7017 139.68886
35.70049 139.77179
35.626667 139.74037
35.630146 139.74043
35.56227 139.71584
35.630146 139.74043
35.69807 139.77548
35.630146 139.74043
35.700817 139.68352
35.658905 139.70258
35.69799 139.6992
35.63368 139.71552
35.705307 139.48239
35.681377 139.76608
35.67304 139.7691
35.686417 139.74405
35.821774 139.67746
35.690804 139.70027
35.71337 139.77634
35.524593 139.6456
35.71477 139.77792
35.616795 139.67593
35.661587 139.66748
35.71337 139.77634
35.66361 139.87271
35.698597 139.77303
35.777225 139.79045
35.64967 139.68773
35.673508 139.81174
35.709908 139.71805
35.690804 139.70027
35.65851 139.70132
35.690804 139.70027
35.648056 139.74164
35.7068 139.82361
35.652943 139.8763
35.560684 139.72372
35.62519 139.77542
35.570168 139.68541
35.703136 139.7715
35.682728 139.70184
35.580467 139.6436
35.729767 139.70413
35.650772 139.68964
35.698597 139.77303
35.70075 139.77191
35.672043 139.76418
35.67059 139.49008
35.566036 139.70534
35.656353 139.4777
35.698677 139.77422
35.619698 139.72855
35.684746 139.77179
35.711803 139.70343
35.711414 139.77718
35.712452 139.77592
35.55133 139.67513
35.858727 139.6582
35.66836 139.6504
35.695896 139.69997
35.55192 139.57928
35.6772 139.7784
35.828426 139.80347
35.698597 139.77303
35.57662 139.55898
35.71337 139.77634
35.66294 139.73221
35.70736 139.77461
35.690804 139.70027
35.657288 139.70178
35.577423 139.55844
35.649006 139.80243
35.778263 139.6847
35.630146 139.74043
35.716927 139.80408
35.658524 139.70132
35.717392 139.78938
35.729866 139.71095
35.620815 139.56972
35.52876 139.70781
35.634468 139.71591
35.699802 139.7718
35.625595 139.77611
35.670757 139.70284
35.589676 139.65263
35.692368 139.70471
35.78015 139.61142
35.66899 139.67972
35.598957 139.64973
35.737362 139.7729
35.705418 139.90285
35.62628 139.7707
35.688557 139.51505
35.555134 139.5778
35.668224 139.60114
35.675144 139.75975
35.531326 139.6969
35.65907 139.70114
35.645733 139.74757
35.657288 139.70363
35.64796 139.74448
35.64807 139.74481
35.588432 139.72792
35.65638 139.75827
35.68083 139.76808
35.66419 139.51125
35.575638 139.67958
35.62535 139.5189
35.70836 139.6149
35.691917 139.70569
35.776566 139.6315
35.663315 139.73212
35.649063 139.69986
35.658707 139.47913
35.76434 139.82733
35.67044 139.59822
35.817394 139.62747
35.62905 139.73985
35.719414 139.73424
35.630146 139.74043
35.58555 139.68224
35.70105 139.68259
35.625725 139.5198
35.679836 139.78006
35.687828 139.78938
35.681282 139.76607
35.799942 139.53238
35.69711 139.77098
35.670242 139.64702
35.681377 139.76608
35.66333 139.75829
35.568405 139.55351
35.60636 139.65779
35.73773 139.72331
35.531326 139.6969
35.653698 139.88194
35.69875 139.87338
35.68126 139.80379
35.682667 139.52788
35.669918 139.7032
35.737926 139.76103
35.698597 139.77303
35.704437 139.54605
35.701 139.77132
35.681377 139.76608
35.585327 139.66885
35.712074 139.76299
35.670685 139.76083
35.648056 139.74164
35.69997 139.77081
35.863064 139.74629
35.662918 139.75995
35.698597 139.77303
35.54892 139.78452
35.690804 139.70027
35.728104 139.77127
35.733433 139.82
35.69981 139.77182
35.737476 139.67398
35.71219 139.7761
35.66605 139.64134
35.57203 139.65591
35.729866 139.71095
35.634907 139.61313
35.72906 139.71898
35.698597 139.77303
35.621395 139.77316
35.66114 139.69893
35.668793 139.75064
35.668793 139.75064
35.696106 139.79253
35.70101 139.80092
35.727703 139.77098
35.628906 139.74069
35.681377 139.76608
35.532036 139.64822
35.70185 139.7624
35.681133 139.76782
35.530727 139.69911
35.610104 139.62494
35.68171 139.76772
35.817646 139.66959
35.685257 139.70947
35.592037 139.75253
35.747467 139.5667
35.610355 139.62605
35.698597 139.77303
35.7054 139.57933
35.683357 139.77045
35.700428 139.77176
35.630146 139.74043
35.630146 139.74043
35.69952 139.77045
35.639664 139.51062
35.62015 139.77214
35.745888 139.8563
35.630146 139.74043
35.686325 139.78227
35.6683 139.7483
35.667194 139.75854
35.70947 139.73347
35.693214 139.70395
35.70427 139.77072
35.693214 139.70395
35.64294 139.669
35.731842 139.72806
35.667248 139.70892
35.718887 139.77646
35.70736 139.77461
35.839645 139.62885
35.663094 139.75504
35.67994 139.76822
35.66093 139.69545
35.66188 139.70105
35.54892 139.78452
35.698597 139.77303
35.62502 139.77519
35.671238 139.53856
35.697464 139.666
35.574738 139.68028
35.70947 139.73347
35.681377 139.76608
35.605373 139.67125
35.71048 139.81331
35.64662 139.6785
35.730625 139.71132
35.690804 139.70027
35.607124 139.6224
35.844013 139.70369
35.65093 139.53673
35.620815 139.56972
35.66188 139.70105
35.69643 139.81395
35.77152 139.86906
35.706512 139.83214
35.631664 139.64478
35.609352 139.7429
35.72992 139.72389
35.681377 139.76608
35.69945 139.76518
35.815445 139.58719
35.69958 139.76523
35.81463 139.58707
35.74684 139.84618
35.71049 139.77332
35.657887 139.47981
35.71052 139.7735
35.743996 139.81157
35.729347 139.71817
35.643745 139.66972
35.782574 139.7218
35.814465 139.58665
35.663494 139.87337
35.6899 139.70042
35.72906 139.71898
35.743736 139.78398
35.68905 139.70381
35.68808 139.69733
35.661587 139.66748
35.625107 139.77927
35.52944 139.70337
35.628475 139.73875
35.68253 139.77226
35.78635 139.86922
35.665115 139.71246
35.628178 139.73788
35.603115 139.50887
35.658733 139.70163
35.6637 139.71024
35.66188 139.70105
35.625595 139.77611
35.68104 139.76688
35.532753 139.70074
35.546387 139.7226
35.550003 139.78647
35.630024 139.74039
35.801918 139.71759
35.713696 139.77751
35.666008 139.7703
35.749645 139.80515
35.581158 139.64288
35.698597 139.77303
35.74224 139.84904
35.711346 139.77505
35.56552 139.67934
35.6434 139.6466
35.672783 139.72403
35.704304 139.58124
35.698597 139.77303
35.711346 139.77505
35.702194 139.54482
35.66807 139.77252
35.64769 139.6236
35.710724 139.68633
35.630627 139.88315
35.682434 139.77393
35.552876 139.57771
35.70034 139.77116
35.54474 139.76775
35.678852 139.76279
35.70427 139.77072
35.62976 139.74153
35.70464 139.60043
35.626667 139.74037
35.528603 139.6996
35.691376 139.69714
35.698597 139.77303
35.699017 139.77463
35.710743 139.7985
35.70075 139.77191
35.628227 139.73871
35.656284 139.70534
35.716766 139.51859
35.672092 139.48042
35.686005 139.73067
35.67885 139.63618
35.651814 139.7093
35.68253 139.77226
35.660175 139.70097
35.69951 139.77045
35.68127 139.5398
35.607494 139.66882
35.628178 139.73788
35.690903 139.69626
35.605427 139.6615
35.672894 139.72363
35.555058 139.57852
35.700253 139.77231
35.67337 139.71982
35.683357 139.77045
35.54892 139.78452
35.670677 139.70253
35.7789 139.7213
35.603752 139.5076
35.68055 139.7684
35.79221 139.71773
35.603115 139.50887
35.70847 139.7536
35.843357 139.67018
35.655605 139.73595
35.55365 139.64606
35.664486 139.69347
35.736355 139.52153
35.66188 139.70105
35.701294 139.70004
35.608467 139.6478
35.690804 139.70027
35.658524 139.70132
35.700325 139.77066
35.70833 139.77087
35.550594 139.78412
35.690804 139.70027
35.703007 139.77167
35.743996 139.81157
35.70075 139.77191
35.769527 139.6611
35.728104 139.77127
35.79648 139.64551
35.651367 139.63664
35.665604 139.75647
35.700737 139.77188
35.7071 139.75293
35.699757 139.57341
35.712467 139.7261
35.658524 139.70132
35.550888 139.78197
35.618225 139.72806
35.594364 139.5734
35.667892 139.81108
35.654747 139.72607
35.61192 139.63881
35.685413 139.74174
35.649715 139.6992
35.55138 139.7884
35.692467 139.70338
35.6259 139.77141
35.531326 139.6969
35.667614 139.63184
35.758183 139.87157
35.69643 139.81395
35.729866 139.71095
35.7299 139.72397
35.611614 139.62645
35.752457 139.87038
35.705585 139.7519
35.72568 139.71951
35.6115 139.62662
35.7121 139.77635
35.68958 139.70146
35.626667 139.74037
35.672268 139.76578
35.68057 139.76549
35.66777 139.69002
35.66188 139.70105
35.729027 139.71109
35.650608 139.76045
35.698597 139.77303
35.69975 139.76552
35.683147 139.7382
35.72056 139.70634
35.625595 139.68224
35.649883 139.68605
35.729866 139.71095
35.649883 139.68605
35.6655 139.72984
35.53087 139.69144
35.649883 139.68605
35.82747 139.66032
35.82747 139.66032
35.657303 139.54356
35.612293 139.62802
35.63974 139.72217
35.712902 139.7039
35.687008 139.70233
35.71115 139.77356
35.6035 139.61752
35.619392 139.5963
35.619698 139.72855
35.603596 139.5085
35.67495 139.7644
35.763435 139.67648
35.67421 139.7645
35.699036 139.77086
35.599953 139.6106
35.634453 139.57898
35.800575 139.7109
35.599834 139.61089
35.738834 139.66277
35.59974 139.61023
35.645924 139.82692
35.672436 139.76341
35.673027 139.76431
35.681377 139.76608
35.729866 139.71095
35.627964 139.77383
35.69343 139.69537
35.71202 139.7984
35.62014 139.7279
35.71167 139.77565
35.670204 139.74982
35.699017 139.77463
35.661926 139.70108
35.67529 139.73618
35.65688 139.75433
35.623257 139.57109
35.826817 139.65268
35.6701 139.7672
35.749645 139.80515
35.603596 139.5085
35.72906 139.71898
35.70645 139.58052
35.698326 139.77162
35.531437 139.69217
35.531437 139.69217
35.62104 139.56946
35.701134 139.70326
35.66188 139.70105
35.776825 139.6189
35.706642 139.84232
35.681377 139.76608
35.78015 139.61142
35.621395 139.77316
35.587322 139.59134
35.726498 139.71877
35.6683 139.7483
35.678417 139.76611
35.67613 139.6432
35.56544 139.65121
35.698597 139.77303
35.712856 139.70625
35.531868 139.7002
35.74111 139.84862
35.66256 139.8745
35.661926 139.70108
35.84314 139.66136
35.680588 139.47177
35.666866 139.74394
35.700073 139.77249
35.70075 139.77191
35.657166 139.7018
35.62015 139.77214
35.76993 139.64404
35.532753 139.70074
35.648365 139.70338
35.69152 139.70125
35.692493 139.70113
35.680862 139.53996
35.73966 139.84958
35.669964 139.48384
35.58071 139.64134
35.532944 139.69577
35.627773 139.73631
35.65589 139.79237
35.66186 139.69849
35.522243 139.7323
35.577423 139.55844
35.774532 139.77026
35.681377 139.76608
35.698597 139.77303
35.532944 139.69577
35.72935 139.71817
35.560482 139.73792
35.66186 139.69849
35.643948 139.61829
35.529568 139.69643
35.66751 139.70692
35.690804 139.70027
35.655617 139.75674
35.660294 139.76347
35.729866 139.71095
35.69158 139.69695
35.681187 139.73361
35.698597 139.77303
35.65496 139.74365
35.60792 139.66939
35.71415 139.61125
35.696365 139.7614
35.66186 139.69849
35.629456 139.65836
35.615482 139.7775
35.63023 139.79137
35.628704 139.65793
35.720066 139.76282
35.7032 139.57991
35.63145 139.65804
35.76955 139.87045
35.696365 139.7614
35.729866 139.71095
35.729866 139.71095
35.62519 139.77542
35.536766 139.70288
35.742035 139.80984
35.64325 139.6651
35.55138 139.7884
35.74954 139.58653
35.70185 139.7714
35.699417 139.59814
35.698597 139.77303
35.803547 139.75914
35.665787 139.73096
35.725487 139.77579
35.78015 139.61142
35.684906 139.7829
35.560684 139.72372
35.663315 139.73212
35.64733 139.74948
35.664696 139.79678
35.647198 139.74033
35.67988 139.76837
35.68833 139.80507
35.68833 139.80507
35.730995 139.7137
35.698166 139.85173
35.538395 139.68039
35.642315 139.71368
35.66998 139.7634
35.67127 139.76564
35.846344 139.66931
35.702847 139.7719
35.696682 139.852
35.690804 139.70027
35.729866 139.71095
35.58582 139.68153
35.627525 139.7788
35.737873 139.65453
35.662266 139.69562
35.71337 139.77634
35.660137 139.72997
35.68055 139.7684
35.66995 139.70686
35.54892 139.78452
35.663837 139.77043
35.8579 139.65738
35.658195 139.70203
35.698597 139.77303
35.66188 139.70105
35.72961 139.70963
