35.7051 139.61958
35.705074 139.6195
35.706276 139.61778
35.55003 139.63368
35.662796 139.72954
35.73511 139.69392
35.65781 139.69864
35.55003 139.63368
35.671238 139.61636
35.732937 139.70978
35.65694 139.70251
35.656696 139.70146
35.62662 139.70331
35.703457 139.48055
35.6845 139.68622
35.68959 139.70152
35.74959 139.86545
35.74948 139.86534
35.69306 139.706
35.702564 139.77379
35.70364 139.70412
35.70234 139.7039
35.69612 139.57051
35.633343 139.71577
35.548695 139.78448
35.548717 139.78352
35.633987 139.71613
35.63414 139.71672
35.62886 139.74304
35.55003 139.63368
35.585953 139.68135
35.705273 139.62036
35.701805 139.60016
35.55003 139.63368
35.706154 139.61827
35.705288 139.62059
35.70583 139.61847
35.56407 139.59436
35.665874 139.89305
35.55003 139.63368
35.69236 139.70094
35.55884 139.5514
35.558224 139.5517
35.709736 139.74364
35.70925 139.66568
35.708874 139.66605
35.70527 139.62048
35.669342 139.76038
35.698307 139.52184
35.708313 139.70877
35.78289 139.78578
35.775223 139.786
35.798077 139.77174
35.69162 139.78555
35.68381 139.86432
35.70954 139.81181
35.64604 139.70726
35.70087 139.78867
35.731293 139.74095
35.642715 139.66753
35.76345 139.53601
35.660305 139.69843
35.690334 139.83562
35.66247 139.7325
35.705585 139.7519
35.626186 139.7128
35.643982 139.65523
35.775227 139.69566
35.67196 139.71667
35.77895 139.69255
35.79037 139.68658
35.799995 139.68442
35.694687 139.70357
35.749413 139.80432
35.732697 139.71503
35.692265 139.70522
35.622944 139.75063
35.705585 139.7519
35.581577 139.74911
35.749413 139.80432
35.732613 139.70837
35.705204 139.61981
35.705685 139.61894
35.70075 139.77191
35.66283 139.69461
35.706318 139.61855
35.54506 139.76903
35.749565 139.8046
35.55003 139.63368
35.658443 139.68604
35.69808 139.76599
35.692204 139.76451
35.706318 139.61855
35.658566 139.74548
35.704643 139.6197
35.67114 139.61859
35.68239 139.58002
35.686024 139.57185
35.55003 139.63368
35.672913 139.7426
35.70148 139.70467
35.665035 139.7125
35.68548 139.57275
35.70148 139.70467
35.6635 139.6991
35.662624 139.69492
35.66428 139.69359
35.691566 139.69997
35.697952 139.768
35.55003 139.63368
35.702843 139.56161
35.809826 139.8424
35.54506 139.76903
35.54896 139.78418
35.697975 139.78648
35.65913 139.57384
35.55003 139.63368
35.69926 139.77391
35.70185 139.77498
35.709938 139.69493
35.710278 139.69298
35.709515 139.69359
35.663982 139.73053
35.713238 139.79237
35.708187 139.69423
35.706814 139.69443
35.67753 139.78246
35.701794 139.69583
35.701714 139.69641
35.70146 139.69888
35.70152 139.69746
35.70621 139.61798
35.706062 139.61818
35.704536 139.69757
35.704777 139.70036
35.704437 139.69946
35.626568 139.72441
35.703255 139.70085
35.701393 139.7007
35.701454 139.7048
35.701233 139.70454
35.701145 139.70502
35.700985 139.70453
35.679714 139.8313
35.637035 139.62105
35.66268 139.73108
35.54874 139.78436
35.547573 139.78491
35.53112 139.69507
35.67993 139.76819
35.741257 139.50195
35.658443 139.68604
35.70148 139.70467
35.707592 139.61615
35.73253 139.70741
35.60993 139.82565
35.658443 139.68604
35.65913 139.57384
35.55003 139.63368
35.70148 139.70467
35.749565 139.8046
35.599888 139.61015
