35.680935 139.7684
35.621464 139.74854
35.69834 139.77312
35.701157 139.70276
35.669693 139.7619
35.689857 139.83566
35.701336 139.7006
35.700756 139.70097
35.700756 139.70097
35.701363 139.70076
35.658066 139.70082
35.64833 139.7109
35.66284 139.5842
35.795 139.69287
35.69584 139.75974
35.695652 139.76068
35.60883 139.67552
35.690628 139.76848
35.686913 139.76361
35.732227 139.71034
35.69897 139.77513
35.662876 139.73146
35.68352 139.76657
35.698776 139.771
35.69488 139.69246
35.64737 139.7105
35.704308 139.57547
35.675144 139.75975
35.693527 139.7659
35.627632 139.63446
35.696423 139.81418
35.675438 139.7629
35.665874 139.89305
35.688694 139.69843
35.72806 139.7192
35.665787 139.73096
35.52214 139.62822
35.69556 139.77588
35.68206 139.78603
35.68352 139.76657
35.665627 139.70703
35.6905 139.7049
35.72496 139.69475
35.647976 139.743
35.729347 139.71817
35.70214 139.77176
35.65788 139.70079
35.662876 139.73146
35.68137 139.76646
35.687008 139.70233
35.567013 139.56464
35.657375 139.70314
35.73258 139.71022
35.69172 139.70235
35.689724 139.7007
35.658516 139.69693
35.675144 139.75975
35.72979 139.55403
35.815395 139.70418
35.695503 139.75171
35.733337 139.73824
35.683777 139.77098
35.670662 139.47913
35.667267 139.77434
35.68341 139.74341
35.667805 139.76108
35.699516 139.57707
35.796738 139.59967
35.70304 139.57986
35.703114 139.58105
35.707344 139.75145
35.703194 139.58093
35.703064 139.58107
35.699406 139.77112
35.68206 139.78603
35.62137 139.74931
35.663 139.76132
35.60883 139.67552
35.697357 139.77515
35.672913 139.7426
35.66188 139.70105
35.662876 139.73146
35.698967 139.76305
35.52214 139.62822
35.77747 139.7211
35.712807 139.70515
35.689857 139.83566
35.62334 139.74983
35.65788 139.70079
35.675144 139.75975
35.68341 139.74341
35.61381 139.62552
35.725784 139.72987
35.65165 139.54399
35.666615 139.77008
35.704338 139.57857
35.627632 139.63446
35.812614 139.72426
35.70497 139.81436
35.75593 139.73853
35.665665 139.76009
35.662876 139.73146
35.63386 139.87872
35.707344 139.75145
35.705585 139.7519
35.701378 139.7046
35.835915 139.79459
35.83639 139.79448
35.672783 139.72403
35.732613 139.70706
35.83963 139.79776
35.701023 139.76927
35.69899 139.77469
35.695892 139.77808
35.633347 139.8789
35.60883 139.67552
35.6834 139.76924
35.83963 139.79785
35.72924 139.71547
35.65788 139.70079
35.839703 139.79749
35.672913 139.7426
35.66793 139.7269
35.704704 139.58154
35.62709 139.77415
35.694897 139.70375
35.839573 139.79762
35.704124 139.5798
35.690685 139.70288
35.63161 139.63855
35.66738 139.7614
35.658596 139.69954
35.52214 139.62822
35.65815 139.69852
35.689323 139.69777
35.65845 139.6983
35.66284 139.5842
35.72568 139.71951
35.726517 139.71898
35.726727 139.71758
35.815716 139.70128
35.654255 139.67297
35.70478 139.62138
35.704346 139.62141
35.56366 139.7161
35.69808 139.76599
35.712452 139.77592
35.711414 139.77718
35.711197 139.79555
35.73285 139.70923
35.699017 139.77463
35.69397 139.69041
35.698544 139.77159
35.689354 139.69801
35.561268 139.7164
35.704704 139.58154
35.60883 139.67552
35.623978 139.72343
35.63196 139.71326
35.66844 139.76079
35.675274 139.73654
35.703453 139.63701
35.688934 139.69759
35.553295 139.64621
35.68352 139.76657
35.7317 139.71315
35.529266 139.6999
35.55884 139.5514
35.69584 139.75974
35.695652 139.76068
35.672268 139.76578
35.659786 139.70114
35.708958 139.79657
35.81478 139.58678
35.52214 139.62822
35.70037 139.77054
35.751396 139.75754
35.65788 139.70079
35.608192 139.6855
35.53227 139.69618
35.67335 139.73718
35.66929 139.76025
35.66117 139.7328
35.681133 139.76782
35.664474 139.7566
35.707344 139.75145
35.665665 139.76009
35.67079 139.68353
35.752937 139.73857
35.65788 139.70079
35.69792 139.64763
35.67092 139.47647
35.760906 139.67468
35.69603 139.68939
35.708805 139.61385
35.6085 139.68535
35.676823 139.76416
35.665848 139.80524
35.75189 139.54503
35.677303 139.76372
35.696068 139.76393
35.57297 139.70538
35.697525 139.81537
35.708958 139.79657
35.664787 139.69463
35.699184 139.7175
35.626007 139.88588
35.80107 139.72743
35.605732 139.70334
35.626446 139.88708
35.80102 139.728
35.713886 139.70444
35.72992 139.716
35.60883 139.67552
35.70752 139.64954
35.668 139.60184
35.661476 139.69853
35.614326 139.66614
35.562847 139.7148
35.563732 139.71558
35.563244 139.71567
35.544693 139.76845
35.700848 139.77087
35.698387 139.77516
35.70034 139.77116
35.696854 139.71324
35.732227 139.71034
35.66319 139.73213
35.703655 139.59705
35.69584 139.75974
35.695652 139.76068
35.58478 139.72954
35.687706 139.70213
35.707344 139.75145
35.59698 139.73831
35.690105 139.69736
35.62521 139.77562
35.66413 139.52701
35.55138 139.7884
35.657444 139.69617
35.679295 139.7712
35.65788 139.70079
35.752544 139.80354
35.699203 139.77043
35.668 139.60184
35.62137 139.74931
35.77572 139.78624
35.662754 139.7606
35.52214 139.62822
35.65195 139.745
35.68935 139.77461
35.688465 139.8265
35.686913 139.76361
35.751396 139.75754
35.66793 139.7269
35.62375 139.74986
35.665123 139.8352
35.70198 139.77058
35.66708 139.7574
35.695045 139.79271
35.662876 139.73146
35.712505 139.79788
35.708958 139.79657
35.689857 139.83566
35.52214 139.62822
35.699017 139.77463
35.710354 139.72026
35.72981 139.71643
35.66794 139.60106
35.66601 139.70444
35.69615 139.75934
35.66717 139.60207
35.669693 139.7619
35.77572 139.78624
35.66723 139.47743
35.65788 139.70079
35.691685 139.70114
35.68503 139.78848
35.6916 139.7047
35.695366 139.75998
35.682495 139.79164
35.700016 139.7697
35.683495 139.79466
35.709133 139.61354
35.708805 139.61385
35.730576 139.70634
35.698746 139.77188
35.689156 139.82352
35.675335 139.69334
35.779778 139.72089
35.682095 139.79955
35.66716 139.60114
35.814808 139.70345
35.6983 139.73997
35.69584 139.75974
35.695652 139.76068
35.72992 139.716
35.699017 139.77463
35.77572 139.78624
35.675438 139.7629
35.60574 139.7353
35.707344 139.75145
35.665787 139.73096
35.624905 139.73936
35.52214 139.62822
35.686462 139.78271
35.798077 139.77174
35.690247 139.70634
35.689877 139.70227
35.701473 139.56042
35.696213 139.77356
35.53092 139.69766
35.55868 139.60765
35.659004 139.69533
35.60574 139.7353
35.699528 139.77039
35.65985 139.70691
35.54506 139.76903
35.60917 139.68558
35.6587 139.69942
35.56366 139.7161
35.665367 139.73106
35.65788 139.70079
35.659428 139.70052
35.681133 139.76782
35.668636 139.70563
35.815395 139.70496
35.709846 139.7908
35.80102 139.72734
35.682556 139.77457
35.80102 139.728
35.672264 139.7633
35.66188 139.70105
35.700756 139.70097
35.693256 139.70148
35.698895 139.77101
35.563515 139.71513
35.673695 139.763
35.70402 139.57907
35.751396 139.75754
35.666817 139.47705
35.700428 139.77176
35.667892 139.75922
35.621395 139.77316
35.655777 139.698
35.703938 139.73422
35.700073 139.77249
35.699738 139.77255
35.699017 139.77463
35.6776 139.76205
35.661583 139.70288
35.699142 139.77238
35.705517 139.73123
35.70664 139.67233
35.70664 139.67233
35.56546 139.68808
35.70664 139.67233
35.682228 139.55031
35.778023 139.72182
35.705776 139.75671
35.7044 139.62102
35.729347 139.71817
35.685905 139.70076
35.54892 139.78452
35.705837 139.72112
35.70261 139.5794
35.66551 139.75975
35.699203 139.77043
35.703518 139.62251
35.70094 139.77055
35.659172 139.69783
35.674904 139.76164
35.72902 139.70932
35.777523 139.71983
35.703644 139.6263
35.580467 139.6436
35.698986 139.77106
35.797337 139.80219
35.70093 139.77065
35.700424 139.77098
35.664646 139.72635
35.664646 139.72635
35.731052 139.68475
35.6902 139.76901
