35.6914 139.69388
35.69556 139.77588
35.684742 139.77444
35.67255 139.90215
35.681133 139.76782
35.660454 139.72945
35.658516 139.77643
35.75859 139.78929
35.708958 139.79657
35.654438 139.75424
35.693047 139.74799
35.6387 139.74004
35.70996 139.7732
35.681133 139.76782
35.703007 139.77167
35.697926 139.6829
35.666565 139.72621
35.65742 139.54025
35.658348 139.54083
35.684353 139.7372
35.664707 139.7395
35.65714 139.75284
35.688915 139.81557
35.725773 139.65385
35.689022 139.8157
35.70853 139.79562
35.665115 139.71246
35.655518 139.75673
35.62821 139.73842
35.749733 139.80539
35.68376 139.76859
35.640244 139.74593
35.66361 139.87271
35.65496 139.74365
35.56807 139.55347
35.6576 139.5428
35.67255 139.90215
35.65916 139.54364
35.6463 139.85765
35.672264 139.47972
35.6723 139.478
35.699802 139.7718
35.693745 139.77089
35.646034 139.827
35.678356 139.69559
35.653866 139.7498
35.665874 139.89305
35.68998 139.69737
35.663948 139.73123
35.69138 139.6975
35.625404 139.74205
35.625393 139.74205
35.6175 139.77936
35.670364 139.7433
35.62759 139.74197
35.655567 139.7366
35.68329 139.74384
35.702488 139.58
35.63134 139.74564
35.66745 139.80324
35.66551 139.7686
35.691914 139.77051
35.55138 139.7884
35.54896 139.7846
35.66361 139.87271
35.678345 139.7401
35.667194 139.75854
35.75849 139.62885
35.682495 139.79164
35.62549 139.72418
35.68659 139.76591
35.568336 139.55385
35.617565 139.77722
35.627888 139.7407
35.686005 139.88293
35.620358 139.72896
35.714367 139.76004
35.7106 139.79791
35.61393 139.6907
35.679367 139.73566
35.709316 139.77298
35.678825 139.76315
35.660313 139.72957
35.550365 139.78862
35.687084 139.76546
35.671974 139.74118
35.574795 139.65721
35.663315 139.73212
35.581577 139.74911
35.652225 139.51172
35.562923 139.56981
35.58132 139.74873
35.669193 139.62373
35.679466 139.74146
35.52512 139.7163
35.659573 139.72859
35.665146 139.75688
35.545498 139.57452
35.66735 139.80396
35.665493 139.73593
35.690594 139.69257
35.655518 139.75673
35.660454 139.72945
35.686356 139.78224
35.662106 139.72865
35.703056 139.77466
35.667534 139.76181
35.67737 139.75175
35.72129 139.75206
35.733875 139.73866
35.6731 139.74077
35.534855 139.6995
35.66895 139.69131
35.660454 139.72945
35.66051 139.72922
35.665436 139.75516
35.566597 139.73633
35.68468 139.76605
35.696915 139.77547
35.660454 139.72945
35.62412 139.72897
35.69133 139.69708
35.721226 139.7071
35.674477 139.69328
35.696877 139.81424
35.665623 139.75359
35.60909 139.68552
35.551235 139.67545
35.672783 139.72403
35.561356 139.57509
35.672874 139.72414
35.69086 139.70485
35.709442 139.69492
35.553474 139.5785
35.61279 139.54861
35.699234 139.7744
35.647793 139.68007
35.68848 139.78815
35.660923 139.75146
35.672485 139.72467
35.666443 139.75287
35.732876 139.71356
35.70357 139.75511
35.72935 139.71817
35.66361 139.87271
35.693676 139.69585
35.707104 139.78127
35.706306 139.58107
35.669533 139.75551
35.553753 139.57817
35.554386 139.57903
35.669594 139.82266
35.517906 139.6313
35.729897 139.74742
35.625362 139.72389
35.663406 139.73221
35.679558 139.7627
35.71014 139.8134
35.667164 139.76404
35.730976 139.70956
35.55456 139.57632
35.55138 139.7884
35.560253 139.72304
35.660294 139.72928
35.665115 139.71246
35.666157 139.75005
35.7244 139.75363
35.688103 139.69345
35.67965 139.77997
35.562923 139.56981
35.562923 139.56981
35.660454 139.72945
35.628407 139.73854
35.688004 139.69899
35.692333 139.77127
35.69064 139.6954
35.718975 139.7275
35.63924 139.74734
35.66051 139.72922
35.682617 139.76433
35.698227 139.76414
35.745895 139.74231
35.682133 139.77185
35.673893 139.75096
35.650818 139.74742
35.669777 139.53761
35.69556 139.77588
35.827908 139.65381
35.739002 139.76184
35.61769 139.7287
35.69687 139.79745
35.643745 139.66972
35.63658 139.58766
35.695503 139.75171
35.65024 139.74709
35.69505 139.76668
35.669533 139.75551
35.66958 139.74799
35.56407 139.59436
35.700363 139.75043
35.660294 139.72928
35.713806 139.73122
35.666435 139.76564
35.690666 139.70084
35.700363 139.75043
35.68241 139.68742
35.690666 139.70084
35.63072 139.74324
35.629295 139.73672
35.658596 139.69954
35.672558 139.76324
35.66103 139.7296
35.682796 139.68687
35.676685 139.77812
35.701916 139.74498
35.64707 139.72185
35.66446 139.89249
35.64668 139.7104
35.665874 139.89305
35.55481 139.74033
35.733353 139.88202
35.561356 139.57509
35.688602 139.69894
35.688602 139.69894
35.655567 139.5437
35.671738 139.72409
35.68206 139.78603
35.67272 139.73962
35.678345 139.7401
35.667458 139.74518
35.684742 139.77444
35.727695 139.76671
35.809425 139.53238
35.708267 139.77386
35.672043 139.76418
35.76322 139.65948
35.730274 139.71138
35.66088 139.72832
35.638855 139.73798
35.58192 139.59547
35.682533 139.7737
35.586864 139.70593
35.67839 139.74004
35.699654 139.77237
35.67272 139.73962
35.708958 139.79657
35.665115 139.71246
35.654884 139.73717
35.66361 139.87271
35.67435 139.76704
35.586864 139.70593
35.64898 139.74466
35.705093 139.56142
35.655518 139.75673
35.688915 139.81557
35.68998 139.69737
35.58841 139.57042
35.689022 139.8157
35.664932 139.76692
35.654366 139.75688
35.703007 139.77167
35.69295 139.72679
35.646603 139.71204
35.56807 139.55347
35.6748 139.67113
35.693745 139.77089
35.70853 139.79562
35.749035 139.57002
35.640244 139.746
35.667267 139.73871
35.689003 139.69742
35.647068 139.71239
35.587715 139.56621
35.699383 139.52017
35.662876 139.73146
35.6933 139.69202
35.65556 139.73633
35.549126 139.66998
35.66151 139.72952
35.68903 139.81567
35.59119 139.55368
35.699802 139.7718
35.682533 139.7737
35.745434 139.71965
35.667534 139.765
35.61309 139.65137
35.68376 139.76859
35.691418 139.6973
35.677013 139.73705
35.684803 139.76949
35.693066 139.69656
35.61169 139.62883
35.682278 139.68684
35.56807 139.55347
35.694393 139.69281
35.699226 139.77441
35.68659 139.76591
35.7509 139.75264
35.68315 139.769
35.553474 139.5785
35.669685 139.76726
35.686005 139.88293
35.642574 139.75008
35.620197 139.72873
35.626537 139.72334
35.687084 139.76546
35.549618 139.62015
35.677742 139.7668
35.725594 139.77663
35.7106 139.79791
35.670395 139.7432
35.6905 139.7
35.6175 139.77936
35.69138 139.73672
35.65943 139.70056
35.699173 139.77255
35.64038 139.748
35.545498 139.57452
35.75971 139.7139
35.655518 139.75673
35.694153 139.6876
35.648056 139.74164
35.609837 139.74799
35.69414 139.68767
35.71215 139.79645
35.667427 139.76126
35.762096 139.82492
35.75283 139.73819
35.562923 139.56981
35.530804 139.69978
35.554085 139.60521
35.581577 139.74911
35.55138 139.7884
35.6981 139.76419
35.618374 139.72757
35.66319 139.73213
35.58132 139.74873
35.672962 139.73732
35.62412 139.72885
35.672867 139.76317
35.566597 139.73633
35.672318 139.79456
35.690594 139.69257
35.76358 139.72708
35.658596 139.69954
35.69336 139.55948
35.683777 139.78214
35.708958 139.79657
35.656593 139.5441
35.69086 139.70485
35.672874 139.72414
35.678345 139.7401
35.553474 139.5785
35.659733 139.79109
35.672485 139.72467
35.672543 139.72511
35.561356 139.57509
35.55129 139.78859
35.55138 139.7884
35.67882 139.66568
35.53082 139.69954
35.67218 139.7532
35.549835 139.6032
35.64914 139.69937
35.673203 139.76047
35.61279 139.54861
35.655567 139.5437
35.647793 139.68007
35.63706 139.73097
35.707104 139.78127
35.671577 139.74126
35.581577 139.74911
35.732876 139.71356
35.686356 139.78224
35.686356 139.78224
35.729664 139.7147
35.644188 139.73416
35.673046 139.75992
35.562923 139.56981
35.700428 139.75044
35.662876 139.73146
35.703056 139.77466
35.660923 139.75146
35.75849 139.62885
35.670204 139.74982
35.628628 139.7384
35.66096 139.75142
35.553753 139.57817
35.554386 139.57903
35.55342 139.57712
35.659424 139.74129
35.662106 139.72865
35.55456 139.57632
35.67965 139.77997
35.739113 139.76193
35.73884 139.76141
35.66464 139.76192
35.562923 139.56981
35.61769 139.7287
35.710903 139.78317
35.69556 139.77588
35.65617 139.54443
35.766125 139.80922
35.673893 139.75096
35.690754 139.76483
35.679836 139.78006
35.692333 139.77127
35.517956 139.63097
35.70829 139.76941
35.651024 139.74742
35.689396 139.8262
35.603523 139.73239
35.625362 139.72389
35.649956 139.74835
35.622005 139.72876
35.604374 139.68396
35.74978 139.80547
35.7244 139.75363
35.749565 139.8046
35.667458 139.74518
35.62904 139.74416
35.629185 139.73631
35.679466 139.74019
35.688103 139.69345
35.697773 139.7517
35.664707 139.7395
35.67996 139.78009
35.70947 139.73347
35.68241 139.68742
35.66472 139.76166
35.695816 139.7685
35.655243 139.69376
35.704395 139.79514
35.66051 139.72922
35.65037 139.74805
35.68599 139.76343
35.660454 139.72945
35.656593 139.5441
35.56407 139.59436
35.55138 139.7884
35.55474 139.74023
35.674576 139.76146
35.68659 139.76591
35.660454 139.72945
35.737408 139.65475
35.69808 139.76599
35.693676 139.69585
35.69747 139.76152
35.66735 139.80396
35.710358 139.73125
35.66361 139.87271
35.85744 139.64835
35.625935 139.71622
35.55138 139.7884
35.67124 139.59236
35.671696 139.72449
35.67238 139.79486
35.725525 139.76321
35.65973 139.72343
35.684742 139.77444
35.65375 139.79544
35.54506 139.76903
35.681133 139.76782
35.67255 139.90215
35.69052 139.6864
35.708958 139.79657
35.665115 139.71246
35.66605 139.64134
35.751514 139.54486
35.68376 139.76859
35.861748 139.655
35.66361 139.87271
35.6455 139.69736
35.701088 139.74321
35.626537 139.72334
35.648273 139.75502
35.68812 139.7003
35.674225 139.78232
35.62821 139.73842
35.662273 139.75816
35.647015 139.74838
35.698154 139.75395
35.673725 139.78305
35.6387 139.74004
35.688915 139.81557
35.65886 139.69978
35.689022 139.8157
35.620358 139.72896
35.778942 139.60391
35.67382 139.78369
35.655518 139.75673
35.75075 139.58206
35.647522 139.74843
35.69945 139.7628
35.640594 139.70251
35.682068 139.79874
35.68329 139.74384
35.637856 139.7528
35.653866 139.7498
35.665123 139.80138
35.675083 139.76904
35.59788 139.60504
35.69133 139.69708
35.68848 139.78815
35.566597 139.73633
35.583393 139.64024
35.572834 139.76306
35.686005 139.88293
35.711823 139.77766
35.6727 139.72406
35.679466 139.74146
35.679085 139.77995
35.646687 139.71132
35.636555 139.7346
35.686325 139.78227
35.702488 139.58
35.59119 139.55368
35.65862 139.71257
35.634357 139.73662
35.698475 139.7612
35.672485 139.72467
35.697926 139.6829
35.64562 139.82626
35.636276 139.73322
35.640522 139.52092
35.68468 139.76605
35.635834 139.73135
35.634975 139.88437
35.667534 139.76181
35.656868 139.75455
35.7403 139.70969
35.71401 139.777
35.7119 139.79642
35.662865 139.62268
35.71473 139.79674
35.655518 139.75673
35.762096 139.82492
35.679085 139.77995
35.548985 139.78438
35.76363 139.72768
35.665146 139.75688
35.682495 139.79164
35.776566 139.6315
35.647793 139.68007
35.63227 139.73071
35.62412 139.72897
35.679836 139.78006
35.670265 139.75047
35.690594 139.69257
35.63974 139.72217
35.674995 139.6709
35.665436 139.75516
35.764908 139.72623
35.672417 139.73651
35.67737 139.75175
35.699173 139.77255
35.68805 139.69205
35.713356 139.70502
35.630386 139.7291
35.581577 139.74911
35.656403 139.796
35.68034 139.7678
35.665623 139.75359
35.682728 139.77885
35.734997 139.75348
35.55138 139.7884
35.640957 139.74767
35.61169 139.62883
35.707344 139.75145
35.672417 139.73642
35.551235 139.67545
35.68133 139.7679
35.666443 139.75287
35.696877 139.81424
35.68402 139.73769
35.690556 139.70593
35.6762 139.69937
35.659706 139.79143
35.604458 139.73412
35.653706 139.5383
35.85857 139.6569
35.76133 139.70552
35.671665 139.76653
35.694153 139.6876
35.658516 139.70134
35.69414 139.68767
35.581577 139.74911
35.68468 139.76605
35.632812 139.88031
35.73441 139.76874
35.655933 139.71118
35.665787 139.73096
35.70357 139.75511
35.52997 139.69966
35.70356 139.56116
35.705093 139.56142
35.65886 139.69978
35.692333 139.77127
35.653595 139.54399
35.704525 139.56154
35.67882 139.66568
35.55481 139.74033
35.69086 139.70485
35.562923 139.56981
35.67648 139.78227
35.858875 139.75368
35.707104 139.78127
35.680363 139.76471
35.604374 139.68396
35.660923 139.75146
35.67965 139.77997
35.711884 139.77039
35.673374 139.81613
35.561356 139.57509
35.68815 139.70023
35.65548 139.71176
35.672558 139.76324
35.553753 139.57817
35.74744 139.85716
35.65617 139.54443
35.665146 139.75688
35.56101 139.71494
35.553345 139.64684
35.55342 139.57712
35.55456 139.57632
35.709442 139.69492
35.59145 139.70898
35.65526 139.70079
35.562923 139.56981
35.55138 139.7884
35.649956 139.74835
35.66254 139.74501
35.69086 139.70485
35.69556 139.77588
35.681015 139.77141
35.561142 139.71815
35.680347 139.7014
35.553474 139.5785
35.70776 139.70464
35.699234 139.7744
35.709316 139.77298
35.67853 139.78108
35.518074 139.63144
35.67382 139.78369
35.665634 139.73163
35.67118 139.76535
35.73599 139.67259
35.697952 139.70743
35.708958 139.79657
35.550964 139.63808
35.712986 139.77567
35.70947 139.73347
35.721207 139.50076
35.64879 139.63623
35.545597 139.78625
35.666435 139.76564
35.68241 139.68742
35.682796 139.68687
35.667458 139.74518
35.70357 139.75511
35.685696 139.74164
35.66279 139.75963
35.729816 139.71098
35.688602 139.69894
35.68236 139.76624
35.707546 139.66289
35.693638 139.75409
35.797108 139.6017
35.72871 139.71846
35.67255 139.90215
35.6568 139.75714
35.684742 139.77444
35.7259 139.7922
35.65679 139.75322
35.626537 139.72334
35.688915 139.81557
35.689022 139.8157
35.624733 139.71384
35.6914 139.69388
35.708958 139.79657
35.75069 139.75781
35.730198 139.71167
35.682533 139.7737
35.70947 139.73347
35.68376 139.76859
35.67996 139.78009
35.54506 139.76903
35.71365 139.77692
35.744183 139.8113
35.695488 139.77281
35.665115 139.71246
35.72722 139.7908
35.572884 139.66524
35.695503 139.75171
35.548985 139.78438
35.70853 139.79562
35.675083 139.76904
35.64268 139.62784
35.643734 139.6268
35.635338 139.71771
35.67135 139.59256
35.681248 139.76749
35.65688 139.75433
35.655518 139.75673
35.55138 139.7884
35.645897 139.82625
35.640244 139.74593
35.730274 139.71138
35.68382 139.70168
35.573906 139.66585
35.703007 139.77167
35.637695 139.71365
35.63951 139.71165
35.64077 139.71269
35.62225 139.70366
35.693745 139.77089
35.70824 139.73308
35.686005 139.88293
35.564438 139.71645
35.645073 139.49763
35.65496 139.74365
35.69133 139.69708
35.66985 139.703
35.68251 139.76492
35.653866 139.7498
35.729496 139.7913
35.678345 139.7401
35.699802 139.7718
35.702488 139.58
35.62923 139.7145
35.62923 139.7145
35.56807 139.55347
35.637856 139.7528
35.71377 139.77728
35.666973 139.75967
35.7119 139.79642
35.655518 139.75673
35.681366 139.68884
35.629868 139.79427
35.562923 139.56981
35.670204 139.74982
35.666496 139.80487
35.72679 139.80034
35.679836 139.78006
35.734997 139.75348
35.67526 139.6709
35.667427 139.76126
35.535324 139.58948
35.56935 139.57217
35.628906 139.74168
35.7403 139.70969
35.711414 139.77718
35.66895 139.69131
35.676334 139.78603
35.737045 139.7514
35.670063 139.75012
35.658184 139.7029
35.665146 139.75688
35.54485 139.76906
35.581577 139.74911
35.672188 139.76749
35.618374 139.72757
35.58132 139.74873
35.696877 139.81424
35.54506 139.76903
35.736416 139.74997
35.561356 139.57509
35.562923 139.56981
35.561996 139.5743
35.65907 139.70058
35.66279 139.75963
35.696915 139.77547
35.66735 139.80396
35.737576 139.74904
35.688602 139.69894
35.665436 139.75516
35.730408 139.71115
35.68652 139.76619
35.72129 139.75206
35.55138 139.7884
35.682728 139.77885
35.679085 139.77995
35.581577 139.74911
35.68659 139.76591
35.665497 139.75964
35.699234 139.7744
35.561356 139.57509
35.545498 139.57452
35.675674 139.76346
35.666443 139.75287
35.665115 139.71246
35.70745 139.75157
35.62412 139.72897
35.70717 139.75145
35.70728 139.75165
35.70275 139.74886
35.68468 139.76605
35.74744 139.85716
35.692333 139.77127
35.617565 139.77722
35.640957 139.74767
35.672264 139.47972
35.676926 139.78554
35.709316 139.77298
35.68206 139.78603
35.672485 139.72467
35.69414 139.68767
35.68848 139.78815
35.707104 139.78127
35.85857 139.6569
35.55204 139.78706
35.666157 139.75005
35.679466 139.74146
35.628906 139.74168
35.69556 139.77588
35.64778 139.67902
35.670204 139.74982
35.707485 139.74936
35.69747 139.76152
35.663193 139.75963
35.690018 139.70033
35.659706 139.79143
35.545498 139.57452
35.67965 139.77997
35.681015 139.77141
35.649353 139.74811
35.679287 139.78653
35.678875 139.78748
35.598248 139.71857
35.65617 139.54443
35.72283 139.79356
35.708855 139.74806
35.647793 139.68007
35.70132 139.58228
35.688602 139.69894
35.656593 139.5441
35.562923 139.56981
35.667458 139.74518
35.680393 139.73459
35.55138 139.7884
35.671707 139.72449
35.665634 139.73163
35.55138 139.7884
35.67867 139.78706
35.531555 139.69714
35.619076 139.73056
35.695736 139.74919
35.660923 139.75146
35.729897 139.74742
35.712467 139.70784
35.75849 139.62885
35.686607 139.68893
35.682796 139.68687
35.64506 139.88751
35.70547 139.70786
35.776566 139.6315
35.701916 139.74498
35.65886 139.69978
35.684742 139.77444
35.67255 139.90215
35.6762 139.69937
35.78635 139.86922
35.596626 139.73544
35.598248 139.71857
35.66879 139.70477
35.708958 139.79657
35.67988 139.76837
35.669064 139.75993
35.665115 139.71246
35.627026 139.88905
35.691685 139.70114
35.647015 139.74838
35.711098 139.78261
35.616444 139.7274
35.65513 139.76227
35.655216 139.76242
35.531166 139.69632
35.6455 139.69736
35.673283 139.78331
35.679836 139.78006
35.674774 139.76878
35.654995 139.54503
35.67882 139.66568
35.735096 139.71048
35.678562 139.64528
35.58192 139.59547
35.690784 139.70636
35.640244 139.74593
35.62821 139.73842
35.778942 139.60391
35.703217 139.58072
35.655212 139.76244
35.66427 139.78465
35.665974 139.75832
35.677948 139.7792
35.55138 139.7884
35.69648 139.81502
35.688873 139.6823
35.587822 139.56647
35.626045 139.63332
35.670364 139.7433
35.698128 139.77339
35.745617 139.71957
35.645016 139.52689
35.68986 139.77737
35.797127 139.6
35.637856 139.7528
35.79679 139.60036
35.699234 139.7744
35.653866 139.7498
35.67382 139.78369
35.68652 139.76619
35.69366 139.78535
35.69138 139.73672
35.610542 139.62587
35.704323 139.75931
35.670204 139.74982
35.670063 139.75012
35.65496 139.74365
35.68659 139.76591
35.757706 139.59071
35.686325 139.78227
35.67846 139.78137
35.700214 139.774
35.690903 139.69626
35.687084 139.76546
35.6175 139.77936
35.660175 139.73029
35.723366 139.62022
35.547756 139.78514
35.667427 139.76126
35.7106 139.79791
35.658905 139.70258
35.545498 139.57452
35.565716 139.65562
35.6701 139.70648
35.66534 139.76097
35.68206 139.78603
35.6933 139.69202
35.669685 139.76726
35.681133 139.76782
35.549618 139.62015
35.709316 139.77298
35.647793 139.68007
35.67282 139.72403
35.581577 139.74911
35.665436 139.75516
35.672485 139.72467
35.677013 139.73705
35.72129 139.75206
35.695736 139.74919
35.62412 139.72897
35.662075 139.73094
35.62741 139.73932
35.66279 139.75963
35.703056 139.77466
35.71637 139.7765
35.582172 139.74872
35.690517 139.66693
35.66361 139.87271
35.68468 139.76605
35.672405 139.73601
35.66464 139.76192
35.6054 139.50659
35.693676 139.69585
35.660923 139.75146
35.666443 139.75287
35.66188 139.70105
35.65992 139.70383
35.561356 139.57509
35.65491 139.7962
35.69086 139.70485
35.635338 139.71771
35.678875 139.78748
35.67852 139.74149
35.656403 139.796
35.553345 139.64684
35.700363 139.75043
35.74744 139.85716
35.553474 139.5785
35.68652 139.76619
35.66472 139.76166
35.729897 139.70303
35.700436 139.75043
35.698307 139.73396
35.67867 139.78706
35.666157 139.75005
35.707104 139.78127
35.709442 139.69492
35.545498 139.57452
35.692333 139.77127
35.673576 139.76024
35.70023 139.73346
35.660595 139.70715
35.659706 139.79143
35.666435 139.76564
35.562923 139.56981
35.672558 139.76324
35.655575 139.54433
35.75849 139.62885
35.696472 139.61305
35.69556 139.77588
35.55138 139.7884
35.74978 139.80547
35.650818 139.74742
35.745895 139.74231
35.643555 139.68134
35.701916 139.74498
35.730473 139.7027
35.66735 139.80396
35.649956 139.74835
35.629456 139.65836
35.688103 139.69345
35.649 139.74165
35.704395 139.79514
35.564438 139.71645
35.664585 139.85939
35.698257 139.75453
35.670204 139.74982
35.562923 139.56981
35.688602 139.69894
35.55138 139.7884
35.65024 139.74709
35.70357 139.75511
35.69025 139.70071
35.631775 139.65897
35.67526 139.6709
35.714367 139.76004
35.672485 139.72467
35.68133 139.7679
35.727074 139.77145
35.65643 139.54462
35.686954 139.77313
35.74953 139.69122
35.71406 139.77408
35.62957 139.77861
35.686733 139.77293
35.564438 139.71645
35.74801 139.80661
35.561356 139.57509
35.644817 139.7
35.689396 139.8262
35.70947 139.73347
35.685696 139.74164
35.650482 139.7028
35.667458 139.74518
35.643646 139.74432
35.629868 139.79427
35.737408 139.65475
35.70728 139.75165
35.66021 139.7095
35.619076 139.73056
35.561356 139.57509
35.77976 139.62537
35.708725 139.73714
35.677635 139.76259
35.684742 139.77444
35.626537 139.72334
35.63924 139.74734
35.71176 139.68492
35.681133 139.76782
35.58042 139.75526
35.672318 139.79456
35.580647 139.75499
35.68318 139.77556
35.66605 139.64134
35.531166 139.69632
35.69808 139.7731
35.762096 139.82492
35.681984 139.78778
35.586864 139.70593
35.778942 139.60391
35.729897 139.74742
35.66361 139.87271
35.62741 139.73932
35.713806 139.73122
35.703007 139.77167
35.6455 139.69736
35.665115 139.71246
35.67435 139.76704
35.533382 139.68527
35.655518 139.75673
35.747066 139.80128
35.683445 139.65714
35.696106 139.77527
35.683914 139.73897
35.686005 139.88293
35.655216 139.76242
35.69799 139.6992
35.684025 139.7013
35.640244 139.74593
35.699615 139.7714
35.697926 139.6829
35.75075 139.58206
35.699802 139.7718
35.699234 139.7744
35.66361 139.87271
35.632362 139.69957
35.632492 139.6995
35.632446 139.69846
35.65496 139.74365
35.627907 139.74077
35.757706 139.59071
35.712635 139.79247
35.673264 139.7203
35.610542 139.62587
35.68402 139.73769
35.684803 139.76949
35.679085 139.77995
35.824894 139.72577
35.634357 139.73662
35.628033 139.73857
35.654896 139.74059
35.636276 139.73322
35.69138 139.73672
35.734997 139.75348
35.684464 139.7713
35.682987 139.7383
35.635834 139.73135
35.620358 139.72896
35.691715 139.69864
35.68659 139.76591
35.564438 139.71645
35.66895 139.69131
35.684723 139.76605
35.665146 139.75688
35.60229 139.72086
35.689976 139.69824
35.762096 139.82492
35.737045 139.7514
35.688602 139.69894
35.69648 139.81502
35.75849 139.62885
35.5305 139.69832
35.741 139.54068
35.687084 139.76546
35.681366 139.68884
35.581577 139.74911
35.736416 139.74997
35.690243 139.6968
35.694275 139.77086
35.64778 139.67902
35.673893 139.75096
35.69133 139.69708
35.63227 139.73071
35.7106 139.79791
35.690594 139.69257
35.737774 139.74916
35.56807 139.55347
35.737576 139.74904
35.72129 139.75206
35.856976 139.65128
35.647522 139.74843
35.70044 139.75043
35.665623 139.75359
35.69975 139.76552
35.562923 139.56981
35.735203 139.80968
35.554386 139.57903
35.630386 139.7291
35.730408 139.71115
35.566597 139.73633
35.617565 139.77722
35.55366 139.57912
35.67737 139.75175
35.553875 139.57817
35.662273 139.75816
35.68468 139.76605
35.647793 139.68007
35.557846 139.70256
35.550594 139.78412
35.666443 139.75287
35.703056 139.77466
35.660923 139.75146
35.60221 139.61101
35.85857 139.6569
35.66959 139.8176
35.671486 139.72159
35.65526 139.70079
35.686607 139.68893
35.561356 139.57509
35.692333 139.77127
35.530804 139.69978
35.562923 139.56981
35.53112 139.69507
35.665314 139.75154
35.532288 139.69589
35.664707 139.7395
35.65742 139.54025
35.659424 139.74129
35.71324 139.77711
35.666157 139.75005
35.697815 139.7752
35.618374 139.72757
35.561356 139.57509
35.693676 139.69585
35.566597 139.73633
35.650482 139.7028
35.701916 139.74498
35.65581 139.79628
35.636105 139.88339
35.67965 139.77997
35.706238 139.6452
35.7403 139.70969
35.70619 139.64697
35.561356 139.57509
35.706055 139.64822
35.67687 139.82703
35.698723 139.77286
35.729897 139.74742
35.709442 139.69492
35.703205 139.79095
35.650818 139.74742
35.69556 139.77588
35.700287 139.82527
35.65024 139.74709
35.660366 139.72897
35.707104 139.78127
35.66279 139.75963
35.689396 139.8262
35.55342 139.57712
35.55456 139.57632
35.695503 139.75171
35.695736 139.74919
35.665634 139.73163
35.693745 139.77089
35.63287 139.66063
35.704395 139.79514
35.68241 139.68742
35.682796 139.68687
35.679836 139.78006
35.694153 139.6876
35.69414 139.68767
35.855587 139.64865
35.669685 139.81706
35.665028 139.59357
35.65943 139.70056
35.673374 139.81613
35.76133 139.70552
35.627285 139.72054
35.697815 139.77377
35.655468 139.74707
35.667458 139.74518
35.619076 139.73056
35.70163 139.74664
35.67846 139.78137
35.626423 139.8846
35.666435 139.76564
35.675926 139.73613
35.55243 139.64749
35.56407 139.59436
35.722614 139.80995
35.75859 139.78929
35.54896 139.78418
35.655155 139.85255
35.581158 139.64288
35.64778 139.67902
35.78823 139.61314
35.663677 139.76884
35.626537 139.72334
35.708958 139.79657
35.697926 139.6829
35.71109 139.79636
35.663635 139.76958
35.55539 139.7886
35.676647 139.76366
35.685467 139.62971
35.733677 139.67113
35.67255 139.90215
35.703938 139.73422
35.679085 139.77995
35.783016 139.68567
35.624557 139.73909
35.81554 139.58675
35.723236 139.72287
35.645016 139.52689
35.730274 139.71138
35.69086 139.70485
35.690517 139.66693
35.66051 139.72922
35.68022 139.76833
35.578987 139.70526
35.692787 139.85019
35.68903 139.81567
35.730408 139.71115
35.55138 139.7884
35.580414 139.66191
35.681023 139.768
35.68972 139.70695
35.692184 139.69711
35.557514 139.7236
35.68468 139.76605
35.68315 139.769
35.6441 139.70259
35.679836 139.78006
35.700184 139.56099
35.587837 139.72568
35.628723 139.73978
35.59987 139.74512
35.64895 139.80295
35.554386 139.57903
35.55366 139.57912
35.553875 139.57817
35.678116 139.74248
35.63231 139.87917
35.55127 139.78758
35.551292 139.78741
35.67852 139.74428
35.632553 139.66017
35.66413 139.52701
35.672867 139.76317
35.669155 139.49486
35.791878 139.64587
35.69826 139.82584
35.69017 139.69893
35.67996 139.78009
35.689396 139.8262
35.687565 139.79738
35.69031 139.84593
35.673203 139.76047
35.724518 139.76292
35.66478 139.75764
35.66427 139.78465
35.665874 139.89305
35.646015 139.80153
35.698494 139.77219
35.673046 139.75992
35.588375 139.73547
35.723804 139.64914
35.684742 139.77444
35.732124 139.76678
35.626537 139.72334
35.67255 139.90215
35.664455 139.79681
35.66361 139.87271
35.618725 139.72801
35.710037 139.8107
35.688915 139.81557
35.725525 139.76321
35.665115 139.71246
35.708958 139.79657
35.661373 139.72917
35.60354 139.73244
35.665115 139.71246
35.846527 139.66934
35.848515 139.66885
35.631786 139.73436
35.672318 139.79456
35.6455 139.69736
35.700256 139.48103
35.855843 139.77283
35.58937 139.73013
35.58937 139.73013
35.66361 139.87271
35.586864 139.70593
35.82136 139.6284
35.60487 139.73476
35.66879 139.70477
35.699444 139.76181
35.62821 139.73842
35.703007 139.77167
35.778942 139.60391
35.55138 139.7884
35.70853 139.79562
35.690784 139.70636
35.69981 139.77182
35.660313 139.72957
35.70185 139.7624
35.83974 139.65001
35.6925 139.74088
35.70357 139.75511
35.640244 139.74593
35.684353 139.7372
35.697926 139.6829
35.618374 139.72757
35.685017 139.77151
35.66959 139.8176
35.836678 139.68079
35.672203 139.79579
35.65496 139.74365
35.6867 139.7034
35.587822 139.56647
35.625404 139.74205
35.627907 139.74077
35.626568 139.7414
35.63023 139.79137
35.64694 139.74736
35.62759 139.74197
35.68402 139.73769
35.68998 139.69737
35.59119 139.55368
35.56807 139.55347
35.653866 139.7498
35.676334 139.78603
35.647522 139.74843
35.68251 139.76492
35.611065 139.62582
35.669468 139.81882
35.67487 139.67111
35.678078 139.76706
35.779667 139.6897
35.68342 139.73878
35.69138 139.73672
35.66745 139.80324
35.620358 139.72896
35.68972 139.70695
35.6175 139.77936
35.7403 139.70969
35.68972 139.70695
35.699173 139.77255
35.707188 139.66376
35.673283 139.78331
35.558365 139.71373
35.58041 139.6633
35.766956 139.82068
35.61393 139.6907
35.62412 139.72897
35.67282 139.72403
35.688602 139.69894
35.73479 139.75394
35.73479 139.75394
35.687084 139.76546
35.712025 139.7035
35.69747 139.68286
35.706238 139.6452
35.72797 139.77124
35.70619 139.64697
35.706055 139.64822
35.660366 139.72897
35.55138 139.7884
35.763786 139.72733
35.679085 139.77995
35.68677 139.7666
35.762096 139.82492
35.672485 139.72467
35.72129 139.75206
35.56459 139.61174
35.68659 139.76591
35.672264 139.47972
35.54506 139.76903
35.679466 139.74146
35.65678 139.79576
35.70113 139.48145
35.65728 139.75331
35.549618 139.62015
35.562923 139.56981
35.682987 139.7383
35.736496 139.75177
35.73007 139.71114
35.628696 139.73965
35.553825 139.78769
35.659424 139.74129
35.670364 139.7433
35.75849 139.62885
35.671703 139.74149
35.681366 139.68884
35.696915 139.77547
35.709442 139.69492
35.634357 139.73662
35.683777 139.78214
35.6054 139.50659
35.68468 139.76605
35.736416 139.74997
35.562923 139.56981
35.636276 139.73322
35.699234 139.7744
35.561356 139.57509
35.69133 139.69708
35.682728 139.77885
35.845795 139.64745
35.661514 139.72946
35.68206 139.78603
35.566597 139.73633
35.665146 139.75688
35.635834 139.73135
35.655216 139.76242
35.70357 139.75511
35.7218 139.70636
35.738186 139.76033
35.6576 139.75305
35.766125 139.80922
35.6701 139.70648
35.562923 139.56981
35.689396 139.8262
35.618374 139.72757
35.67737 139.75175
35.709385 139.67093
35.55138 139.7884
35.66557 139.76068
35.63227 139.73071
35.561356 139.57509
35.69556 139.77588
35.561356 139.57509
35.665436 139.75516
35.66021 139.7095
35.561996 139.5743
35.768497 139.743
35.679558 139.7627
35.700584 139.75386
35.745895 139.74231
35.85857 139.6569
35.749565 139.8046
35.658596 139.69954
35.69743 139.80943
35.679863 139.77075
35.628647 139.73851
35.659706 139.79143
35.630386 139.7291
35.718975 139.7275
35.68229 139.76627
35.732277 139.71979
35.68459 139.78171
35.678875 139.78748
35.655212 139.76244
35.703205 139.79095
35.682938 139.73222
35.709316 139.77298
35.693676 139.69585
35.666157 139.75005
35.562923 139.56981
35.707104 139.78127
35.701916 139.74498
35.671745 139.7238
35.692333 139.77127
35.67867 139.78706
35.67846 139.78137
35.681587 139.76862
35.704395 139.79514
35.63414 139.71672
35.698257 139.75453
35.647522 139.74843
35.62613 139.7409
35.56158 139.57454
35.632553 139.66017
35.700073 139.77249
35.63145 139.65804
35.704967 139.7481
35.656868 139.75455
35.629456 139.65836
35.776566 139.6315
35.666443 139.77231
35.658913 139.6551
35.66798 139.82257
35.733353 139.88202
35.66906 139.74245
35.66427 139.78465
35.665485 139.73117
35.70649 139.7371
35.840767 139.79628
35.681217 139.77151
35.561142 139.71815
35.71664 139.66199
35.695503 139.75171
35.702934 139.7547
35.62638 139.72453
35.55481 139.74033
35.684742 139.77444
35.701088 139.74321
35.688915 139.81557
35.689022 139.8157
35.84524 139.67471
35.67255 139.90215
35.709694 139.73132
35.71068 139.81444
35.757717 139.58931
35.66047 139.72928
35.54896 139.78418
35.658596 139.69954
35.671932 139.75955
35.626537 139.72334
35.6455 139.69736
35.778942 139.60391
35.665115 139.71246
35.66427 139.78465
35.846527 139.66934
35.848515 139.66885
35.67435 139.76704
35.62821 139.73842
35.63548 139.87952
35.53638 139.7035
35.70829 139.76941
35.538044 139.70645
35.53655 139.70413
35.703938 139.73422
35.699444 139.76181
35.658875 139.72728
35.703007 139.77167
35.6175 139.77936
35.6549 139.74524
35.641567 139.71533
35.67123 139.76501
35.6824 139.77386
35.617565 139.77722
35.696915 139.77547
35.686005 139.88293
35.65496 139.74365
35.54896 139.78418
35.58192 139.59547
35.625404 139.74205
35.699234 139.7744
35.626568 139.7414
35.68599 139.76343
35.64694 139.74736
35.69086 139.70485
35.55138 139.7884
35.627907 139.74077
35.686325 139.78227
35.6824 139.77386
35.55177 139.78755
35.618374 139.72757
35.611065 139.62582
35.69138 139.73672
35.682533 139.7737
35.697926 139.6829
35.68376 139.76859
35.687084 139.76546
35.677742 139.7668
35.587715 139.56621
35.711414 139.77718
35.762096 139.82492
35.6387 139.74004
35.68251 139.76492
35.70185 139.7624
35.620358 139.72896
35.692715 139.77858
35.64358 139.73602
35.745434 139.71965
35.68171 139.76772
35.665146 139.75688
35.55334 139.78722
35.67231 139.75407
35.72228 139.70532
35.647522 139.74843
35.679085 139.77995
35.550594 139.78412
35.59119 139.55368
35.66318 139.63564
35.766956 139.82068
35.655598 139.7961
35.66879 139.70477
35.562923 139.56981
35.677162 139.721
35.70031 139.75618
35.65455 139.75674
35.681248 139.76749
35.69747 139.68286
35.674576 139.76146
35.763786 139.72733
35.682987 139.7383
35.822815 139.5749
35.689976 139.69824
35.70402 139.60027
35.644398 139.67061
35.715984 139.71266
35.69213 139.78276
35.690243 139.6968
35.665623 139.75359
35.70062 139.5067
35.73007 139.71114
35.66464 139.76192
35.685596 139.77338
35.561356 139.57509
35.659706 139.79143
35.564438 139.71645
35.700073 139.77249
35.74744 139.85716
35.67737 139.75175
35.666298 139.75269
35.685635 139.77502
35.709442 139.69492
35.545498 139.57452
35.62412 139.72897
35.703056 139.77466
35.63106 139.60149
35.68022 139.76833
35.672558 139.76324
35.738186 139.76033
35.549618 139.62015
35.659424 139.74129
35.69133 139.69708
35.530804 139.69978
35.765675 139.60658
35.766125 139.80922
35.672485 139.72467
35.660923 139.75146
35.682728 139.77885
35.665314 139.75154
35.65636 139.78154
35.681133 139.76782
35.697815 139.77377
35.55138 139.7884
35.66361 139.87271
35.7403 139.70969
35.727074 139.77145
35.669907 139.68143
35.6054 139.50659
35.684803 139.76949
35.666157 139.75005
35.707478 139.75952
35.545498 139.57452
35.69229 139.68962
35.646084 139.82729
35.68815 139.70023
35.66472 139.76166
35.7106 139.79791
35.701378 139.78142
35.729897 139.74742
35.70186 139.75233
35.566597 139.73633
35.70357 139.75511
35.668167 139.83228
35.74978 139.80547
35.54344 139.57356
35.749565 139.8046
35.73124 139.70622
35.6701 139.70648
35.69877 139.76137
35.613277 139.5497
35.662273 139.75816
35.633045 139.66107
35.655575 139.54433
35.687042 139.69887
35.70886 139.796
35.703205 139.79095
35.642273 139.7869
35.69556 139.77588
35.75859 139.78929
35.707104 139.78127
35.644524 139.67015
35.553474 139.5785
35.679836 139.78006
35.66279 139.75963
35.69975 139.76552
35.704395 139.79514
35.695503 139.75171
35.673283 139.78331
35.730473 139.7027
35.767803 139.84856
35.683495 139.7437
35.56407 139.59436
35.65643 139.54462
35.663242 139.63567
35.562923 139.56981
35.734035 139.86699
35.776566 139.6315
35.708237 139.7699
35.629456 139.65836
35.65886 139.69978
35.68287 139.68723
35.628647 139.73851
35.714252 139.76184
35.561142 139.71815
35.68599 139.76343
35.692856 139.69888
35.650482 139.7028
35.627106 139.77945
35.627983 139.77917
35.610844 139.55371
35.671562 139.7247
35.629322 139.77908
35.686592 139.69893
35.688602 139.69894
35.75849 139.62885
35.67988 139.76837
35.684742 139.77444
35.67255 139.90215
35.6914 139.69388
35.572903 139.66266
35.664413 139.58656
35.680393 139.73459
35.698154 139.75395
35.675808 139.74489
35.63148 139.74306
35.66551 139.7686
35.735725 139.48952
35.689396 139.8262
35.665115 139.71246
35.708958 139.79657
35.64694 139.74736
35.69836 139.77315
35.586864 139.70593
35.679657 139.7809
35.653946 139.56258
35.62679 139.63292
35.82136 139.6284
35.62821 139.73842
35.69121 139.69548
35.699444 139.76181
35.663128 139.75943
35.735096 139.71048
35.703007 139.77167
35.84353 139.73088
35.655518 139.75673
35.675346 139.76575
35.667225 139.80278
35.7106 139.79791
35.676228 139.78625
35.6553 139.54453
35.64898 139.74466
35.706673 139.77417
35.815063 139.56752
35.815063 139.56752
35.640244 139.74593
35.551956 139.7872
35.65496 139.74365
35.677742 139.7668
35.55138 139.7884
35.673203 139.76047
35.855843 139.77283
35.71128 139.73137
35.678783 139.77985
35.690784 139.70636
35.699802 139.7718
35.64672 139.7457
35.678944 139.526
35.634975 139.88437
35.69086 139.70485
35.673046 139.75992
35.68998 139.69737
35.625404 139.74205
35.625393 139.74205
35.699234 139.7744
35.645016 139.52689
35.678154 139.70569
35.626568 139.7414
35.62759 139.74197
35.56807 139.55347
35.653866 139.7498
35.846527 139.66934
35.60993 139.82565
35.848515 139.66885
35.625507 139.72597
35.729496 139.7913
35.59788 139.60504
35.679836 139.78006
35.572903 139.66266
35.572884 139.66524
35.573025 139.66537
35.69138 139.73672
35.68376 139.76859
35.672504 139.79489
35.660923 139.75146
35.619125 139.73126
35.678345 139.7401
35.68402 139.73769
35.66853 139.7833
35.679836 139.78006
35.737858 139.65425
35.68229 139.76627
35.706688 139.75993
35.66096 139.75142
35.599586 139.65099
35.667427 139.76126
35.689705 139.7069
35.68206 139.78603
35.73221 139.71109
35.682987 139.7383
35.69747 139.68286
35.682354 139.78677
35.681366 139.68884
35.670467 139.74294
35.665787 139.73096
35.535324 139.58948
35.686325 139.78227
35.66116 139.63327
35.562923 139.56981
35.66427 139.78465
35.68659 139.76591
35.67737 139.75175
35.643 139.66905
35.67282 139.72403
35.679466 139.74146
35.760773 139.7314
35.530804 139.69978
35.629242 139.77612
35.682774 139.77686
35.685417 139.78209
35.682728 139.77885
35.687084 139.76546
35.672485 139.72467
35.673374 139.81613
35.685417 139.78209
35.672543 139.72511
35.561356 139.57509
35.562923 139.56981
35.674946 139.76175
35.68903 139.81567
35.72129 139.75206
35.728428 139.65485
35.545498 139.57452
35.545067 139.76967
35.728428 139.65485
35.629868 139.79427
35.69133 139.69708
35.70847 139.7536
35.75557 139.76157
35.73007 139.71114
35.730583 139.71155
35.696877 139.81424
35.66919 139.76105
35.626404 139.88771
35.694153 139.6876
35.66361 139.87271
35.69414 139.68767
35.561356 139.57509
35.687874 139.70036
35.728382 139.70952
35.682133 139.77185
35.658913 139.6551
35.656578 139.79579
35.697815 139.77377
35.668602 139.62486
35.77328 139.6398
35.7403 139.70969
35.66261 139.87299
35.660595 139.70715
35.666973 139.75967
35.803555 139.75975
35.672325 139.73654
35.65617 139.54443
35.66188 139.70105
35.738987 139.76173
35.707104 139.78127
35.739002 139.76184
35.658596 139.69954
35.65886 139.69978
35.693676 139.69585
35.679928 139.76358
35.703056 139.77466
35.59838 139.65108
35.692333 139.77127
35.70357 139.75511
35.682278 139.68684
35.672894 139.72363
35.55224 139.74051
35.667984 139.83212
35.668015 139.8325
35.660313 139.79507
35.53112 139.69507
35.703205 139.79095
35.659576 139.72836
35.69611 139.81201
35.656593 139.5441
35.671093 139.74774
35.682938 139.73222
35.55004 139.7899
35.68468 139.76605
35.68459 139.78171
35.69044 139.69992
35.73122 139.70901
35.530354 139.70345
35.700195 139.73523
35.695503 139.75171
35.701916 139.74498
35.62821 139.75668
35.70619 139.70657
35.651024 139.74742
35.704395 139.79514
35.697773 139.7517
35.705124 139.75485
35.56407 139.59436
35.679836 139.78006
35.685696 139.74164
35.597874 139.6503
35.73386 139.71342
35.59778 139.65054
35.695686 139.81506
35.694153 139.6876
35.562923 139.56981
35.619076 139.73056
35.68287 139.68723
35.682796 139.68687
35.65907 139.69891
35.542336 139.67368
35.646168 139.7079
35.671005 139.71852
35.672558 139.76324
35.74744 139.85716
35.68217 139.78773
35.554386 139.57903
35.67867 139.78706
35.70649 139.7371
35.652824 139.7345
35.65742 139.54025
35.627106 139.77945
35.627983 139.77917
35.658348 139.54083
35.69168 139.69551
35.629322 139.77908
35.675236 139.7441
35.708584 139.73761
35.55366 139.57912
35.6576 139.5428
35.650482 139.7028
35.71406 139.77408
35.618374 139.72757
35.657776 139.5444
35.65151 139.68738
35.662067 139.70917
35.67237 139.79489
35.672318 139.79456
35.78543 139.73367
35.629456 139.65836
35.683777 139.78214
35.628704 139.65793
35.73629 139.86299
35.641098 139.64294
35.65312 139.5624
35.665787 139.73096
35.536934 139.63428
35.67996 139.78009
35.662895 139.87125
35.7685 139.87085
35.69505 139.76668
35.739944 139.8633
