35.7015 139.7712
35.61768 139.56549
35.692707 139.702
35.795 139.69287
35.699615 139.7714
35.699017 139.77463
35.664574 139.75847
35.60993 139.82565
35.75189 139.54503
35.592308 139.55241
35.69113 139.69266
35.67353 139.7919
35.70185 139.77498
35.692177 139.69803
35.594364 139.5734
35.62636 139.63095
35.65151 139.68738
35.700737 139.77188
35.643566 139.6706
35.691143 139.69734
35.682617 139.79886
35.632534 139.79306
35.75724 139.70831
35.70185 139.77498
35.689964 139.71205
35.682095 139.79955
35.710434 139.77534
35.75132 139.71013
35.75127 139.70924
35.685696 139.74164
35.671627 139.48096
35.74081 139.7068
35.81541 139.58739
35.73811 139.70346
35.671707 139.61668
35.553738 139.64555
35.701046 139.7718
35.627758 139.73502
35.699017 139.77463
35.607845 139.66716
35.629272 139.77553
35.699017 139.77463
35.685024 139.70142
35.72935 139.71817
35.733692 139.83188
35.767548 139.7806
35.699017 139.77463
35.55127 139.78758
35.71024 139.79156
35.646687 139.67761
35.83365 139.82011
35.709846 139.7908
35.673138 139.76875
35.69807 139.77548
35.594364 139.5734
35.69174 139.70316
35.79703 139.80247
35.817806 139.58696
35.700726 139.48232
35.619495 139.6629
35.815453 139.58797
35.67759 139.67891
35.682095 139.79955
35.67703 139.73705
35.676655 139.8049
35.706177 139.66585
35.686382 139.7834
35.673294 139.7701
35.695004 139.70049
35.613735 139.63718
35.81363 139.78792
35.672146 139.73866
35.703007 139.77167
35.692688 139.70366
35.712452 139.77592
35.69001 139.70589
35.69749 139.81685
35.700184 139.81519
35.700172 139.81464
35.70081 139.81581
35.692265 139.70522
35.58582 139.68153
35.73103 139.8847
35.634445 139.7125
35.701378 139.7046
35.710636 139.80864
35.61929 139.54327
35.694725 139.82889
35.700848 139.52368
35.682617 139.79886
35.625866 139.713
35.682167 139.79845
35.69064 139.6954
35.682095 139.79955
35.717155 139.7369
35.688786 139.69789
35.70146 139.6988
35.70185 139.77498
35.696995 139.82857
35.578976 139.73433
35.555096 139.73651
35.700737 139.77188
35.71084 139.79764
35.736053 139.62894
35.835293 139.66727
35.672108 139.76451
35.698326 139.77162
35.699554 139.76413
35.546177 139.72235
35.66111 139.72617
35.69808 139.7731
35.731197 139.7096
35.798077 139.77174
35.648922 139.73857
35.700672 139.77286
35.702564 139.77379
35.775223 139.786
35.73063 139.70872
35.78644 139.7863
35.608524 139.64748
35.55138 139.7884
35.705463 139.61795
35.67134 139.61859
35.705776 139.75671
35.706013 139.9037
35.672005 139.6172
35.610115 139.54327
35.67296 139.78142
35.67632 139.78593
35.676266 139.78766
35.697605 139.76872
35.678967 139.78911
35.751396 139.75754
35.58742 139.56969
35.569954 139.7096
35.62662 139.70331
35.66556 139.75055
35.660503 139.68498
35.67763 139.67734
35.60818 139.74405
35.53122 139.69533
35.666252 139.77081
35.67657 139.73782
35.66552 139.75946
35.63346 139.88777
35.657158 139.6914
35.660133 139.6993
35.548615 139.62282
35.701687 139.56001
35.70493 139.61975
35.67264 139.76515
35.65956 139.72934
35.65864 139.6974
35.66113 139.70096
35.732204 139.70938
35.682415 139.70238
35.692844 139.69893
35.69877 139.77013
35.697613 139.67722
35.776566 139.6315
35.67272 139.73807
35.676857 139.66801
35.701473 139.69888
35.69227 139.70195
35.664566 139.73949
35.69897 139.77513
35.689507 139.69737
35.70185 139.77498
35.691525 139.77147
35.6738 139.77078
35.663097 139.74484
35.68925 139.69702
35.610115 139.54327
35.753536 139.59595
35.54892 139.78452
35.659817 139.7024
35.752834 139.59448
35.67296 139.78142
35.6772 139.7784
35.676186 139.7862
35.722393 139.4798
35.619495 139.6629
35.753033 139.59502
35.767548 139.7806
35.847527 139.66946
35.676266 139.78766
35.70517 139.61963
35.669495 139.61603
35.70051 139.75343
35.678104 139.79749
35.678127 139.79788
35.682095 139.79955
35.62426 139.73918
35.694668 139.79866
35.615654 139.77611
35.66929 139.762
35.700737 139.77188
35.726425 139.65364
35.671707 139.61668
35.672913 139.7426
35.643982 139.85706
35.66717 139.60207
35.567 139.69229
35.80371 139.71909
35.80371 139.71909
35.705845 139.61893
35.624695 139.72324
35.670097 139.76611
35.717594 139.79718
35.672516 139.76369
35.585438 139.68283
35.68694 139.66562
35.681133 139.76782
35.659504 139.66771
35.706226 139.61833
35.666973 139.6011
35.624695 139.72324
35.65794 139.69658
35.71148 139.71948
35.698032 139.81357
35.550594 139.78412
35.610115 139.54327
35.682095 139.79955
35.55138 139.7884
35.682617 139.79886
35.682167 139.79845
35.54892 139.78452
35.694054 139.70145
35.67759 139.67891
35.682095 139.79955
35.624557 139.73909
35.705463 139.61795
35.705017 139.61958
35.567894 139.693
