35.68267 139.76433
35.773903 139.78479
35.58582 139.68153
35.66186 139.69849
35.719307 139.76733
35.65985 139.70206
35.661263 139.66783
35.679554 139.768
35.62137 139.74931
35.62334 139.74983
35.704674 139.58044
35.68919 139.82513
35.665775 139.75586
35.651737 139.54628
35.659527 139.70256
35.568707 139.61552
35.704903 139.61783
35.64258 139.67319
35.702408 139.58208
35.70478 139.62138
35.704346 139.62141
35.7051 139.61958
35.61476 139.54204
35.68925 139.69702
35.74948 139.86534
35.846344 139.66931
35.627758 139.73502
35.74293 139.77939
35.61929 139.54327
35.65816 139.69934
35.70685 139.61537
35.68402 139.73769
35.705685 139.61894
35.60885 139.74144
35.544674 139.76855
35.66195 139.69876
35.73035 139.71509
35.749565 139.8046
35.81478 139.58678
35.704704 139.58154
35.689877 139.70227
35.609795 139.66988
35.692856 139.70212
35.66893 139.65019
35.74971 139.80457
35.693077 139.69836
35.71406 139.77408
35.561554 139.72203
35.701023 139.56113
35.53203 139.69948
35.70072 139.77242
35.775223 139.786
35.570183 139.70969
35.658905 139.70258
35.682106 139.80768
35.73189 139.74086
35.783833 139.78592
35.651043 139.54433
35.706154 139.61827
35.64501 139.67372
35.700962 139.77095
35.692043 139.77052
35.6979 139.7724
35.64501 139.67372
35.64501 139.67372
35.737316 139.6533
35.705223 139.62021
35.65985 139.70691
35.60616 139.73547
35.729565 139.7212
35.662983 139.73271
35.692287 139.73456
35.560993 139.59259
35.65163 139.54625
35.728504 139.65097
35.702335 139.57971
35.627865 139.73868
35.76543 139.84799
35.689156 139.82352
35.702755 139.57933
35.622944 139.75063
35.699017 139.77463
35.72978 139.71552
35.655518 139.75673
35.65469 139.75708
35.67703 139.73705
35.729347 139.71817
35.70132 139.74628
35.775223 139.786
35.549503 139.78413
35.703953 139.57971
35.695038 139.7004
35.688503 139.70724
35.699017 139.77463
35.72748 139.62053
35.65985 139.70206
35.686913 139.76361
35.550583 139.75024
35.708237 139.7699
35.61929 139.54327
35.64654 139.70953
35.688786 139.69789
35.7055 139.61954
35.682293 139.79904
35.72013 139.71474
35.682617 139.79886
35.682167 139.79845
35.697933 139.77493
35.62693 139.7414
35.725037 139.72015
35.69836 139.77293
35.704197 139.58017
35.682095 139.79955
35.70611 139.61807
35.706448 139.57619
35.64436 139.69963
35.70836 139.6149
35.7342 139.73714
35.846344 139.66931
35.620464 139.73918
35.697052 139.75743
35.68237 139.69846
35.68703 139.70071
35.681984 139.61546
35.70478 139.62138
35.70505 139.61954
35.70072 139.77242
35.697815 139.7752
35.72568 139.71951
35.66671 139.75565
35.727932 139.71194
35.66723 139.47743
35.682617 139.79886
35.682167 139.79845
35.689507 139.69737
35.682095 139.79955
35.846344 139.66931
35.668224 139.83192
35.67703 139.73705
35.620464 139.73918
35.79221 139.71773
35.700073 139.484
35.665665 139.76009
35.733353 139.72728
35.698776 139.771
35.66188 139.70105
35.700962 139.77095
35.55127 139.78758
35.728905 139.71268
35.700073 139.484
35.76543 139.84799
35.701504 139.75214
35.698986 139.77106
35.68039 139.7683
35.585953 139.68135
35.692818 139.69785
35.65229 139.70895
35.676487 139.73628
35.709846 139.7908
35.711197 139.79262
35.698326 139.77162
35.69877 139.77013
35.56351 139.6789
35.698193 139.58096
35.69807 139.77548
35.699883 139.77242
35.775223 139.786
35.78289 139.78578
35.682434 139.77393
35.67296 139.78142
35.581444 139.64093
35.689114 139.69934
35.73148 139.74098
35.68919 139.82513
35.68919 139.82513
35.669495 139.61603
35.668907 139.78554
35.667442 139.78885
35.67196 139.71667
35.67308 139.79506
35.57248 139.70355
35.672005 139.6172
35.678127 139.79788
35.67839 139.79802
35.669918 139.7032
35.769028 139.8838
35.682095 139.79955
35.693256 139.70148
35.698326 139.77162
35.63162 139.71417
35.68122 139.76834
35.692566 139.69873
35.681133 139.76782
35.700428 139.77176
35.704674 139.58044
35.667454 139.75636
35.706722 139.66667
35.68102 139.76341
35.722393 139.4798
35.62645 139.87747
35.65505 139.79301
35.699036 139.77086
35.529568 139.69643
35.815395 139.70496
35.698986 139.77106
35.62137 139.74931
35.704727 139.65016
35.62334 139.74983
35.66793 139.7269
35.654575 139.79242
35.69043 139.77338
35.69002 139.6992
35.691223 139.69824
35.688385 139.69623
35.688923 139.69957
35.62555 139.73056
35.699017 139.77463
35.655136 139.793
35.7098 139.80026
35.628883 139.74158
35.667976 139.76936
35.58062 139.64217
35.549 139.78444
35.697052 139.75743
35.70543 139.61983
35.69834 139.77312
35.726425 139.65364
35.68759 139.6972
35.68759 139.6972
35.689426 139.71489
35.65108 139.63516
35.705685 139.61894
35.670544 139.71785
35.79221 139.71773
35.70583 139.61847
35.671238 139.61636
35.61623 139.63757
35.7446 139.67374
35.66377 139.73228
35.622944 139.75063
35.751396 139.75754
35.76639 139.55804
35.655518 139.75673
35.608105 139.66985
35.699017 139.77463
35.608376 139.67065
35.66283 139.69461
35.6862 139.82172
35.672913 139.7426
35.712948 139.76108
35.84827 139.67073
35.79221 139.71773
35.6951 139.75847
35.846344 139.66931
35.67632 139.78593
35.676266 139.78766
35.776302 139.78978
35.677956 139.80865
35.677116 139.79259
35.678223 139.79291
35.67907 139.79376
35.679737 139.79398
35.679016 139.79576
35.678127 139.79788
35.678104 139.79749
35.682095 139.79955
35.580105 139.6419
35.57248 139.70355
35.620464 139.73918
35.666042 139.75916
35.72013 139.71474
35.698135 139.75089
35.84588 139.64711
35.68599 139.76343
35.699017 139.77463
35.70075 139.77191
35.699017 139.77463
35.658596 139.69954
35.84635 139.64984
35.749565 139.8046
35.69807 139.77548
35.69887 139.7705
35.700382 139.7697
35.711197 139.79262
35.774036 139.78604
35.798126 139.60175
35.66754 139.75732
35.734764 139.8829
35.729908 139.71353
35.55138 139.7884
35.72992 139.716
35.55138 139.7884
35.691032 139.6995
35.66151 139.70102
35.710766 139.72072
35.561554 139.72203
35.67449 139.77621
35.665665 139.76009
35.676266 139.78766
35.60864 139.74112
35.531036 139.69995
35.62573 139.72554
35.678104 139.79749
35.678127 139.79788
35.682095 139.79955
35.669285 139.65057
35.700584 139.76404
35.563244 139.71567
35.626186 139.7128
35.619366 139.73048
35.672005 139.6172
35.671803 139.74202
35.662754 139.7606
35.58582 139.68153
35.66716 139.60114
35.585953 139.68135
35.586487 139.67926
35.547173 139.74004
35.678417 139.76611
35.628162 139.73857
35.70641 139.62035
35.60864 139.74112
35.72568 139.71951
35.726517 139.71898
35.698284 139.70154
35.726727 139.71758
35.610115 139.54327
35.751396 139.75754
35.68925 139.69702
35.67296 139.78142
35.689526 139.77621
35.694614 139.70103
35.7244 139.75363
35.676643 139.786
35.57248 139.70355
35.773903 139.78479
35.647835 139.70978
35.66112 139.69853
35.676266 139.78766
35.67464 139.79083
35.674484 139.79086
35.75388 139.73743
35.678104 139.79749
35.678127 139.79788
35.777367 139.63258
35.67991 139.79962
35.79221 139.71773
35.682095 139.79955
35.804626 139.83945
35.68491 139.77315
35.70621 139.61798
35.533127 139.69498
35.565567 139.57613
35.58582 139.68153
35.693707 139.77025
35.666912 139.71097
35.730965 139.7164
35.659527 139.70256
35.668434 139.75267
35.65174 139.63646
35.65913 139.57384
35.736553 139.6496
35.688602 139.69702
35.7015 139.7712
35.705017 139.61958
35.705204 139.61981
35.73183 139.71054
35.705288 139.62059
35.659527 139.70256
35.63196 139.71326
35.632244 139.71275
35.63228 139.71225
35.69928 139.66205
35.620163 139.70758
35.79221 139.71773
35.561424 139.7226
35.588543 139.73738
35.620464 139.73918
35.61169 139.62883
35.700737 139.77188
35.68352 139.76657
35.55138 139.7884
35.531895 139.69542
35.749565 139.8046
35.682095 139.79955
35.68022 139.76833
35.699017 139.77463
35.704308 139.48138
35.658833 139.66745
35.702297 139.48085
35.70647 139.76135
35.706226 139.61833
35.706318 139.61855
35.699017 139.77463
35.65899 139.66742
35.666042 139.75916
35.703968 139.48108
35.67217 139.79497
35.728985 139.72716
35.694607 139.70216
35.58582 139.68153
35.706688 139.75993
35.74836 139.80388
35.659813 139.7087
35.730133 139.72583
35.651737 139.54628
35.705273 139.63536
35.662804 139.66905
35.698387 139.77516
35.732483 139.71486
35.732216 139.71555
35.683437 139.69925
35.64587 139.69707
35.662773 139.66891
35.66184 139.6679
35.689114 139.69934
35.661945 139.66797
35.646557 139.70288
35.7015 139.7712
35.64587 139.69707
35.6441 139.67131
35.722794 139.7122
35.66469 139.70146
35.651043 139.54433
35.658443 139.68604
35.643826 139.66989
35.62893 139.74092
35.79221 139.71773
35.66551 139.75975
35.688347 139.6977
35.72005 139.71138
35.70185 139.77498
35.672005 139.6172
35.58133 139.64018
35.707344 139.75145
35.69807 139.77548
35.67965 139.77997
35.67996 139.78009
35.64274 139.66747
35.72215 139.69844
35.69898 139.77162
