35.654575 139.79242
35.658733 139.68304
35.702393 139.75047
35.66114 139.66774
35.69091 139.70195
35.539577 139.66324
35.6175 139.77936
35.656788 139.7482
35.691418 139.73618
35.729877 139.71233
35.663948 139.69902
35.628418 139.73987
35.658566 139.74548
35.696327 139.75772
35.522243 139.7323
35.6597 139.70381
35.655483 139.7038
35.65491 139.7962
35.628906 139.74077
35.744804 139.60641
35.67435 139.76704
35.646034 139.827
35.69969 139.76227
35.703735 139.58327
35.650673 139.7012
35.640938 139.59863
35.665157 139.7698
35.71439 139.70233
35.655605 139.73595
35.674236 139.75908
35.672165 139.47987
35.694096 139.70987
35.682938 139.73222
35.66467 139.76018
35.672863 139.73605
35.683784 139.73172
35.75265 139.73708
35.686813 139.77364
35.714783 139.7609
35.692688 139.70366
35.60443 139.68385
35.65355 139.70514
35.67697 139.78595
35.67986 139.63635
35.67452 139.74284
35.799942 139.53238
35.66836 139.73273
35.603325 139.74628
35.679836 139.78006
35.710556 139.76028
35.713932 139.79515
35.614944 139.57693
35.65929 139.69987
35.695503 139.75171
35.692665 139.6911
35.68788 139.70221
35.677135 139.71837
35.700817 139.50671
35.655674 139.73674
35.61509 139.57925
35.66916 139.71556
35.695435 139.76746
35.71585 139.51268
35.693047 139.74799
35.657955 139.70892
35.70925 139.65932
35.657726 139.70015
35.70888 139.82599
35.689808 139.6979
35.665157 139.7698
35.68834 139.70157
35.603775 139.64684
35.691765 139.69835
35.562893 139.65092
35.670704 139.69664
35.56082 139.569
35.644623 139.67381
35.832146 139.56384
35.830063 139.55905
35.561356 139.57509
35.664852 139.74321
35.691 139.76971
35.69139 139.74995
35.665913 139.77063
35.54478 139.76854
35.649033 139.82674
35.753857 139.60863
35.664375 139.73036
35.618786 139.7031
35.69091 139.70195
35.729897 139.71307
35.683914 139.73897
35.70795 139.70903
35.628696 139.73965
35.641506 139.63258
35.695072 139.70024
35.691566 139.69997
35.66202 139.69797
35.681133 139.76686
35.552734 139.78802
35.693047 139.6929
35.731518 139.54697
35.733032 139.74005
35.618206 139.56563
35.532944 139.69577
35.681374 139.76778
35.689938 139.70631
35.6835 139.76651
35.718887 139.77646
35.65907 139.70058
35.693047 139.74799
35.64368 139.66968
35.685257 139.70947
35.647324 139.7467
35.698833 139.76518
35.67887 139.77853
35.56807 139.55347
35.56807 139.55347
35.63204 139.88084
35.69091 139.70195
35.686913 139.76361
35.66807 139.77252
35.69556 139.77588
35.70031 139.75618
35.71141 139.76021
35.649727 139.69344
35.684692 139.73058
35.65496 139.74365
35.695312 139.74054
35.56686 139.62836
35.66986 139.76462
35.658566 139.74548
35.68242 139.63965
35.694096 139.70987
35.706726 139.68541
35.63204 139.88084
35.64094 139.63232
35.641506 139.63258
35.548977 139.78398
35.626404 139.88771
35.54506 139.76903
35.578777 139.73407
35.62874 139.74202
35.693092 139.6932
35.67697 139.78595
35.73046 139.70618
35.666515 139.7515
35.672943 139.78947
35.700974 139.74094
35.690712 139.69112
35.728756 139.71127
35.696068 139.75798
35.65929 139.69987
35.65929 139.69987
35.57751 139.6116
35.70948 139.76083
35.658596 139.69954
35.56686 139.62836
35.732807 139.70448
35.66257 139.73209
35.67514 139.75255
35.675766 139.7651
35.70888 139.82599
35.694096 139.70987
35.56283 139.56845
35.65694 139.54187
35.71406 139.77408
35.663456 139.7373
35.65939 139.71803
35.728176 139.77118
35.70427 139.77072
35.69948 139.76376
35.667194 139.76575
35.6898 139.7012
35.685104 139.79846
35.713905 139.77748
35.736187 139.63843
35.686302 139.79712
35.637608 139.70433
35.692368 139.70471
35.632812 139.88031
35.703575 139.57695
35.64343 139.69919
35.67294 139.75923
35.65926 139.70248
35.66225 139.7749
35.71504 139.79742
35.63658 139.5877
35.70528 139.63626
35.66895 139.69131
35.625633 139.72154
35.682453 139.76485
35.531372 139.70021
35.757664 139.59679
35.70516 139.63705
35.55138 139.7884
35.657043 139.70198
35.632812 139.88031
35.73415 139.56421
35.75049 139.58655
35.695415 139.74149
35.672268 139.76578
35.711117 139.71141
35.5287 139.69865
35.686653 139.69682
35.531574 139.7001
35.69815 139.77121
35.60644 139.5059
35.71637 139.7765
35.66413 139.52701
35.66899 139.5316
35.689396 139.8262
35.65939 139.71803
35.62872 139.73941
35.699017 139.77463
35.67174 139.50902
35.70321 139.53482
35.66413 139.52701
35.704624 139.63623
35.700974 139.74094
35.621704 139.56906
35.730366 139.71077
35.674164 139.66743
35.74928 139.80507
35.670094 139.76335
35.62246 139.74214
35.66413 139.52701
35.68217 139.78773
35.66413 139.52701
35.73069 139.71237
35.66907 139.7578
35.70081 139.81581
35.60414 139.73105
35.690712 139.69112
35.69836 139.77293
35.698666 139.7621
35.69877 139.77013
35.67034 139.76534
35.63057 139.71434
35.65491 139.7962
35.731518 139.54697
35.70903 139.71898
35.759388 139.5115
35.65945 139.69925
35.655674 139.73674
35.699615 139.7714
35.69881 139.6969
35.73106 139.70526
35.680977 139.76332
35.717396 139.77135
35.64094 139.63232
35.641506 139.63258
35.529068 139.61299
35.664574 139.70027
35.62068 139.56854
35.696068 139.75798
35.7317 139.54839
35.620663 139.56865
35.690773 139.71312
35.676685 139.78006
35.624077 139.72275
35.658916 139.72961
35.56283 139.56845
35.633686 139.64963
35.724377 139.81537
35.649227 139.74289
35.698666 139.7621
35.681595 139.71973
35.681595 139.71973
35.64094 139.63232
35.641506 139.63258
35.69091 139.70195
35.701363 139.7549
35.686913 139.76361
35.552727 139.696
35.561356 139.57509
35.629868 139.79427
35.630634 139.87994
35.695503 139.75171
35.653652 139.75735
35.696068 139.75798
35.561916 139.57524
35.692287 139.74576
35.692142 139.74648
35.677975 139.56786
35.704704 139.58154
35.697815 139.7752
35.60789 139.66925
35.684692 139.73058
35.54478 139.76854
35.626057 139.88469
35.549 139.78444
35.66319 139.73213
35.703674 139.57983
35.632812 139.88031
35.706688 139.75993
35.666477 139.73027
35.655212 139.71906
35.64914 139.69937
35.75557 139.76157
35.672882 139.90134
35.68355 139.76654
35.712635 139.7043
35.683514 139.76653
35.71294 139.75964
35.68822 139.69183
35.737682 139.65565
35.669918 139.7032
35.549484 139.79033
35.732216 139.71555
35.67048 139.74762
35.682278 139.68684
35.696068 139.75798
35.661606 139.72954
35.64138 139.6981
35.63696 139.73096
35.72836 139.77095
35.689445 139.74527
35.64094 139.63232
35.713947 139.70517
35.616726 139.70741
35.770924 139.69168
35.68076 139.77345
35.674416 139.70645
35.690342 139.6994
35.698402 139.7201
35.694077 139.7625
35.785007 139.65216
35.60734 139.68474
35.69001 139.70589
35.768948 139.69525
35.68614 139.73013
35.70488 139.62042
35.66021 139.7095
35.694096 139.70987
35.632812 139.88727
35.798447 139.81145
35.6746 139.75401
35.7303 139.54016
35.65688 139.75433
35.69054 139.70277
35.765957 139.69147
35.619717 139.70378
35.6752 139.77803
35.850533 139.6734
35.671654 139.76146
35.6432 139.70134
35.62521 139.77562
35.72967 139.53876
35.655537 139.70035
35.702614 139.66708
35.692707 139.69495
35.693123 139.74353
35.711185 139.79433
35.626404 139.88771
35.760834 139.53452
35.71234 139.70453
35.672222 139.72174
35.721596 139.70679
35.678345 139.7401
35.619747 139.77325
35.686996 139.79773
35.682796 139.68687
35.6824 139.77386
35.62431 139.88553
35.652836 139.88162
35.743465 139.54568
35.585255 139.72647
35.643593 139.67102
35.586376 139.72694
35.722702 139.77844
35.528717 139.6985
35.531197 139.69913
35.692368 139.70471
35.667896 139.86255
35.73106 139.70526
35.529297 139.69664
35.529568 139.69643
35.63254 139.51738
35.698193 139.79709
35.586384 139.72795
35.586697 139.72803
35.61345 139.62703
35.704784 139.7535
35.724133 139.77718
35.70888 139.82599
35.728687 139.53944
35.709496 139.82799
35.619312 139.77646
35.6916 139.7047
35.625633 139.72154
35.66361 139.87271
35.778263 139.6847
35.716927 139.80408
35.625725 139.5198
35.57203 139.65591
35.530727 139.69911
35.62015 139.77214
35.70947 139.73347
35.70947 139.73347
35.71049 139.77332
35.71052 139.7735
35.6899 139.70042
35.68905 139.70381
35.6637 139.71024
35.552876 139.57771
35.678852 139.76279
35.691376 139.69714
35.660175 139.70097
35.79648 139.64551
35.649715 139.6992
35.623257 139.57109
35.826817 139.65268
35.701134 139.70326
35.58071 139.64134
35.560482 139.73792
35.529568 139.69643
35.615482 139.7775
35.536766 139.70288
35.664696 139.79678
35.642315 139.71368
35.67127 139.76564
