35.629868 139.79427
35.655018 139.78058
35.71389 139.81209
35.730976 139.70956
35.71109 139.79636
35.712303 139.80399
35.629868 139.79427
35.629868 139.79427
35.730007 139.52681
35.69574 139.70139
35.752686 139.54308
35.673115 139.75839
35.581444 139.64093
35.65449 139.8424
35.709713 139.61246
35.692333 139.77127
35.853603 139.65532
35.629868 139.79427
35.685257 139.70947
35.70179 139.76979
35.70427 139.77072
35.69056 139.77115
35.72983 139.7148
35.67466 139.76064
35.690243 139.70267
35.699017 139.77463
35.750446 139.73888
35.7061 139.60986
35.65907 139.70058
35.594364 139.5734
35.62636 139.63095
35.66708 139.7574
35.67356 139.83563
35.70081 139.81581
35.699883 139.77242
35.71398 139.635
35.66582 139.69968
35.674206 139.74506
35.699883 139.77242
35.70763 139.79819
35.710144 139.80064
35.71402 139.63477
35.69236 139.70094
35.699883 139.77242
35.625107 139.77927
35.665585 139.73904
35.733692 139.83188
35.661987 139.7086
35.699017 139.77463
35.677013 139.73705
35.67604 139.73862
35.71429 139.77513
35.66051 139.72922
35.65872 139.7309
35.65619 139.73383
35.71475 139.7752
35.638638 139.78926
35.682747 139.75569
35.676174 139.76387
35.683575 139.71062
35.700336 139.7726
35.701897 139.76727
35.676647 139.76366
35.688328 139.75436
35.531406 139.70142
35.629868 139.79427
35.79315 139.63818
35.665787 139.73096
35.70544 139.61931
35.706047 139.61809
35.79221 139.71773
35.711414 139.64377
35.689857 139.83566
35.688915 139.81557
35.678585 139.75366
35.723476 139.62003
35.570354 139.68005
35.723366 139.62022
35.622837 139.74924
35.68206 139.78603
35.701935 139.58168
35.81561 139.7042
35.80072 139.61928
35.53086 139.69841
35.70621 139.61798
35.54506 139.76903
35.655235 139.75749
35.727596 139.55629
35.627026 139.88905
35.70836 139.6149
35.66247 139.73361
35.639816 139.9022
35.700912 139.7069
35.701584 139.7069
35.676266 139.78766
35.74832 139.5674
35.662876 139.73146
35.70108 139.7077
35.54896 139.78418
35.684998 139.78366
35.67965 139.77997
35.67996 139.78009
35.70137 139.70476
35.672894 139.75839
35.705837 139.72112
35.655518 139.75673
35.656754 139.54033
35.651726 139.5455
35.689587 139.6978
35.708496 139.71855
35.549923 139.71684
35.608837 139.74141
35.72935 139.71817
35.741318 139.73044
35.67458 139.71713
35.7427 139.72722
35.709713 139.61246
35.70843 139.61414
35.632812 139.88031
35.70031 139.75618
35.7427 139.72722
35.564438 139.71645
35.62535 139.5189
35.72883 139.63913
35.55138 139.7884
35.62535 139.5189
35.62504 139.51755
35.78889 139.66116
35.698895 139.77101
35.668793 139.82254
35.521385 139.63066
35.705685 139.61894
35.7051 139.63527
35.67469 139.51949
35.70034 139.77116
35.69951 139.77045
35.66361 139.87271
35.70035 139.77174
35.670372 139.85568
35.666702 139.60152
35.697853 139.77245
35.715565 139.81006
35.684097 139.88194
35.661556 139.6695
35.750446 139.73888
35.677013 139.73705
35.664845 139.76079
35.530006 139.6976
35.650597 139.5408
35.65092 139.54178
35.695633 139.77327
35.6886 139.7107
35.671314 139.5459
35.75849 139.62885
35.680714 139.71967
35.69001 139.70589
35.75069 139.75781
35.647427 139.70906
35.676266 139.78766
35.67414 139.77663
35.672604 139.4815
35.663776 139.69618
35.687565 139.79738
35.56235 139.69603
35.65425 139.54395
35.66319 139.73213
35.66088 139.72832
35.678345 139.7401
35.66088 139.72832
35.667725 139.70023
35.672894 139.75839
35.650597 139.5408
35.65092 139.54178
35.649765 139.54303
35.66422 139.69775
35.579105 139.64503
35.72992 139.716
35.688503 139.70724
35.66046 139.72939
35.66046 139.72939
35.65907 139.70058
35.66046 139.72939
35.65092 139.54178
35.685596 139.77338
35.691933 139.72531
35.72983 139.7148
35.59095 139.55417
35.658566 139.74548
35.705357 139.66435
35.692955 139.81711
35.619675 139.70374
35.697037 139.8134
35.684727 139.77483
35.62521 139.77562
35.66959 139.8176
35.71389 139.81209
35.695377 139.7674
35.698536 139.7691
35.68975 139.76009
35.686413 139.6985
35.66361 139.87271
35.778164 139.72076
35.67761 139.76112
35.690468 139.75458
35.695503 139.75171
35.678345 139.7401
35.66261 139.87299
35.728596 139.71332
35.70416 139.77158
35.67867 139.74017
35.676613 139.76108
35.58037 139.62245
35.67655 139.76071
35.6947 139.79214
35.749683 139.68091
35.705185 139.6492
35.692684 139.75269
35.66361 139.87271
35.626083 139.78116
35.679855 139.7688
35.68355 139.76654
35.68601 139.77011
35.684334 139.70251
35.672894 139.75839
35.69711 139.77098
35.67485 139.76915
35.723324 139.61981
35.68491 139.77315
35.79221 139.71773
35.704025 139.59958
35.689857 139.83566
35.706062 139.61818
35.68206 139.78603
35.700188 139.77362
35.798077 139.77174
35.672565 139.72511
35.58555 139.68224
35.74801 139.80661
35.701935 139.58168
35.703342 139.58089
35.728596 139.71332
35.656414 139.75894
35.709713 139.61246
35.707592 139.61615
35.645832 139.7464
35.647694 139.7446
35.710915 139.79788
35.644314 139.67067
35.65266 139.74416
35.65227 139.72223
35.673096 139.75995
35.699406 139.77112
35.55138 139.7884
35.74801 139.80661
35.74875 139.80653
35.76215 139.82681
35.657192 139.54184
35.657192 139.54184
35.69821 139.75412
35.66099 139.70958
35.627758 139.73502
35.695065 139.74783
35.70427 139.77072
35.689617 139.76166
35.71148 139.61125
35.69172 139.77
35.694218 139.70062
35.69062 139.71162
35.681797 139.77492
35.653053 139.74501
35.631817 139.63788
35.63414 139.71672
