35.686195 139.75813
35.625107 139.77927
35.692142 139.70772
35.713634 139.79414
35.672043 139.76418
35.69118 139.70758
35.691483 139.70903
35.720573 139.5687
35.666378 139.89282
35.65718 139.70375
35.69353 139.70512
35.696686 139.76013
35.812614 139.72426
35.668533 139.74649
35.691628 139.70888
35.747913 139.56755
35.74809 139.56783
35.606243 139.73499
35.69184 139.71039
35.65939 139.71803
35.69155 139.71045
35.74367 139.67923
35.692394 139.72287
35.69122 139.7089
35.667427 139.76126
35.690823 139.70853
35.674316 139.764
35.53021 139.67827
35.66559 139.72984
35.588497 139.73041
35.692287 139.70901
35.65551 139.7933
35.654827 139.73907
35.691265 139.70866
35.693676 139.69585
35.65333 139.75722
35.690918 139.70842
35.606323 139.73492
35.695694 139.69766
35.67353 139.7919
35.70382 139.5591
35.700592 139.57817
35.679203 139.76225
35.68778 139.7023
35.671486 139.74756
35.588554 139.72816
35.543297 139.64151
35.588276 139.72835
35.660694 139.72594
35.693027 139.69955
35.65688 139.75433
35.751423 139.54546
35.71272 139.72562
35.67301 139.7373
35.556343 139.60095
35.751335 139.54529
35.663315 139.73212
35.750744 139.54526
35.635193 139.76752
35.778397 139.6326
35.69423 139.70445
35.699017 139.77463
35.66225 139.7749
35.652878 139.72208
35.69049 139.70758
35.69832 139.77481
35.71133 139.71121
35.693596 139.70245
35.690712 139.70987
35.659817 139.70038
35.66595 139.89159
35.692493 139.70113
35.628952 139.74078
35.69857 139.77644
35.710068 139.79897
35.665905 139.73817
35.68145 139.68608
35.648735 139.69313
35.692394 139.72287
35.550697 139.57553
35.710968 139.7862
35.7267 139.70721
35.607094 139.67076
35.64375 139.67041
35.67037 139.70296
35.6933 139.69202
35.69002 139.6992
35.55747 139.57805
35.621464 139.74854
35.7052 139.57803
35.604347 139.50758
35.656887 139.70177
35.681118 139.7725
35.60584 139.51486
35.624638 139.72534
35.64646 139.70607
35.712452 139.77592
35.68402 139.73769
35.660152 139.7288
35.695152 139.74852
35.67814 139.76505
35.671803 139.76523
35.54506 139.76903
35.532944 139.69577
35.68444 139.73715
35.68358 139.68643
35.7008 139.74893
35.71109 139.79636
35.693302 139.69826
35.711082 139.79599
35.658905 139.70258
35.562344 139.71379
35.656868 139.75455
35.658646 139.69566
35.683784 139.65839
35.646477 139.71407
35.668957 139.76083
35.778385 139.62497
35.66916 139.71556
35.710068 139.79897
35.66206 139.7214
35.674095 139.76009
35.627464 139.72284
35.654575 139.79242
35.701935 139.69589
35.587074 139.6694
35.585255 139.72647
35.644207 139.70082
35.66113 139.70096
35.801342 139.71515
35.662846 139.67746
35.730984 139.50389
35.563572 139.56993
35.54525 139.76973
35.7342 139.73714
35.691402 139.70143
35.672043 139.76418
35.717503 139.85745
35.657665 139.69727
35.704647 139.61977
35.56365 139.57014
35.681984 139.78513
35.69779 139.64868
35.693047 139.74799
35.662113 139.66878
35.693012 139.60486
35.679825 139.735
35.685287 139.763
35.536 139.63039
35.65907 139.70058
35.68162 139.77313
35.71406 139.77408
35.777912 139.63283
35.690712 139.69112
35.677135 139.78339
35.6824 139.7642
35.72604 139.51271
35.726025 139.51273
35.600735 139.6655
35.65907 139.70058
35.680218 139.68697
35.699924 139.57875
35.618572 139.72798
35.65019 139.55106
35.661266 139.69824
35.674942 139.82744
35.72686 139.71227
35.66582 139.80386
35.693047 139.74799
35.607166 139.67029
35.7312 139.707
35.71406 139.77408
35.672504 139.76501
35.686558 139.67162
35.633137 139.71567
35.67409 139.76129
35.6509 139.54463
35.65422 139.51202
35.686832 139.6701
35.601727 139.6117
35.658104 139.6942
35.529106 139.69792
35.528538 139.69826
35.858536 139.65878
35.715332 139.85368
35.6748 139.51944
35.67817 139.76819
35.689377 139.72098
35.629593 139.68555
35.661514 139.72946
35.551353 139.78741
35.659138 139.69847
35.628647 139.73851
35.691227 139.70645
35.631752 139.57791
35.61375 139.62692
35.837364 139.80309
35.54469 139.76839
35.626762 139.72275
35.859215 139.65616
35.698254 139.77315
35.676685 139.78021
35.697803 139.64716
35.692688 139.70366
35.694424 139.74307
35.531807 139.6996
35.586384 139.72795
35.586304 139.72813
35.65815 139.69852
35.586384 139.72803
35.658978 139.70099
35.69952 139.77045
35.698013 139.77373
35.698845 139.77475
35.705585 139.7519
35.653652 139.75735
35.656094 139.75656
35.68898 139.70181
35.709404 139.7316
35.665737 139.7562
35.70027 139.81541
35.68171 139.76772
35.691147 139.70152
35.68617 139.73055
35.572598 139.71317
35.681126 139.76808
35.69116 139.70459
35.704784 139.7535
35.828426 139.80342
35.663006 139.74504
35.69408 139.70247
35.658733 139.70163
35.660706 139.69879
35.686802 139.70297
35.64327 139.75209
35.64181 139.75768
35.662205 139.73062
35.67993 139.76819
35.691566 139.69997
35.684742 139.79698
35.740303 139.49951
35.62485 139.71973
35.663067 139.71391
35.64907 139.71065
35.669285 139.73834
35.670242 139.64702
35.64668 139.67407
35.658237 139.70215
35.67118 139.76535
35.71489 139.6672
35.684525 139.76457
35.683495 139.7437
35.669037 139.72049
35.659805 139.7296
35.68402 139.73769
35.666405 139.88145
35.699135 139.76971
35.685104 139.76471
35.645676 139.70718
35.689877 139.70227
35.690823 139.70915
35.691807 139.70944
35.672043 139.76418
35.68444 139.73715
35.665585 139.73904
35.550697 139.57553
35.70895 139.71873
35.690754 139.74751
35.70895 139.71873
35.56183 139.71361
35.628647 139.73851
35.606243 139.73499
35.68725 139.78503
35.73232 139.71423
35.70124 139.77203
35.700703 139.74146
35.69829 139.74005
35.70074 139.77188
35.706997 139.66629
35.530167 139.63449
35.53399 139.63474
35.665874 139.89305
35.672783 139.72403
35.659584 139.69872
35.58904 139.72743
35.67182 139.77101
35.68352 139.76657
35.666958 139.70677
35.66783 139.89102
35.672028 139.76607
35.54907 139.62186
35.646904 139.71399
35.564617 139.55319
35.562805 139.71558
35.588512 139.72734
35.70049 139.77179
35.656845 139.70493
35.556904 139.6002
35.674488 139.76707
35.721905 139.75204
35.66869 139.65099
35.559605 139.59718
35.698254 139.77315
35.628647 139.73851
35.673477 139.70801
35.673477 139.70801
35.640892 139.69455
35.703743 139.73586
35.777912 139.63283
35.70147 139.7011
35.695503 139.75171
35.536766 139.70288
35.695446 139.78526
35.648952 139.70805
35.678608 139.76254
35.68126 139.76765
35.669785 139.76497
35.65666 139.73354
35.585533 139.72661
35.653652 139.75735
35.65721 139.7015
35.585255 139.72647
35.69218 139.70296
35.675114 139.75961
35.673397 139.74472
35.562344 139.71379
35.670326 139.76324
35.67085 139.75928
35.667667 139.75514
35.705925 139.64838
35.711117 139.71141
35.697674 139.77464
35.66833 139.63757
35.666622 139.71078
35.69834 139.77312
35.692474 139.6996
35.70427 139.75194
35.759434 139.6905
35.607986 139.66948
35.66595 139.75711
35.699883 139.77242
35.563786 139.57016
35.665115 139.71246
35.669163 139.8111
35.626762 139.72275
35.742695 139.7809
35.662113 139.66878
35.671764 139.7346
35.703194 139.59915
35.679665 139.78091
35.69158 139.69695
35.656742 139.7341
35.66356 139.71461
35.675213 139.76595
35.6701 139.70648
35.67657 139.73782
35.691315 139.69368
35.72902 139.70456
35.715332 139.85368
35.622894 139.74725
35.68164 139.76898
35.53123 139.70052
35.670082 139.75998
35.65997 139.79262
35.660454 139.72945
35.657967 139.57007
35.654865 139.79626
35.703773 139.63641
35.665943 139.71097
35.699017 139.77463
35.698074 139.59158
35.72387 139.64912
35.66921 139.76318
35.67844 139.76288
35.763733 139.82693
35.69337 139.69885
35.690712 139.69112
35.674736 139.75175
35.584587 139.5824
35.674698 139.74174
35.803604 139.71785
35.712757 139.79385
35.780186 139.65034
35.656708 139.79329
35.6685 139.76094
35.698048 139.82617
35.628723 139.73978
35.564777 139.57718
35.68231 139.76393
35.673893 139.75096
35.728394 139.53955
35.691685 139.70114
35.672504 139.76501
35.658867 139.70155
35.701916 139.74498
35.662113 139.66878
35.643322 139.69867
35.6895 139.69754
35.672043 139.76418
35.65899 139.69887
35.666904 139.71193
35.692253 139.68864
35.701935 139.69589
35.639526 139.83206
35.695435 139.76746
35.66413 139.52701
35.66413 139.52701
35.66413 139.52701
35.66413 139.52701
35.60584 139.51486
35.564026 139.58044
35.777912 139.63283
35.644077 139.71623
35.703735 139.58327
35.66413 139.52701
35.698826 139.77188
35.63415 139.71681
35.66037 139.52373
35.578777 139.73407
35.6567 139.70154
35.72188 139.6447
35.636055 139.73094
35.742695 139.7809
35.689194 139.7025
35.66319 139.73213
35.58831 139.73032
35.656197 139.71158
35.575466 139.7347
35.68679 139.69296
35.63487 139.71692
35.6701 139.76323
35.69834 139.77312
35.728146 139.71097
35.66413 139.52701
35.659485 139.6867
35.66221 139.73454
35.662113 139.66878
35.580536 139.57149
35.563858 139.71536
35.682617 139.76433
35.660454 139.72945
35.5602 139.71404
35.727535 139.71233
35.550594 139.78412
35.688374 139.7029
35.673878 139.66785
35.688885 139.77982
35.65151 139.63647
35.66345 139.78171
35.666443 139.77231
35.641968 139.65889
35.66537 139.72923
35.73418 139.74002
35.634136 139.70714
35.703205 139.75456
35.69395 139.70259
35.695652 139.76068
35.66783 139.89102
35.62636 139.63095
35.674477 139.69328
35.67411 139.76816
35.671223 139.76564
35.609318 139.66777
35.609318 139.66777
35.632706 139.60515
35.715664 139.7741
35.558235 139.57863
35.659817 139.70038
35.70338 139.74048
35.650673 139.7012
35.55138 139.7884
35.690956 139.70573
35.678818 139.67705
35.66067 139.69528
35.56472 139.61177
35.677742 139.7668
35.710068 139.79897
35.65992 139.70195
35.67182 139.74785
35.747913 139.56755
35.74763 139.56673
35.699017 139.77463
35.670235 139.7066
35.664146 139.71188
35.66325 139.66824
35.62234 139.68419
35.586384 139.72795
35.586304 139.72813
35.585255 139.72647
35.698883 139.77042
35.54896 139.78418
35.5725 139.57887
35.64921 139.70007
35.675694 139.78278
35.679028 139.76836
35.672264 139.7633
35.68942 139.6976
35.692394 139.72287
35.688618 139.71396
35.797054 139.52057
35.672882 139.73805
35.647438 139.70158
35.69016 139.72217
35.55206 139.78815
35.688625 139.71275
35.74814 139.80197
35.700703 139.74146
35.69891 139.77156
35.628426 139.73698
35.691685 139.70114
35.77607 139.61996
35.668076 139.76169
35.688526 139.72287
35.664146 139.71188
35.706146 139.7347
35.67804 139.71492
35.60854 139.6685
35.65564 139.79248
35.697346 139.74208
35.64238 139.74689
35.550835 139.57506
35.663177 139.89905
35.685696 139.74164
35.668087 139.75906
35.650314 139.74593
35.649174 139.70747
35.662113 139.66878
35.707752 139.73552
35.610924 139.62556
35.68029 139.76808
35.65586 139.79149
35.69218 139.70296
35.6929 139.73517
35.69023 139.70743
35.667446 139.70685
35.668636 139.70563
35.68812 139.69914
35.69459 139.77249
35.606785 139.66904
35.673695 139.763
35.671173 139.77118
35.661045 139.72424
35.628185 139.73799
35.65907 139.70058
35.691902 139.73938
35.66863 139.73798
35.62828 139.73775
35.66414 139.75746
35.664566 139.73949
35.672783 139.72403
35.665115 139.71246
35.655273 139.70476
35.68659 139.76591
35.56316 139.57014
35.675255 139.76851
35.62912 139.74294
35.66319 139.73213
35.662037 139.69894
35.628777 139.73877
35.68055 139.7684
35.66868 139.70586
35.64587 139.69707
35.65781 139.69455
35.553635 139.7412
35.60945 139.66718
35.659824 139.6982
35.722736 139.70435
35.79315 139.63818
35.685104 139.76471
35.55191 139.74078
35.781433 139.66956
35.79186 139.6546
35.664276 139.71109
35.67212 139.74763
35.588295 139.72821
35.700478 139.7726
35.693146 139.76369
35.65932 139.72862
35.594303 139.72963
35.552555 139.73538
35.742737 139.85164
35.697372 139.71138
35.668636 139.70563
35.664783 139.72958
35.643333 139.54512
35.67219 139.7642
35.662506 139.69875
35.665787 139.71378
35.69999 139.7628
35.672268 139.76578
35.66399 139.70807
35.62521 139.77562
35.674343 139.73631
35.55303 139.73553
35.631714 139.88094
35.60156 139.50955
35.667248 139.70892
35.73078 139.71243
35.69148 139.69391
35.85839 139.65897
35.692493 139.70113
35.634136 139.70714
35.78414 139.667
35.69485 139.767
35.661312 139.69672
35.67844 139.76288
35.705105 139.64825
35.70427 139.75194
35.55191 139.74078
35.69519 139.81392
35.552605 139.7403
35.733807 139.73807
35.66445 139.7566
35.655537 139.70035
35.65718 139.70375
35.695072 139.70024
35.662037 139.69894
35.6589 139.70326
35.689938 139.70631
35.648846 139.63625
35.674576 139.76624
35.66167 139.6987
35.648163 139.70207
35.78296 139.66829
35.709698 139.77547
35.64734 139.71407
35.683758 139.76436
35.694473 139.76332
35.626423 139.8846
35.691673 139.76855
35.705223 139.62021
35.70325 139.75458
35.619354 139.70314
35.697952 139.70743
35.691677 139.70467
35.672115 139.76323
35.661556 139.6983
35.693203 139.74983
35.6624 139.69756
35.66349 139.67049
35.726494 139.51463
35.68972 139.70695
35.724262 139.75378
35.691677 139.70467
35.691856 139.77092
35.648155 139.67796
35.745293 139.50389
