35.82289 139.57516
35.662876 139.73146
35.75032 139.58627
35.666077 139.74289
35.73061 139.48755
35.648754 139.74551
35.676617 139.73665
35.651608 139.54465
35.706997 139.66512
35.675434 139.76555
35.691822 139.69698
35.66086 139.69992
35.691917 139.70569
35.798077 139.77174
35.69841 139.76228
35.54896 139.7846
35.705635 139.75523
35.549263 139.66548
35.700764 139.76935
35.623264 139.72281
35.707565 139.77513
35.695732 139.77785
35.682297 139.70871
35.65112 139.74742
35.699017 139.77463
35.725742 139.74864
35.694424 139.74307
35.643032 139.56718
35.695244 139.73921
35.690754 139.74751
35.652916 139.74478
35.653053 139.74501
35.734764 139.75508
35.665115 139.71246
35.752148 139.59534
35.752747 139.59505
35.65908 139.69887
35.647736 139.74664
35.658127 139.69888
35.5779 139.54045
35.703808 139.77086
35.775223 139.786
35.612194 139.57117
35.65007 139.74484
35.72262 139.47977
35.699856 139.75323
35.75007 139.58621
35.716347 139.85983
35.661266 139.69824
35.663 139.76132
35.673203 139.76047
35.7015 139.52518
35.65908 139.69887
35.679836 139.78006
35.673115 139.75839
35.700653 139.76926
35.73168 139.7061
35.79706 139.59848
35.702072 139.52446
35.65985 139.70206
35.718086 139.85727
35.705837 139.72112
35.686398 139.7293
35.73108 139.70392
35.73029 139.70578
35.763428 139.67589
35.696636 139.75977
35.647896 139.74615
35.68438 139.70312
35.658115 139.69844
35.65579 139.73703
35.663837 139.73181
35.689423 139.69168
35.736156 139.48813
35.698895 139.77101
35.677734 139.79576
35.70478 139.62138
35.647427 139.70906
35.659893 139.53561
35.634274 139.71182
35.647064 139.7489
35.701298 139.61896
35.699203 139.77043
35.70385 139.57692
35.676266 139.78766
35.586758 139.70618
35.657288 139.70363
35.65908 139.69887
35.69951 139.77045
35.67632 139.78593
35.663006 139.74504
35.701683 139.77184
35.659313 139.74005
35.783924 139.78583
35.798077 139.77174
35.70034 139.77116
35.625362 139.72389
35.729286 139.7133
35.692318 139.7029
35.658276 139.6983
35.606205 139.7359
35.728764 139.71938
35.66002 139.70415
35.648853 139.74538
35.705223 139.62021
35.694466 139.74722
35.687275 139.76271
35.693047 139.74799
35.63464 139.71622
35.657524 139.70392
35.63161 139.63855
35.721676 139.47984
35.700962 139.77068
35.662754 139.7606
35.76543 139.84799
35.699883 139.77242
35.692543 139.75827
35.690613 139.74007
35.69133 139.69708
35.689285 139.69823
35.62663 139.74039
35.6347 139.70808
35.670326 139.76324
35.697903 139.77437
35.69001 139.70589
35.70453 139.77798
35.69514 139.70007
35.63834 139.73102
35.699017 139.77463
35.780605 139.81052
35.694355 139.76025
35.674503 139.6169
35.68452 139.78835
35.67432 139.61697
35.705093 139.52979
35.65985 139.70206
35.704987 139.52657
35.63513 139.69513
35.715378 139.77582
35.673885 139.6079
35.651173 139.74521
35.722378 139.65257
35.671978 139.7334
35.710735 139.71259
35.614746 139.54213
35.721676 139.47984
35.668396 139.75912
35.631733 139.79764
35.690937 139.73164
35.689423 139.69168
35.61689 139.74046
35.705574 139.71805
35.70822 139.60207
35.68702 139.72731
35.698494 139.77219
35.67253 139.73537
35.647537 139.74684
35.651173 139.74521
35.69848 139.77222
35.774868 139.55069
35.800373 139.72575
35.803276 139.72688
35.600014 139.69113
35.649315 139.68138
35.67294 139.75923
35.672783 139.72403
35.660397 139.68475
35.700516 139.77104
35.730453 139.5054
35.70156 139.77036
35.65092 139.54178
35.650597 139.5408
35.634323 139.7139
35.649765 139.54303
35.648056 139.74164
35.58627 139.73294
35.655514 139.73683
35.70034 139.77116
35.54874 139.78436
35.699017 139.77463
35.65907 139.69891
35.65919 139.6985
35.687008 139.70233
35.77761 139.62979
35.569862 139.55344
35.658115 139.69844
35.602592 139.7082
35.700653 139.76926
35.679855 139.7688
35.731632 139.73094
35.529778 139.69966
35.70123 139.77176
35.726448 139.61472
35.722862 139.70432
35.605778 139.72847
35.69981 139.77182
35.702053 139.77113
35.699326 139.7699
35.706493 139.5808
35.665806 139.80386
35.698895 139.77101
35.792324 139.82439
35.68612 139.70216
35.705616 139.65184
35.646072 139.71317
35.623863 139.72307
35.69981 139.77182
35.706448 139.61786
35.620483 139.77226
35.62521 139.77562
35.68452 139.78835
35.528034 139.69983
35.626186 139.7128
35.684742 139.77444
35.69834 139.76886
35.657986 139.53569
35.833313 139.7071
35.69711 139.77098
35.68799 139.72034
35.727203 139.71213
35.699802 139.7718
35.624756 139.77585
35.618694 139.77972
35.70619 139.77165
35.699203 139.77043
35.648533 139.54266
35.69121 139.70648
35.815716 139.70128
