35.679558 139.7627
35.66116 139.63327
35.69807 139.77548
35.743954 139.67863
35.730907 139.709
35.689518 139.76512
35.81092 139.735
35.64907 139.75262
35.745834 139.60951
35.654865 139.79626
35.65227 139.72223
35.585327 139.58136
35.66319 139.73213
35.659573 139.72859
35.67207 139.75719
35.68599 139.78244
35.76561 139.70685
35.56248 139.63269
35.689785 139.68431
35.673046 139.75992
35.561825 139.63371
35.693203 139.74983
35.67202 139.75764
35.681133 139.76782
35.563007 139.63408
35.646168 139.7079
35.675438 139.7629
35.717957 139.76521
35.562634 139.63513
35.693295 139.66515
35.657303 139.54356
35.665787 139.73096
35.684566 139.73854
35.699135 139.76524
35.652332 139.74915
35.578445 139.57495
35.578682 139.71756
35.54506 139.76903
35.660027 139.69592
35.656754 139.54033
35.54896 139.7846
35.652855 139.54375
35.71311 139.76215
35.713226 139.7047
35.544746 139.76855
35.730274 139.71138
35.632812 139.88031
35.72794 139.7128
35.600525 139.54765
35.705593 139.79219
35.701454 139.73781
35.553085 139.64842
35.712624 139.54138
35.655518 139.74184
35.73116 139.72952
35.693222 139.77972
35.69001 139.69759
35.630062 139.87898
35.835987 139.79596
35.73649 139.48875
35.681744 139.73882
35.648552 139.82358
35.749565 139.8046
35.658184 139.7029
35.739815 139.7907
35.70673 139.68753
35.68253 139.77394
35.55138 139.7884
35.714367 139.76004
35.659573 139.72859
35.68652 139.76619
35.594193 139.61565
35.6387 139.74004
35.621243 139.52588
35.68659 139.76591
35.74065 139.74419
35.711235 139.72043
35.58689 139.70914
35.58689 139.70914
35.66521 139.71245
35.740032 139.74649
35.697067 139.74191
35.703915 139.58302
35.676395 139.80841
35.73988 139.74678
35.698704 139.771
35.68206 139.78603
35.70108 139.77661
35.553345 139.64691
35.553345 139.64691
35.696423 139.81418
35.564827 139.71773
35.581577 139.74911
35.66532 139.7314
35.556854 139.64433
35.672325 139.73654
35.688778 139.73506
35.625607 139.74068
35.663876 139.8645
35.711414 139.77718
35.647427 139.70906
35.664566 139.73949
35.70779 139.76074
35.697678 139.77916
35.672813 139.80524
35.658234 139.70854
35.630352 139.87865
35.661552 139.70676
35.678513 139.78728
35.678875 139.78748
35.612732 139.62708
35.654366 139.75688
35.65617 139.54443
35.645016 139.52689
35.708584 139.73761
35.67742 139.645
35.750362 139.80374
35.707478 139.5616
35.682972 139.64743
35.649353 139.74811
35.667667 139.71552
35.671253 139.74706
35.650776 139.74889
35.71406 139.77408
35.533764 139.72946
35.63042 139.87897
35.662106 139.72865
35.63042 139.87915
35.662987 139.75394
35.659435 139.75107
35.71939 139.56242
35.668335 139.86176
35.663036 139.76129
35.66051 139.72922
35.660366 139.72897
35.67882 139.66568
35.66319 139.73213
35.54896 139.7846
35.553207 139.64641
35.660294 139.72928
35.750927 139.80466
35.54896 139.7846
35.598484 139.70598
35.632473 139.8788
35.62787 139.7363
35.63204 139.88084
35.731106 139.71431
35.65945 139.72849
35.743916 139.60483
35.737408 139.65475
35.663933 139.69803
35.729416 139.71469
35.561356 139.57509
35.686913 139.76361
35.707104 139.78127
35.622417 139.75009
35.648552 139.82358
35.66958 139.74799
35.686077 139.776
35.633053 139.8803
35.633293 139.88016
35.714596 139.70282
35.669167 139.74622
35.554745 139.64735
35.69639 139.75647
35.73031 139.71486
35.554462 139.64734
35.653866 139.7498
35.708393 139.7395
35.66793 139.86334
35.675407 139.7695
35.67979 139.7775
35.670704 139.69664
35.662876 139.73146
35.657776 139.5444
35.68217 139.78773
35.658123 139.54434
35.760036 139.62128
35.681133 139.76782
35.64317 139.64644
35.709846 139.7908
35.6586 139.69826
35.686874 139.69316
35.69017 139.69893
35.665787 139.73096
35.76759 139.66435
35.668793 139.82254
35.6441 139.6703
35.69762 139.78355
35.697273 139.77179
35.671906 139.76779
35.70141 139.75385
35.58259 139.60632
35.647484 139.6368
35.667667 139.8656
35.696175 139.77089
35.69795 139.81381
35.72568 139.71951
35.607037 139.66975
35.712326 139.776
35.679836 139.78006
35.665874 139.89305
35.68253 139.77394
35.712612 139.77995
35.551735 139.7885
35.697422 139.7826
35.55014 139.78926
35.675507 139.77783
35.669983 139.64215
35.553104 139.78479
35.770126 139.66081
35.679165 139.77263
35.769714 139.66083
35.72906 139.71898
35.696156 139.69638
35.689053 139.78265
35.697605 139.76872
35.664837 139.76328
35.6266 139.74097
35.626568 139.7414
35.665367 139.72638
35.69719 139.8051
35.686478 139.78441
35.69521 139.75824
35.663223 139.73628
35.693314 139.69913
35.606606 139.68533
35.74978 139.80547
35.657135 139.54361
35.712208 139.77756
35.644714 139.69875
35.662106 139.72865
35.65519 139.79787
35.750446 139.73888
35.6825 139.7859
35.668827 139.83066
35.681587 139.76862
35.660366 139.72897
35.658905 139.70258
35.572155 139.5971
35.54896 139.7846
35.690342 139.77159
35.68269 139.70232
35.67198 139.71687
35.6668 139.79845
35.588154 139.72734
35.69996 139.76309
35.661015 139.75137
35.671444 139.7676
35.70876 139.80377
35.684746 139.76341
35.72187 139.70584
35.660294 139.72928
35.72935 139.71817
35.6824 139.77386
35.665115 139.71246
35.70141 139.75385
35.69154 139.74017
35.550007 139.78316
35.674976 139.81511
35.62935 139.74211
35.730907 139.709
35.668266 139.69038
35.68056 139.77063
35.661793 139.7301
35.66832 139.74886
35.630836 139.74298
35.686943 139.76544
35.699257 139.74443
35.71188 139.70859
35.67219 139.76584
35.73135 139.70749
35.69138 139.6975
35.6758 139.68086
35.658836 139.74933
35.55565 139.654
35.679836 139.78006
35.54823 139.78505
35.688778 139.69449
35.60828 139.555
35.701614 139.77971
35.695686 139.81506
35.729256 139.71867
35.68844 139.76315
35.691376 139.7691
35.733635 139.59059
35.626007 139.68228
35.656704 139.54553
35.553295 139.57867
35.692913 139.69873
35.684032 139.75856
35.690903 139.89752
35.6216 139.6092
35.704697 139.65112
35.665787 139.73096
35.662918 139.75995
35.53861 139.68867
35.752636 139.76224
35.67052 139.77373
35.67364 139.78285
35.653954 139.76254
35.653954 139.76254
35.708153 139.48848
35.672268 139.76578
35.699528 139.76506
35.670204 139.74982
35.539604 139.68896
35.67561 139.7513
35.686 139.78134
35.549477 139.69414
35.685596 139.77338
35.640522 139.52092
35.734486 139.8095
35.657818 139.70366
35.580063 139.60626
35.632812 139.88031
35.562923 139.56981
35.627907 139.74077
35.647694 139.74489
35.709316 139.77298
35.553913 139.78688
35.681023 139.768
35.552147 139.64719
35.64807 139.74481
35.676323 139.71234
35.670746 139.71663
35.60246 139.71306
35.69343 139.69537
35.652874 139.60133
35.70304 139.57986
35.67642 139.7329
35.65496 139.74365
35.703114 139.58105
35.698326 139.77162
35.664707 139.7395
35.657173 139.54051
35.7035 139.58038
35.5618 139.57495
35.60993 139.82565
35.59884 139.65063
35.73938 139.79742
35.553555 139.64699
35.6916 139.7047
35.66319 139.73213
35.57994 139.66019
35.597874 139.6503
35.665115 139.71246
35.698357 139.7722
35.713226 139.7047
35.653137 139.54411
35.67852 139.74149
35.656906 139.75717
35.682747 139.75569
35.629456 139.65836
35.72825 139.77625
35.63012 139.74324
35.656746 139.541
35.553474 139.5785
35.633266 139.48701
35.631386 139.48729
35.618797 139.62218
35.693203 139.74983
35.663315 139.73212
35.662064 139.70265
35.66434 139.76224
35.712463 139.70717
35.677013 139.73705
35.731926 139.79
35.71001 139.71822
35.690228 139.70001
35.749462 139.83719
35.657192 139.54184
35.659813 139.68384
35.701916 139.74498
35.72022 139.73698
35.71334 139.71115
35.709908 139.71805
35.61769 139.7287
35.655796 139.71185
35.67364 139.739
35.561356 139.57509
35.71024 139.71849
35.74846 139.71687
35.65739 139.54124
35.65082 139.76057
35.55565 139.654
35.655666 139.71107
35.651997 139.75412
35.616444 139.7274
35.548985 139.78438
35.69747 139.68286
35.640995 139.59947
35.662876 139.73146
35.56744 139.66713
35.64907 139.75262
35.67207 139.75719
35.665115 139.71246
35.681133 139.76782
35.69113 139.69829
35.649 139.74165
35.67202 139.75764
35.73023 139.70897
35.712467 139.70784
35.732372 139.71304
35.658566 139.74548
35.68529 139.63907
35.64297 139.66608
35.64253 139.74524
35.66099 139.70958
35.626537 139.72334
35.611385 139.55487
35.530075 139.69994
35.6617 139.709
35.621223 139.63087
35.6885 139.71008
35.630253 139.74278
35.753296 139.73593
35.726955 139.50691
35.659817 139.70038
35.66221 139.734
35.699017 139.77463
35.711857 139.77402
35.65742 139.54025
35.76203 139.70493
35.711536 139.70433
35.661484 139.7237
35.730877 139.70981
35.604916 139.6821
35.657192 139.54184
35.818035 139.78842
35.62792 139.74
35.702423 139.7449
35.688557 139.51505
35.65606 139.70432
35.6568 139.5404
35.672546 139.7622
35.695618 139.74121
35.55138 139.7884
35.70673 139.68753
35.65515 139.79301
35.6576 139.5428
35.702675 139.86522
35.704887 139.66621
35.70154 139.76944
35.699894 139.76936
35.6492 139.74292
35.73962 139.76846
35.695812 139.7387
35.71626 139.74144
35.63451 139.60883
35.669468 139.81882
35.656788 139.7482
35.55083 139.78806
35.694393 139.69281
35.702076 139.62834
35.708252 139.79742
35.70596 139.70676
35.670338 139.76375
35.665874 139.89305
35.570774 139.55406
35.697464 139.66902
35.68076 139.77345
35.586864 139.70593
35.606014 139.68417
35.644188 139.73416
35.7509 139.75264
35.674015 139.74501
35.626667 139.74037
35.78786 139.67482
35.69125 139.69785
35.859703 139.65352
35.670994 139.73328
35.64077 139.75368
35.73069 139.71237
35.658722 139.7319
35.658817 139.73216
35.658997 139.73193
35.61527 139.72003
35.614906 139.71962
35.654682 139.75854
35.729652 139.77188
35.752457 139.87038
35.698254 139.77315
35.752754 139.86897
35.55091 139.78821
35.66051 139.72922
35.654396 139.54309
35.707874 139.80685
35.660366 139.72897
35.71354 139.79242
35.756912 139.87563
35.792164 139.67305
35.675484 139.76843
35.69747 139.68286
35.736168 139.88463
35.63194 139.7966
35.632812 139.88031
35.644123 139.6984
35.62238 139.72745
35.6698 139.80522
35.672268 139.76578
35.680984 139.77443
35.671665 139.76653
35.754036 139.72743
35.704987 139.6209
35.644485 139.73433
35.69233 139.71478
35.73036 139.7106
35.7436 139.88162
35.709225 139.71841
35.694763 139.69104
35.70497 139.70897
35.70139 139.75325
35.691147 139.69841
35.61046 139.65195
35.66319 139.73213
35.65852 139.7402
35.717396 139.77135
35.642757 139.74736
35.61279 139.54861
35.66995 139.70686
35.728382 139.70801
35.730137 139.79181
35.656788 139.7482
35.665115 139.71246
35.54478 139.76854
35.63548 139.87952
35.77932 139.72249
35.66046 139.72939
35.710724 139.68633
35.646603 139.70264
35.662876 139.73146
35.69099 139.70674
35.662876 139.73146
35.68549 139.7347
35.694798 139.69888
35.641743 139.63011
35.608524 139.64748
35.697617 139.77167
35.73921 139.66782
35.681133 139.76782
35.694748 139.69107
35.698082 139.77145
35.675762 139.71481
35.628696 139.73965
35.622845 139.75075
35.714367 139.76004
35.672043 139.76418
35.697582 139.67911
35.560795 139.71912
35.655933 139.71118
35.53477 139.69965
35.65694 139.54187
35.66303 139.7011
35.686565 139.77515
35.656055 139.71127
35.550026 139.78831
35.60765 139.74512
35.7019 139.7543
35.666557 139.77063
35.696453 139.6897
35.6824 139.77386
35.64325 139.62863
35.769424 139.66724
35.698166 139.77037
35.66454 139.75563
35.762516 139.67549
35.69607 139.75499
35.637688 139.49796
35.628723 139.73978
35.719013 139.74066
35.6266 139.74097
35.67435 139.76704
35.681866 139.7671
35.717113 139.79347
35.662243 139.73416
35.65916 139.54364
35.675316 139.79874
35.659084 139.54375
35.674797 139.76416
35.70304 139.74373
35.681816 139.76855
35.672043 139.76418
35.62034 139.74155
35.579617 139.66127
35.665073 139.70131
35.665382 139.76099
35.681736 139.76485
35.672646 139.72295
35.6657 139.72258
35.623375 139.7487
35.67432 139.73639
35.664898 139.69414
35.67923 139.76848
35.688786 139.7368
35.68917 139.82018
35.528522 139.73807
35.693058 139.67938
35.681133 139.76782
35.631733 139.79764
35.692566 139.7354
35.652874 139.60133
35.67548 139.76984
35.666958 139.70677
35.597633 139.65053
35.665787 139.73096
35.664864 139.73099
35.700584 139.76404
35.665634 139.73163
35.669453 139.81335
35.668488 139.70538
35.578278 139.7604
35.67202 139.75764
35.66697 139.76697
35.661552 139.70676
35.701942 139.74364
35.74944 139.80487
35.5783 139.75926
35.665115 139.71246
35.657856 139.69786
35.76993 139.64404
35.650032 139.65295
35.60443 139.68385
35.672325 139.73654
35.690125 139.7469
35.6989 139.52031
35.55353 139.71846
35.59791 139.6673
35.713093 139.70563
35.683937 139.76688
35.699017 139.77463
35.555813 139.72122
35.63145 139.65804
35.689396 139.8262
35.632812 139.88031
35.713226 139.7047
35.653137 139.54411
35.653595 139.54399
35.72981 139.71643
35.700428 139.77176
35.68972 139.69249
35.655518 139.75673
35.71406 139.77408
35.753933 139.73746
35.679447 139.77138
35.65336 139.64687
35.604374 139.68396
35.563255 139.71223
35.602654 139.68384
35.649555 139.74261
35.60828 139.555
35.712463 139.70717
35.66099 139.70958
35.65852 139.7402
35.656593 139.5441
35.561535 139.57455
35.696163 139.77509
35.72345 139.75055
35.7035 139.58038
35.66582 139.80386
35.697765 139.82649
35.554474 139.64778
35.672325 139.73654
35.684612 139.78575
35.669685 139.81706
35.665787 139.73096
35.628872 139.65935
35.63552 139.88405
35.68206 139.78603
35.671974 139.74118
35.708496 139.74849
35.70183 139.57584
35.656746 139.541
35.690784 139.70636
35.633667 139.8869
35.74978 139.80547
35.749565 139.8046
35.700184 139.76122
35.69423 139.76033
35.605915 139.68349
35.760525 139.534
35.665497 139.75964
35.694878 139.73698
35.693222 139.77972
35.649 139.74165
35.65585 139.54292
35.64668 139.7104
35.703545 139.59978
35.681057 139.76257
35.62694 139.74107
35.751514 139.54486
35.657776 139.5444
35.751354 139.54527
35.62935 139.74211
35.717693 139.75801
35.55138 139.7884
35.728756 139.71127
35.681133 139.76782
35.65151 139.63647
35.561916 139.57524
35.630836 139.74298
35.536922 139.63496
35.700363 139.75043
35.71178 139.7961
35.665543 139.8938
35.62792 139.74
35.691917 139.70569
35.634594 139.88554
35.67882 139.66568
35.659813 139.68384
35.70427 139.77072
35.62475 139.78131
35.660503 139.68498
35.65795 139.70076
35.54506 139.76903
35.67411 139.66714
35.729347 139.71817
35.714367 139.76004
35.680206 139.78928
35.698227 139.76414
35.69836 139.76408
35.703823 139.58023
35.711857 139.77402
35.56124 139.716
35.65975 139.70088
35.65795 139.70076
35.66989 139.64767
35.68279 139.68687
35.664185 139.75111
35.64521 139.74405
35.700195 139.73523
35.660175 139.69891
35.680847 139.47078
35.674416 139.70645
35.65617 139.54443
35.601242 139.7679
35.71492 139.5649
35.763836 139.66417
35.63111 139.65654
35.562897 139.71541
35.67382 139.78369
35.55713 139.72191
35.691006 139.71436
35.756912 139.87563
35.676517 139.6771
35.626083 139.78116
35.704174 139.5996
35.655777 139.5421
35.561535 139.57455
35.6364 139.88205
35.707104 139.78127
35.655 139.70642
35.62238 139.72745
35.51511 139.70908
35.631733 139.79764
35.668617 139.75816
35.681736 139.76485
35.67885 139.63618
35.695503 139.75171
35.691715 139.69864
35.663616 139.63506
35.70222 139.74515
35.648125 139.74875
35.667194 139.75854
35.653854 139.69289
35.72981 139.71643
35.646347 139.74731
35.635174 139.88454
35.695812 139.7387
35.758358 139.65312
35.600803 139.5078
35.658703 139.68327
35.65866 139.6998
35.658234 139.70854
35.686844 139.76537
35.728107 139.54025
35.604713 139.5075
35.771008 139.64078
35.7364 139.65288
35.658604 139.70813
35.744377 139.79779
35.65694 139.54187
35.658516 139.70134
35.686943 139.76544
35.68279 139.68687
35.657322 139.60274
35.692265 139.70522
35.693027 139.69789
35.728848 139.79039
35.682957 139.76636
35.579178 139.55333
35.700363 139.75043
35.701183 139.75023
35.62006 139.72923
35.626907 139.63628
35.71192 139.77554
35.55127 139.78758
35.698776 139.771
35.691715 139.69864
35.745712 139.81908
35.648342 139.65327
35.62727 139.74039
35.71391 139.70683
35.642418 139.71391
35.70611 139.70697
35.67979 139.7775
35.693314 139.69913
35.660294 139.76347
35.69521 139.75824
35.666485 139.73772
35.67302 139.79486
35.678493 139.7651
35.727074 139.77145
35.73854 139.83769
35.66996 139.71698
35.680313 139.77055
35.678356 139.7469
35.580967 139.64146
35.665497 139.75964
35.665806 139.75314
35.733902 139.83191
35.68424 139.68364
35.66439 139.75919
35.68755 139.77562
35.69631 139.82529
35.682804 139.78438
35.669495 139.49432
35.660194 139.70541
35.647793 139.74583
35.526314 139.741
35.66384 139.63399
35.68599 139.78293
35.669815 139.61662
35.668903 139.74023
35.544098 139.60385
35.69444 139.73763
35.692238 139.69415
35.67052 139.77373
35.65761 139.69894
35.656746 139.541
35.662334 139.70752
35.657127 139.54347
35.653976 139.76193
35.84091 139.79593
35.69218 139.70296
35.688786 139.7368
35.681133 139.76782
35.698475 139.7612
35.55004 139.7899
35.5747 139.6619
35.550476 139.78944
35.67435 139.76704
35.652874 139.60133
35.68903 139.81567
35.682186 139.73445
35.686325 139.78227
35.708958 139.79657
35.70836 139.6149
35.642242 139.73393
35.69309 139.76543
35.62688 139.69237
35.595646 139.75073
35.59428 139.75375
35.685696 139.74164
35.6886 139.7107
35.56807 139.55347
35.68424 139.73813
35.732525 139.76486
35.707485 139.74936
35.632793 139.71481
35.710724 139.68633
35.65899 139.69887
35.709908 139.71805
35.624508 139.8876
35.55127 139.78758
35.562923 139.56981
35.68034 139.7678
35.709057 139.7195
35.729897 139.70303
35.66099 139.70958
35.69793 139.77524
35.695324 139.69011
35.632553 139.66017
35.740868 139.81206
35.730824 139.70407
35.643745 139.66972
35.8098 139.57912
35.629456 139.65836
35.70031 139.75618
35.713226 139.7047
35.628872 139.65935
35.69747 139.68286
35.699436 139.75714
35.529808 139.71199
35.668125 139.74106
35.672062 139.78424
35.69194 139.69966
35.701942 139.74364
35.561356 139.57509
35.688103 139.69345
35.628418 139.73987
35.69747 139.76152
35.56158 139.57454
35.706783 139.71774
35.71001 139.71822
35.690517 139.66693
35.65852 139.7402
35.661552 139.70676
35.685696 139.74164
35.712463 139.70717
35.72345 139.75055
35.70784 139.71667
35.661495 139.70305
35.70568 139.64941
35.710915 139.79788
35.709057 139.7195
35.69479 139.68251
35.653954 139.76254
35.804344 139.80437
35.69072 139.75655
35.682495 139.79164
35.6858 139.741
35.604374 139.68396
35.71334 139.71115
35.66116 139.63327
35.627026 139.88905
35.67965 139.77997
35.535324 139.58948
35.656654 139.75479
35.66099 139.70958
35.656593 139.5441
35.69309 139.76543
35.6473 139.71251
35.554893 139.64745
35.71406 139.77408
35.68815 139.71483
35.69747 139.76152
35.67988 139.76837
35.683903 139.73805
35.67391 139.7411
35.714787 139.70174
35.65643 139.54462
35.651997 139.75412
35.706055 139.64822
35.685463 139.66931
35.70611 139.70697
35.56528 139.71838
35.68403 139.76936
35.68583 139.66823
35.64668 139.7104
35.681133 139.76782
35.66038 139.73056
35.765076 139.7357
35.55127 139.78758
35.564827 139.71773
35.70581 139.70691
35.715687 139.77672
35.62935 139.74211
35.7035 139.58038
35.682938 139.73222
35.682106 139.80768
35.602654 139.68384
35.6655 139.70372
35.629868 139.79427
35.626667 139.74037
35.63402 139.71667
35.62436 139.88803
35.698193 139.58096
35.666653 139.76015
35.55138 139.7884
35.559605 139.71616
35.698265 139.77588
35.630836 139.74298
35.579994 139.5771
35.696156 139.7427
35.675438 139.7629
35.665115 139.71246
35.727814 139.712
35.69285 139.72281
35.686325 139.78227
35.751213 139.86777
35.75124 139.86775
35.678253 139.7364
35.659374 139.69841
35.68379 139.65833
35.676647 139.76366
35.622845 139.75075
35.671215 139.765
35.81571 139.72095
35.684788 139.76602
35.665543 139.8938
35.627888 139.7407
35.701897 139.62976
35.703007 139.77167
35.72345 139.75055
35.68118 139.77509
35.61108 139.74873
35.67088 139.71686
35.702072 139.75531
35.730408 139.71115
35.674084 139.74109
35.673927 139.741
35.723053 139.7491
35.792164 139.67305
35.688698 139.69861
35.70427 139.77072
35.60993 139.82565
35.7295 139.70998
35.74978 139.80547
35.76939 139.66096
35.706814 139.69443
35.68103 139.77534
35.70847 139.7536
35.561535 139.57455
35.680367 139.7567
35.607063 139.73224
35.681213 139.77037
35.682346 139.7599
35.562042 139.71509
35.682747 139.75569
35.679188 139.76804
35.66051 139.72922
35.62238 139.72745
35.65975 139.70088
35.694023 139.7947
35.686104 139.72937
35.690456 139.70605
35.668205 139.73845
35.716766 139.51859
35.63777 139.60385
35.548977 139.78398
35.55138 139.7884
35.692142 139.6739
35.629242 139.77931
35.563293 139.71507
35.696686 139.76013
35.71473 139.79674
35.691925 139.6954
35.564827 139.71773
35.69959 139.77536
35.683777 139.78214
35.666557 139.7782
35.632946 139.79327
35.669983 139.64215
35.548977 139.78398
35.67887 139.77853
35.664654 139.72856
35.681473 139.77118
35.731762 139.70747
35.570774 139.55406
35.643646 139.74924
35.666195 139.7747
35.669136 139.77975
35.712856 139.70625
35.69807 139.77548
35.69556 139.77588
35.5538 139.64691
35.691254 139.69547
35.67965 139.77997
35.729656 139.79181
35.7293 139.71642
35.69485 139.69086
35.64783 139.74594
35.699738 139.7414
35.718887 139.77646
35.671772 139.7084
35.69305 139.69946
35.631012 139.60089
35.664387 139.73
35.629868 139.79427
35.68212 139.80034
35.737087 139.67242
35.685303 139.73366
35.67126 139.4808
35.667156 139.74
35.687508 139.69434
35.698227 139.76414
35.6781 139.78471
35.6538 139.75606
35.69836 139.76408
35.69133 139.69922
35.63106 139.60149
35.62704 139.74132
35.71045 139.79155
35.674236 139.75908
35.70595 139.71783
35.69876 139.75641
35.682064 139.76926
35.74978 139.80547
35.55365 139.64606
35.698494 139.77219
35.66667 139.72852
35.80514 139.69798
35.69275 139.72841
35.666443 139.75287
35.700386 139.74863
35.6866 139.78362
35.684788 139.76602
35.681053 139.77191
35.702366 139.77052
35.786793 139.82222
35.604946 139.7344
35.66022 139.72993
35.710014 139.7132
35.64827 139.74666
35.57792 139.73384
35.6736 139.73824
35.70339 139.90349
35.64781 139.74663
35.633476 139.66154
35.68056 139.77063
35.655518 139.75673
35.70494 139.62045
35.629868 139.79427
35.695618 139.74121
35.703346 139.56021
35.682728 139.77496
35.6462 139.62062
35.72737 139.6953
35.72737 139.6953
35.68573 139.76398
35.70214 139.77176
35.72917 139.76353
35.681133 139.76782
35.663006 139.74504
35.670544 139.71785
35.545498 139.57452
35.70044 139.75043
35.544205 139.5728
35.665497 139.75964
35.688786 139.7368
35.57476 139.69833
35.61626 139.5641
35.623604 139.8872
35.66042 139.70543
35.692444 139.75851
35.712948 139.76108
35.689606 139.69167
35.69556 139.77588
35.655567 139.7366
35.55138 139.7884
35.55138 139.7884
35.691715 139.69864
35.626797 139.77437
35.653954 139.76254
35.675808 139.74489
35.69737 139.76843
35.70686 139.66652
35.665035 139.7125
35.712593 139.7043
35.629868 139.79427
35.665157 139.7698
35.663048 139.78227
35.65643 139.54462
35.62592 139.78223
35.701942 139.74364
35.65857 139.70294
35.667046 139.77673
35.710308 139.73694
35.730377 139.90706
35.661552 139.70676
35.69797 139.78664
35.66785 139.77574
35.62111 139.60927
35.667484 139.63116
35.654682 139.73701
35.65361 139.64648
35.667923 139.62929
35.668488 139.70538
35.727585 139.75266
35.6828 139.69623
35.740868 139.81206
35.642273 139.71346
35.56133 139.57562
35.713226 139.7047
35.619736 139.72858
35.691017 139.6869
35.564827 139.71773
35.592014 139.75282
35.679558 139.7627
35.840767 139.79628
35.72992 139.716
35.664192 139.7446
35.651188 139.55789
35.681248 139.76749
35.599762 139.71622
35.629868 139.79427
35.665115 139.71246
35.610844 139.55371
35.67224 139.73688
35.654865 139.79626
35.670544 139.71785
35.684593 139.76509
35.668224 139.83192
35.730274 139.71138
35.690243 139.6968
35.78543 139.73367
35.66711 139.7748
35.6804 139.70265
35.635143 139.57819
35.645752 139.71104
35.71334 139.71115
35.65649 139.69496
35.648342 139.65327
35.73174 139.75949
35.673046 139.75992
35.553474 139.5785
35.695442 139.74924
35.68997 139.68477
35.66735 139.77846
35.70749 139.68878
35.693623 139.6997
35.624287 139.88779
35.700546 139.75658
35.702442 139.77045
35.66021 139.7095
35.709312 139.69417
35.70532 139.64946
35.698257 139.75453
35.702213 139.77072
35.699017 139.77463
35.66646 139.7631
35.700516 139.77104
35.64094 139.63232
35.562923 139.56981
35.684612 139.78575
35.683533 139.63777
35.73238 139.75842
35.699615 139.7714
35.701283 139.77094
35.701218 139.77118
35.70128 139.77104
35.62935 139.74211
35.688602 139.69894
35.66319 139.73213
35.655468 139.74707
35.731346 139.71309
35.64317 139.64644
35.699497 139.7711
35.714787 139.70174
35.699406 139.77112
35.625298 139.8873
35.631733 139.79764
35.655342 139.74568
35.703106 139.6488
35.657024 139.5476
35.6861 139.74301
35.6921 139.78488
35.76133 139.70552
35.788265 139.61288
35.698257 139.75453
35.69712 139.76114
35.630836 139.74298
35.648537 139.72034
35.68468 139.76605
35.708855 139.74806
35.54865 139.78285
35.698265 139.77588
35.69997 139.7438
35.63113 139.79573
35.666847 139.77832
35.68097 139.70683
35.698967 139.77138
35.651043 139.54433
35.659527 139.70256
35.629868 139.79427
35.695488 139.77281
35.629868 139.79427
35.69747 139.76152
35.57183 139.68634
35.66959 139.8176
35.66959 139.8176
35.70773 139.76727
35.699883 139.77242
35.630814 139.72594
35.70947 139.73347
35.69975 139.76552
35.686726 139.77423
35.81156 139.61905
35.69834 139.76886
35.690186 139.70137
35.670704 139.69664
35.693222 139.77972
35.684353 139.7372
35.699856 139.77106
35.705814 139.65005
35.655342 139.70624
35.55138 139.7884
35.705856 139.6499
35.607784 139.73335
35.706093 139.65013
35.699516 139.71848
35.657127 139.54347
35.688602 139.69894
35.631733 139.79764
35.63974 139.72217
35.669697 139.76248
35.702377 139.73798
35.632854 139.7983
35.754936 139.63733
35.629868 139.79427
35.710308 139.73694
35.678608 139.76169
35.623997 139.76877
35.69895 139.74457
35.736397 139.4923
35.65939 139.60378
35.66713 139.7463
35.792164 139.67305
35.649464 139.70529
35.62694 139.8865
35.62694 139.8865
35.68761 139.71938
35.650043 139.70552
35.691395 139.76207
35.70619 139.70657
35.698578 139.8142
35.6727 139.72406
35.662796 139.72954
35.684998 139.78366
35.66151 139.70306
35.69614 139.76875
35.642944 139.73415
35.702488 139.58
35.709106 139.73772
35.584194 139.73473
35.626514 139.88388
35.71406 139.77408
35.56361 139.71597
35.684853 139.77887
35.668716 139.70554
35.552147 139.64719
35.695698 139.77287
35.655136 139.793
35.66664 139.74028
35.606064 139.68324
35.644386 139.73431
35.660393 139.72903
35.678078 139.76706
35.698776 139.771
35.69958 139.63634
35.65943 139.70056
35.62238 139.72745
35.587406 139.72858
35.658905 139.70258
35.55369 139.64577
35.61053 139.72234
35.801815 139.71803
35.68584 139.76337
35.840767 139.79628
35.66906 139.74245
35.660667 139.72513
35.55565 139.654
35.70789 139.77432
35.655518 139.75673
35.630787 139.7906
35.714108 139.76147
35.6825 139.7859
35.642876 139.66934
35.68529 139.63907
35.671726 139.83698
35.567722 139.69623
35.661865 139.7492
35.74545 139.51434
35.682796 139.68687
35.766125 139.80922
35.68812 139.7003
35.681267 139.73563
35.603504 139.68443
35.71294 139.75964
35.568054 139.69843
35.68271 139.687
35.698494 139.77219
35.627888 139.73856
35.649124 139.65411
35.664528 139.85922
35.669273 139.70392
35.68346 139.47934
35.668297 139.70506
35.664646 139.72635
35.626072 139.8761
35.69747 139.76152
35.659195 139.70267
35.623123 139.74918
35.65852 139.7402
35.672646 139.72295
35.626545 139.73805
35.692474 139.77095
35.692474 139.77095
35.730137 139.79181
35.672268 139.76578
35.70037 139.77054
35.703365 139.77246
35.696278 139.76918
35.682095 139.682
35.83084 139.73598
35.66318 139.86237
35.710766 139.77596
35.571575 139.57645
35.627277 139.74094
35.69227 139.77177
35.511482 139.7165
35.665134 139.7327
35.580574 139.57382
35.710724 139.68633
35.55117 139.78113
35.52131 139.6722
35.659912 139.70094
35.61005 139.57347
35.63111 139.65654
35.530735 139.6976
35.660164 139.69748
35.617733 139.71237
35.550476 139.78944
35.76434 139.82733
35.64863 139.71062
35.66895 139.69131
35.635303 139.51572
35.699223 139.63564
35.66413 139.52701
35.68812 139.75566
35.728596 139.71977
35.707104 139.78127
35.68358 139.68643
35.66413 139.52701
35.551292 139.78741
35.665787 139.73096
35.76391 139.62955
35.591843 139.71909
35.52709 139.69441
35.630302 139.88144
35.61879 139.61786
35.55138 139.7884
35.681248 139.76749
35.70134 139.74275
35.55342 139.57712
35.683155 139.82587
35.55456 139.57632
35.660522 139.69704
35.667686 139.71564
35.77802 139.72089
35.690598 139.69957
35.55004 139.7899
35.701717 139.82417
35.73608 139.74721
35.732067 139.77798
35.61606 139.67905
35.682434 139.77393
35.680393 139.73459
35.652737 139.75111
35.617313 139.63098
35.617386 139.63243
35.77842 139.69838
35.590565 139.55104
35.669003 139.76607
35.68139 139.77556
35.74957 139.80678
35.67247 139.75848
35.7171 139.85707
35.531895 139.69542
35.669983 139.64215
35.73938 139.79742
35.663242 139.73221
35.612453 139.62593
35.70124 139.77203
35.681023 139.768
35.670277 139.67062
35.660923 139.75146
35.667686 139.71564
35.643417 139.86476
35.81571 139.72095
35.669006 139.60231
35.70482 139.57916
35.697514 139.7652
35.531384 139.69954
35.65917 139.69853
35.74801 139.80661
35.653854 139.88216
35.701664 139.54507
35.69317 139.5092
35.663036 139.76129
35.633724 139.88239
35.678337 139.90816
35.69874 139.77077
35.610687 139.74847
35.629868 139.79427
35.654575 139.79242
35.58627 139.73294
35.665695 139.69078
35.680344 139.7684
35.691677 139.70467
35.695652 139.50568
35.653465 139.61559
35.657776 139.69125
35.658497 139.69548
35.728104 139.77257
35.667503 139.77573
35.658497 139.69548
35.735653 139.65352
35.667686 139.71564
35.72983 139.7148
35.575424 139.66092
35.655586 139.70084
35.6387 139.74004
35.69852 139.76543
35.737762 139.65453
35.67842 139.76326
35.52275 139.6248
35.749252 139.75522
35.70035 139.77174
35.632874 139.87895
35.803883 139.73012
35.6596 139.69841
35.72836 139.77095
35.723087 139.5004
35.698193 139.58096
35.696686 139.76013
35.67954 139.76845
35.685745 139.78104
35.78125 139.61638
35.586624 139.62991
35.672092 139.48042
35.70049 139.77179
35.759174 139.71393
35.701588 139.5448
35.695503 139.75171
35.68666 139.53815
35.72688 139.56358
35.51953 139.62556
35.533764 139.72946
35.709934 139.77454
35.53304 139.73502
35.63088 139.88066
35.679836 139.78006
35.70294 139.81866
35.705837 139.72112
35.63057 139.71434
35.54896 139.78418
35.707275 139.77158
35.673588 139.76271
35.70086 139.70819
35.668793 139.76248
35.68131 139.49814
35.549076 139.73187
35.70947 139.73347
35.672432 139.70985
35.531487 139.70076
35.532036 139.64822
35.692368 139.70471
35.681133 139.76782
35.680344 139.7684
35.669685 139.6136
35.688766 139.69812
35.6577 139.90268
35.697285 139.70218
35.67189 139.7996
35.821434 139.6906
35.66413 139.52701
35.661266 139.69824
35.646168 139.7079
35.81554 139.58675
35.704906 139.57951
35.686653 139.69682
35.681316 139.76662
35.699883 139.77242
35.66387 139.71025
35.665367 139.72638
35.675144 139.75975
35.700302 139.77266
35.65943 139.70056
35.702053 139.77113
35.693653 139.70146
35.652554 139.88136
35.776825 139.6189
35.718872 139.85768
35.665367 139.72638
35.607475 139.66608
35.686726 139.77423
35.701176 139.77098
35.63998 139.86218
35.63194 139.7966
35.704464 139.56096
35.70034 139.77116
35.694893 139.76744
35.658466 139.7049
35.659252 139.6979
35.6596 139.69841
35.697243 139.75748
35.659245 139.70264
35.681133 139.76686
35.70075 139.77191
35.703205 139.75456
35.703697 139.63708
35.665787 139.73096
35.655533 139.70598
35.603374 139.6169
35.65742 139.54025
35.73122 139.70901
35.658348 139.54083
35.6576 139.5428
35.67852 139.74428
35.649227 139.70282
35.700485 139.57884
35.71014 139.8134
35.653015 139.7622
35.7308 139.71056
35.70075 139.70801
35.732857 139.70923
35.64365 139.6705
35.68577 139.69101
35.62089 139.56943
35.699883 139.77242
35.675438 139.7629
35.530952 139.69768
35.658497 139.69548
35.82136 139.6284
35.67991 139.76791
35.65509 139.79243
35.808468 139.75275
35.849545 139.63962
35.77905 139.83917
35.700375 139.7702
35.626133 139.79675
35.63101 139.88208
35.66786 139.76971
35.648586 139.70302
35.676823 139.76416
35.686325 139.78227
35.632812 139.88031
35.66208 139.71286
35.55138 139.7884
35.623257 139.57109
35.656303 139.57648
35.665787 139.73096
35.655766 139.47742
35.602634 139.73193
35.699017 139.77463
35.644207 139.70082
35.678154 139.70569
35.687057 139.78003
35.674007 139.70758
35.546253 139.57602
35.52709 139.69441
35.811626 139.66226
35.665405 139.73112
35.5759 139.59727
35.649998 139.67441
35.692184 139.69711
35.68212 139.80034
35.573402 139.66159
35.629868 139.79427
35.732964 139.71945
35.575657 139.66098
35.811165 139.67885
35.575634 139.66096
35.706585 139.76068
35.525433 139.64468
35.69858 139.7079
35.627365 139.6264
35.70687 139.68723
35.73017 139.71376
35.717896 139.56738
35.75957 139.6286
35.65907 139.70058
35.524742 139.64561
35.716427 139.7726
35.71555 139.70633
35.693653 139.70146
35.66188 139.70105
35.710724 139.68633
35.68034 139.7678
35.603115 139.50887
35.59631 139.68518
35.60662 139.68579
35.66413 139.52701
35.628418 139.73987
35.847282 139.68782
35.60316 139.50908
35.703205 139.75456
35.56836 139.55257
35.691864 139.70256
35.64111 139.74533
35.826817 139.65268
35.66188 139.70105
35.545498 139.57452
35.58663 139.62996
35.666866 139.71127
35.61935 139.70485
35.649662 139.80135
35.77733 139.71832
35.686077 139.762
35.68396 139.73247
35.690857 139.66957
35.807552 139.71397
35.680393 139.73459
35.643715 139.66965
35.66413 139.52701
35.685905 139.70076
35.6716 139.76225
35.644104 139.66896
35.671715 139.76236
35.68215 139.77962
35.667686 139.71564
35.78682 139.6745
35.661926 139.70108
35.653984 139.78156
35.524593 139.6456
35.663177 139.69498
35.704826 139.57913
35.69997 139.77081
35.550007 139.78316
35.710968 139.72197
35.665874 139.73009
35.738697 139.51018
35.700783 139.76643
35.69952 139.77045
35.53193 139.69855
35.65881 139.69713
35.58557 139.58394
35.70304 139.63625
35.83963 139.79785
35.69797 139.78664
35.576897 139.65096
35.664143 139.7548
35.57755 139.59497
35.66297 139.76083
35.701813 139.77126
35.66356 139.72902
35.684258 139.69978
35.69188 139.7397
35.64358 139.6087
35.69431 139.76027
35.66413 139.52701
35.705875 139.77335
35.690845 139.70497
35.548656 139.78572
35.62011 139.62672
35.703205 139.75456
35.65579 139.73703
35.71555 139.70633
35.70081 139.81581
35.65684 139.69151
35.66063 139.66891
35.728596 139.71977
35.66413 139.52701
35.66392 139.69806
35.60662 139.68579
35.807728 139.71431
35.748367 139.702
35.70503 139.57782
35.640465 139.75691
35.67027 139.60365
35.703205 139.75456
35.62428 139.7102
35.621216 139.62961
35.64807 139.74481
35.660027 139.69592
35.715664 139.7741
35.55177 139.78755
35.654865 139.79626
35.671448 139.71722
35.698303 139.76234
35.702682 139.75047
35.52634 139.62613
35.552734 139.78802
35.65886 139.69978
35.692856 139.69888
35.67438 139.76143
35.661552 139.70676
35.670204 139.74982
35.701622 139.75275
35.660847 139.72966
35.699066 139.4803
35.66441 139.73543
35.55138 139.7884
35.704838 139.76881
35.725594 139.73021
35.64993 139.65273
35.68536 139.77429
35.64312 139.80254
35.695705 139.73108
35.700195 139.73523
35.672783 139.72403
35.701645 139.74336
35.5482 139.78345
35.665035 139.7125
35.65312 139.5624
35.656094 139.544
35.66959 139.8176
35.656303 139.75464
35.55138 139.7884
35.682907 139.77199
35.764397 139.85263
35.702156 139.74043
35.617622 139.77838
35.736275 139.63843
35.764988 139.8518
35.665115 139.71246
35.69414 139.68767
35.706005 139.70866
35.76133 139.70552
35.740868 139.81206
35.63278 139.70389
35.68727 139.70016
35.63273 139.70372
35.623466 139.70728
35.75859 139.78929
35.62537 139.70726
35.653866 139.7498
35.67188 139.73758
35.703312 139.74245
35.72447 139.71463
35.74801 139.80661
35.73411 139.89943
35.60789 139.66925
35.728836 139.71455
35.768265 139.8711
35.533028 139.69489
35.5606 139.69673
35.65361 139.64648
35.708496 139.74849
35.643837 139.73125
35.713623 139.76295
35.712463 139.70717
35.857086 139.65198
35.672153 139.81142
35.54506 139.76903
35.602654 139.68384
35.656593 139.5441
35.71738 139.76213
35.64892 139.75244
35.672268 139.76578
35.629868 139.79427
35.708496 139.74849
35.71334 139.71115
35.661114 139.69966
35.76425 139.7216
35.671703 139.74149
35.66 139.70244
35.6731 139.74077
35.668636 139.70563
35.684612 139.78575
35.671745 139.7618
35.668636 139.70563
35.529964 139.69963
35.694336 139.7887
35.66099 139.70958
35.64778 139.67902
35.64159 139.71327
35.690598 139.69957
35.71453 139.69638
35.67018 139.71446
35.64993 139.65273
35.660366 139.72897
35.669933 139.82523
35.561356 139.57509
35.77168 139.73361
35.68839 139.76288
35.709694 139.66814
35.724533 139.79729
35.625244 139.77571
35.808277 139.68823
35.54917 139.78479
35.71041 139.7673
35.70947 139.73347
35.695415 139.75111
35.657192 139.54184
35.660595 139.70715
35.668636 139.70563
35.64695 139.70226
35.708252 139.79742
35.70606 139.71655
35.681633 139.69283
35.729767 139.70969
35.660385 139.72928
35.703007 139.77167
35.690792 139.70377
35.690792 139.70377
35.733856 139.79758
35.68529 139.63907
35.735844 139.79697
35.657505 139.54231
35.74276 139.78088
35.591743 139.67972
35.737446 139.7961
35.683784 139.76857
35.654232 139.75165
35.7017 139.69885
35.708855 139.74806
35.729595 139.70978
35.710037 139.8107
35.64286 139.73404
35.703545 139.59978
35.642273 139.71346
35.695415 139.75111
35.676197 139.76976
35.695736 139.74919
35.702934 139.7547
35.695415 139.74149
35.69525 139.80913
35.692493 139.70113
35.65771 139.54156
35.711433 139.70964
35.646133 139.74033
35.637985 139.71324
35.63951 139.71165
35.64077 139.71269
35.680134 139.76823
35.64281 139.74483
35.55138 139.7884
35.660503 139.68498
35.64317 139.64644
35.591743 139.7303
35.62657 139.73805
35.703003 139.74307
35.654617 139.5427
35.729897 139.70303
35.648056 139.74164
35.688553 139.76274
35.659813 139.68384
35.700672 139.77286
35.65907 139.70058
35.658184 139.7029
35.690544 139.70355
35.710915 139.68446
35.630836 139.74298
35.6589 139.70326
35.64316 139.64583
35.654488 139.75708
35.681374 139.76778
35.660255 139.68352
35.68536 139.77429
35.656773 139.75363
35.661137 139.6978
35.690517 139.66693
35.54506 139.76903
35.727074 139.77145
35.62238 139.72745
35.76275 139.73065
35.702717 139.56166
35.70488 139.79315
35.719414 139.73424
35.590256 139.72803
35.557846 139.70256
35.55138 139.7884
35.681984 139.78778
35.685535 139.77551
35.668636 139.70563
35.729767 139.70413
35.55138 139.7884
35.667427 139.76126
35.54506 139.76903
35.690166 139.7131
35.561535 139.57455
35.73649 139.6386
35.66047 139.72928
35.729725 139.7669
35.681133 139.76782
35.665802 139.75653
35.66151 139.70306
35.681133 139.76782
35.589794 139.72842
35.73607 139.84116
35.691837 139.70312
35.73683 139.84047
35.70289 139.74345
35.675407 139.48225
35.66464 139.76192
35.678513 139.78728
35.659424 139.72809
35.693 139.69531
35.73061 139.76736
35.589596 139.73015
35.82272 139.64177
35.644386 139.73431
35.68219 139.79897
35.667725 139.70023
35.68366 139.65837
35.78934 139.61545
35.728848 139.79039
35.657127 139.54347
35.685207 139.77467
35.656216 139.70137
35.69958 139.63634
35.56277 139.71535
35.697514 139.78645
35.73352 139.63902
35.68969 139.70232
35.6762 139.69937
35.674736 139.76407
35.60414 139.73105
35.626884 139.74197
35.665905 139.73817
35.590565 139.73026
35.731564 139.76683
35.686913 139.76361
35.714455 139.7889
35.69047 139.8232
35.659397 139.6944
35.6819 139.70229
35.621418 139.68246
35.65227 139.72223
35.67986 139.63635
35.618572 139.72798
35.64692 139.74625
35.67604 139.76929
35.64627 139.69995
35.655518 139.75673
35.62905 139.73985
35.710037 139.8107
35.655937 139.7564
35.696453 139.6897
35.6874 139.73631
35.70488 139.75674
35.671734 139.47945
35.69618 139.7588
35.647896 139.74615
35.668594 139.7396
35.54896 139.78418
35.689583 139.6917
35.72695 139.71896
35.69154 139.74017
35.731293 139.74095
35.66632 139.75699
35.66099 139.70958
35.621395 139.77316
35.693222 139.77972
35.658604 139.70813
35.7617 139.6741
35.701508 139.77635
35.67058 139.71698
35.681133 139.76782
35.662663 139.7336
35.665062 139.73047
35.69227 139.77177
35.562923 139.56981
35.54506 139.76903
35.618317 139.74168
35.69649 139.79608
35.689102 139.7356
35.62905 139.73985
35.668385 139.80583
35.64673 139.7401
35.646324 139.68082
35.62904 139.77637
35.74684 139.84618
35.66948 139.68182
35.64051 139.75485
35.742584 139.84248
35.668636 139.70563
35.76838 139.8745
35.67932 139.76205
35.71886 139.72795
35.657 139.75865
35.663246 139.73228
35.681267 139.73563
35.709057 139.7195
35.674973 139.77708
35.66894 139.76498
35.70891 139.80775
35.662205 139.73479
35.66597 139.76149
35.721188 139.86266
35.71041 139.72879
35.642944 139.73415
35.64892 139.75244
35.52634 139.62613
35.62258 139.68439
35.6824 139.77386
35.67867 139.78706
35.54506 139.76903
35.668396 139.7481
35.663036 139.76129
35.690712 139.75682
35.653954 139.70566
35.686607 139.68893
35.548862 139.7932
35.669315 139.81665
35.655514 139.7568
35.654488 139.75708
35.714367 139.76004
35.56807 139.55347
35.559723 139.71437
35.668045 139.60063
35.67182 139.74785
35.653954 139.76254
35.657627 139.7538
35.730904 139.72116
35.570652 139.66302
35.66303 139.7011
35.6897 139.69862
35.579247 139.66716
35.70673 139.68753
35.661236 139.7233
35.692566 139.6987
35.699757 139.57341
35.676395 139.80841
35.652454 139.73763
35.701942 139.74364
35.661552 139.70676
35.666622 139.71078
35.658905 139.70258
35.70596 139.70676
35.69793 139.77524
35.62521 139.77562
35.665035 139.7125
35.669186 139.64818
35.665115 139.71246
35.562923 139.56981
35.710743 139.76093
35.709057 139.7195
35.709908 139.71805
35.730415 139.71275
35.6462 139.62062
35.67542 139.67163
35.561356 139.57509
35.68652 139.76619
35.69249 139.86136
35.668438 139.60094
35.561356 139.57509
35.554893 139.64745
35.699017 139.77463
35.68072 139.71779
35.713226 139.7047
35.730274 139.71138
35.690517 139.66693
35.730164 139.72151
35.63042 139.87897
35.610622 139.55455
35.713554 139.7627
35.629456 139.65836
35.840767 139.79628
35.70717 139.75145
35.72993 139.71095
35.646988 139.71419
35.709057 139.7195
35.665497 139.75964
35.73737 139.67583
35.65491 139.7962
35.602654 139.68384
35.63745 139.75618
35.69194 139.69966
35.730183 139.7116
35.712463 139.70717
35.66535 139.72926
35.561535 139.57455
35.704197 139.58017
35.709187 139.71951
35.691715 139.69864
35.709755 139.71866
35.670746 139.71663
35.656593 139.5441
35.625557 139.70705
35.62537 139.70726
35.623466 139.70728
35.71334 139.71115
35.625874 139.70744
35.623196 139.75017
35.737408 139.65475
35.68727 139.70016
35.707485 139.74936
35.69298 139.76317
35.6762 139.69937
35.666256 139.7616
35.69097 139.73549
35.714787 139.70174
35.729897 139.70303
35.72961 139.70963
35.731148 139.70387
35.629242 139.77612
35.597874 139.6503
35.694393 139.69281
35.681374 139.76778
35.66051 139.72922
35.684994 139.77415
35.668243 139.64345
35.680862 139.53996
35.656372 139.69934
35.68652 139.76619
35.679558 139.7627
35.7071 139.75293
35.664032 139.54243
35.69807 139.77548
35.65916 139.54364
35.561356 139.57509
35.659138 139.54364
35.68659 139.76591
35.669685 139.76726
35.695503 139.75171
35.68543 139.7753
35.707043 139.75314
35.71555 139.70633
35.671745 139.7238
35.695736 139.74919
35.69562 139.7495
35.657127 139.54347
35.673046 139.75992
35.714367 139.76004
35.6259 139.77141
35.646748 139.56409
35.62521 139.77562
35.63115 139.88097
35.624756 139.77585
35.70984 139.72946
35.70183 139.57584
35.66783 139.70366
35.67028 139.71767
35.699017 139.77463
35.68206 139.78603
35.662067 139.70917
35.62816 139.77527
35.73358 139.67702
35.74065 139.74419
35.69747 139.76152
35.667156 139.76013
35.740032 139.74649
35.690784 139.70636
35.693623 139.75398
35.738117 139.74731
35.698494 139.77219
35.698166 139.77037
35.728603 139.71594
35.630836 139.74298
35.68206 139.78603
35.673893 139.75096
35.73988 139.74678
35.69639 139.75647
35.714573 139.7031
35.637985 139.71324
35.63951 139.71165
35.678345 139.7401
35.680916 139.80078
35.71007 139.66275
35.686592 139.69893
35.6162 139.70845
35.665115 139.71246
35.65163 139.54625
35.68022 139.76833
35.701717 139.69687
35.666565 139.72621
35.700363 139.75043
35.72992 139.716
35.695503 139.75171
35.67867 139.78706
35.69218 139.70296
35.709064 139.66483
35.732533 139.71555
35.663315 139.73212
35.73069 139.71237
35.62519 139.77542
35.70884 139.66487
35.690712 139.75682
35.55138 139.7884
35.631714 139.88094
35.632065 139.88083
35.792164 139.67305
35.706463 139.7746
35.712467 139.70784
35.675144 139.75975
35.702507 139.74551
35.719624 139.65245
35.667137 139.71397
35.54506 139.76903
35.664536 139.73924
35.653347 139.54272
35.672264 139.76662
35.670544 139.71785
35.63745 139.75618
35.6948 139.70393
35.672924 139.7604
35.63834 139.66713
35.686302 139.7716
35.660503 139.68498
35.69568 139.79262
35.660217 139.68419
35.70581 139.70691
35.729347 139.71817
35.64914 139.69937
35.672268 139.76578
35.729233 139.71906
35.696175 139.77089
35.644386 139.73431
35.68551 139.77438
35.688793 139.6979
35.65496 139.74837
35.636528 139.71768
35.62521 139.77562
35.642776 139.72043
35.729416 139.71469
35.676716 139.76627
35.655586 139.73787
35.532158 139.70607
35.70985 139.73096
35.624207 139.74193
35.693092 139.69307
35.710915 139.79788
35.6291 139.77737
35.67012 139.6486
35.652718 139.75905
35.69575 139.7916
35.667046 139.77316
35.7075 139.66469
35.665543 139.8938
35.64781 139.74663
35.73219 139.70905
35.68373 139.7784
35.66466 139.77155
35.561222 139.59303
35.70141 139.75385
35.68137 139.78651
35.677742 139.7668
35.69086 139.70485
35.696453 139.6897
35.625175 139.7755
35.66597 139.76149
35.710724 139.68633
35.656403 139.69946
35.677647 139.76274
35.691044 139.78966
35.71251 139.5639
35.656216 139.75687
35.6538 139.75606
35.629112 139.7442
35.655735 139.70354
35.64562 139.82626
35.68551 139.69096
35.685738 139.78256
35.63426 139.71158
35.665157 139.7698
35.641098 139.64294
35.643833 139.73122
35.641598 139.64392
35.61887 139.7316
35.68698 139.72972
35.671654 139.76146
35.681267 139.73563
35.670147 139.75247
35.65577 139.73524
35.73484 139.52515
35.698452 139.56297
35.629242 139.77612
35.7377 139.84929
35.650547 139.7534
35.730824 139.70407
35.632385 139.88158
35.63971 139.75546
35.69086 139.70485
35.69807 139.77548
35.673172 139.7364
35.714184 139.77524
35.681984 139.78778
35.676395 139.80841
35.65879 139.70271
35.6302 139.7949
35.695503 139.75171
35.52634 139.62613
35.68599 139.78244
35.656277 139.72728
35.67406 139.9034
35.810143 139.76282
35.532944 139.69577
35.713226 139.74922
35.668488 139.70538
35.689606 139.69167
35.532917 139.69707
35.705555 139.58188
35.70044 139.75043
35.667046 139.77673
35.653564 139.75989
35.653954 139.76254
35.710037 139.8107
35.626404 139.88771
35.6558 139.71149
35.633198 139.61157
35.55127 139.78758
35.67944 139.70488
35.60246 139.71306
35.69275 139.69821
35.655277 139.7122
35.647003 139.67198
35.64589 139.82649
35.693222 139.77972
35.6731 139.74077
35.686954 139.77313
35.69631 139.74142
35.64879 139.63623
35.695618 139.74121
35.74801 139.80661
35.695415 139.74149
35.73393 139.80945
35.734486 139.8095
35.623886 139.61359
35.66735 139.80396
35.818035 139.78842
35.67234 139.63608
35.664707 139.7395
35.708855 139.74806
35.664555 139.74963
35.644188 139.73416
35.657726 139.70033
35.73325 139.69943
35.644493 139.66972
35.63141 139.87343
35.69951 139.5175
35.542583 139.57472
35.808277 139.68823
35.599762 139.71622
35.728962 139.7131
35.665203 139.78448
35.730274 139.71138
35.613277 139.5497
35.646603 139.71204
35.55138 139.7884
35.62436 139.88803
35.7299 139.72397
35.628696 139.73965
35.553474 139.5785
35.70484 139.61899
35.65749 139.54445
35.715958 139.79868
35.70596 139.70676
35.634285 139.88159
35.67202 139.75764
35.712463 139.70717
35.69173 139.74011
35.629868 139.79427
35.66717 139.60207
35.766956 139.82068
35.562923 139.56981
35.62521 139.77562
35.67436 139.75426
35.778416 139.76048
35.664845 139.76079
35.71334 139.71115
35.656754 139.70152
35.604374 139.68396
35.660496 139.68881
35.61455 139.55782
35.64892 139.75244
35.665062 139.73047
35.693058 139.67938
35.66879 139.70477
35.656303 139.75464
35.672783 139.72403
35.609283 139.555
35.670223 139.73363
35.72021 139.7607
35.68652 139.76619
35.72981 139.71643
35.665157 139.7698
35.625595 139.77611
35.68659 139.76591
35.674904 139.76164
35.67867 139.77853
35.690903 139.70004
35.658516 139.77643
35.699493 139.7645
35.68206 139.78603
35.69747 139.68286
35.696423 139.81418
35.69528 139.69035
35.74305 139.60556
35.68118 139.76361
35.710308 139.73694
35.687943 139.72006
35.665543 139.8938
35.63148 139.74306
35.840767 139.79628
35.695488 139.75938
35.71049 139.52408
35.70881 139.81296
35.75817 139.87845
35.67886 139.78662
35.588654 139.57893
35.708813 139.73814
35.58559 139.70908
35.70898 139.72157
35.678875 139.78748
35.701694 139.69766
35.659813 139.68384
35.671127 139.7683
35.55127 139.78758
35.639633 139.63188
35.662247 139.7446
35.700214 139.75148
35.65873 139.72794
35.68559 139.69998
35.69213 139.76372
35.69996 139.74994
35.668636 139.70563
35.702934 139.7547
35.64801 139.74315
35.561916 139.57524
35.67867 139.78706
35.55138 139.7884
35.71994 139.72643
35.632946 139.79327
35.671906 139.76779
35.65975 139.70088
35.70359 139.74724
35.742363 139.64864
35.698296 139.75763
35.640522 139.52092
35.67088 139.71686
35.68144 139.76714
35.54506 139.76903
35.658566 139.74548
35.681133 139.76782
35.62622 139.884
35.718975 139.7275
35.757347 139.88098
35.639126 139.52008
35.52876 139.70781
35.740677 139.78558
35.64924 139.68132
35.69374 139.76418
35.68296 139.77641
35.63745 139.7385
35.692184 139.69711
35.64694 139.74736
35.671745 139.7618
35.68379 139.65833
35.753044 139.73456
35.681004 139.76384
35.701485 139.75415
35.69613 139.79192
35.737446 139.7961
35.63287 139.66063
35.71031 139.77357
35.64051 139.49013
35.67968 139.78024
35.694565 139.76009
35.693707 139.48862
35.710724 139.68633
35.567722 139.69623
35.68076 139.77345
35.649956 139.74835
35.568054 139.69843
35.65907 139.69891
35.730583 139.71155
35.701256 139.74742
35.69036 139.76591
35.69833 139.75644
35.65707 139.70787
35.628593 139.73929
35.689808 139.6979
35.68551 139.77562
35.629227 139.7776
35.628532 139.77782
35.69505 139.7769
35.679203 139.78418
35.6944 139.70193
35.657932 139.698
35.69747 139.76152
35.681133 139.76782
35.67659 139.7366
35.69323 139.89644
35.600536 139.61154
35.658745 139.69904
35.648098 139.74345
35.728848 139.79039
35.730778 139.71025
35.64433 139.73439
35.664562 139.73988
35.63548 139.87952
35.660923 139.75146
35.632812 139.88031
35.693615 139.81445
35.658146 139.75008
35.764706 139.72507
35.700363 139.75043
35.720173 139.65248
35.701183 139.75023
35.62521 139.77562
35.655518 139.79433
35.626244 139.74146
35.607037 139.6696
35.661583 139.70293
35.53688 139.63503
35.626072 139.8761
35.618607 139.77849
35.700474 139.77682
35.672325 139.73654
35.659966 139.69907
35.685535 139.77551
35.667156 139.76013
35.62521 139.77562
35.661846 139.69981
35.666866 139.74394
35.561356 139.57509
35.691967 139.74484
35.629868 139.79427
35.65559 139.73677
35.71547 139.70657
35.65694 139.54187
35.692265 139.76886
35.666744 139.73819
35.686443 139.72699
35.68118 139.76682
35.570744 139.74991
35.657238 139.69746
35.65643 139.54462
35.70035 139.77174
35.626587 139.74098
35.72981 139.71643
35.678734 139.78365
35.704742 139.75496
35.668636 139.70563
35.545086 139.7708
35.688103 139.69345
35.647194 139.74763
35.677742 139.7668
35.652508 139.5446
35.619217 139.73074
35.69241 139.69388
35.66597 139.76149
35.695652 139.76068
35.801025 139.71848
35.705826 139.56029
35.670746 139.71663
35.70427 139.77072
35.69182 139.77159
35.664734 139.8884
35.705715 139.78006
35.670868 139.7172
35.58116 139.64159
35.678383 139.70584
35.675182 139.75275
35.650917 139.55777
35.73431 139.66399
35.553753 139.57817
35.617817 139.74945
35.68403 139.77444
35.55138 139.7884
35.743435 139.75543
35.617676 139.64322
35.684383 139.73746
35.550594 139.78412
35.656868 139.75455
35.820423 139.57614
35.695255 139.74326
35.669666 139.66956
35.615887 139.62802
35.62521 139.77562
35.667686 139.71564
35.6558 139.71149
35.690834 139.69608
35.685173 139.7377
35.668118 139.6765
35.661114 139.69966
35.691467 139.69804
35.55138 139.7884
35.697643 139.6482
35.697327 139.77255
35.623585 139.73808
35.70397 139.66429
35.593678 139.52466
35.68654 139.73976
35.74622 139.75444
35.56294 139.55785
35.70359 139.76181
35.73988 139.74678
35.624756 139.77585
35.67458 139.71713
35.753803 139.75836
35.6694 139.70488
35.78543 139.73367
35.703487 139.58026
35.64763 139.81905
35.62535 139.5189
35.66199 139.66948
35.66791 139.81964
35.66188 139.70105
35.656353 139.4777
35.750572 139.6258
35.62638 139.72453
35.75368 139.7586
35.752144 139.85825
35.763493 139.67749
35.54549 139.74045
35.632885 139.87819
35.52275 139.6248
35.752445 139.8582
35.62535 139.5189
35.702457 139.80823
35.69877 139.77013
35.658745 139.70525
35.663315 139.73212
35.749073 139.74734
35.69236 139.70094
35.60834 139.70355
35.668438 139.90578
35.610687 139.74847
35.628193 139.69362
35.7493 139.74504
35.62535 139.5189
35.671005 139.71852
35.703808 139.77086
35.753822 139.62906
35.682007 139.54411
35.597385 139.71274
35.74801 139.80661
35.69816 139.70099
35.625725 139.5198
35.694508 139.70355
35.546047 139.785
35.694065 139.75363
35.645767 139.8065
35.54822 139.78523
35.58906 139.731
35.655518 139.75673
35.694393 139.69281
35.644054 139.74722
35.7067 139.80794
35.70523 139.76762
35.625725 139.5198
35.660633 139.72911
35.552876 139.6632
35.6916 139.7047
35.68696 139.74156
35.664867 139.77045
35.798077 139.77174
35.667686 139.71564
35.54917 139.78479
35.66051 139.72922
35.83272 139.67067
35.681374 139.54408
35.64077 139.71269
35.63951 139.71165
35.779858 139.56555
35.683582 139.60497
35.522243 139.7323
35.626667 139.74037
35.65907 139.70058
35.666706 139.79898
35.69605 139.75124
35.672882 139.80301
35.642998 139.86034
35.696804 139.75375
35.55465 139.78728
35.626667 139.74037
35.661945 139.73004
35.627758 139.73505
35.766125 139.80922
35.67804 139.71492
35.730644 139.71255
35.513107 139.65834
35.527 139.69418
35.625725 139.5198
35.70436 139.67152
35.693333 139.6929
35.666958 139.70677
35.677013 139.73705
35.67758 139.59148
35.618694 139.77972
35.55507 139.57758
35.699306 139.47874
35.66249 139.48564
35.79808 139.6712
35.672264 139.76662
35.553898 139.57812
35.53918 139.74162
35.74801 139.80661
35.594334 139.62076
35.60088 139.61324
35.54892 139.78452
35.667416 139.89392
35.70444 139.85786
35.708817 139.8091
35.660923 139.75146
35.6905 139.7
35.813583 139.67488
35.693657 139.75868
35.64205 139.74873
35.604347 139.50758
35.664845 139.86292
35.666958 139.70677
35.71406 139.77408
35.653873 139.795
35.578693 139.57365
35.701332 139.7713
35.577663 139.55647
35.698 139.65784
35.64691 139.80363
35.62535 139.5189
35.73938 139.79742
35.561985 139.71997
35.738895 139.7611
35.634594 139.88554
35.737896 139.76283
35.628197 139.77574
35.78015 139.61142
35.555542 139.58148
35.6933 139.69202
35.56877 139.54846
35.659687 139.74901
35.66267 139.6353
35.54822 139.78348
35.666443 139.77231
35.73441 139.76874
35.690598 139.69957
35.734425 139.76875
35.625725 139.5198
35.649006 139.80243
35.623775 139.52275
35.758286 139.88153
35.684742 139.77444
35.657 139.75865
35.703007 139.77167
35.63545 139.60939
35.81156 139.61905
35.659294 139.69527
35.733803 139.79932
35.72973 139.71484
35.80207 139.75978
35.67245 139.59604
35.858692 139.65912
35.719303 139.80365
35.633926 139.71504
35.756912 139.87563
35.649006 139.80243
35.666443 139.77231
35.70049 139.77179
35.626667 139.74037
35.69807 139.77548
35.658905 139.70258
35.69799 139.6992
35.67304 139.7691
35.686417 139.74405
35.821774 139.67746
35.524593 139.6456
35.71477 139.77792
35.616795 139.67593
35.64967 139.68773
35.673508 139.81174
35.709908 139.71805
35.648056 139.74164
35.652943 139.8763
35.62519 139.77542
35.570168 139.68541
35.703136 139.7715
35.682728 139.70184
35.580467 139.6436
35.729767 139.70413
35.650772 139.68964
35.70075 139.77191
35.672043 139.76418
35.67059 139.49008
35.566036 139.70534
35.656353 139.4777
35.684746 139.77179
35.711414 139.77718
35.712452 139.77592
35.858727 139.6582
35.55192 139.57928
35.6772 139.7784
35.57662 139.55898
35.66294 139.73221
35.657288 139.70178
35.649006 139.80243
35.717392 139.78938
35.52876 139.70781
35.634468 139.71591
35.625595 139.77611
35.589676 139.65263
35.692368 139.70471
35.78015 139.61142
35.598957 139.64973
35.737362 139.7729
35.705418 139.90285
35.62628 139.7707
35.688557 139.51505
35.555134 139.5778
35.675144 139.75975
35.657288 139.70363
35.64796 139.74448
35.64807 139.74481
35.65638 139.75827
35.575638 139.67958
35.62535 139.5189
35.691917 139.70569
35.776566 139.6315
35.663315 139.73212
35.649063 139.69986
35.658707 139.47913
35.76434 139.82733
35.67044 139.59822
35.817394 139.62747
35.62905 139.73985
35.719414 139.73424
35.70105 139.68259
35.679836 139.78006
35.687828 139.78938
35.69711 139.77098
35.66333 139.75829
35.60636 139.65779
35.73773 139.72331
35.653698 139.88194
35.69875 139.87338
35.68126 139.80379
35.682667 139.52788
35.669918 139.7032
35.704437 139.54605
35.701 139.77132
35.585327 139.66885
35.712074 139.76299
35.670685 139.76083
35.648056 139.74164
35.69997 139.77081
35.863064 139.74629
35.662918 139.75995
35.54892 139.78452
35.737476 139.67398
35.71219 139.7761
35.66605 139.64134
35.634907 139.61313
35.72906 139.71898
35.621395 139.77316
35.66114 139.69893
35.668793 139.75064
35.668793 139.75064
35.70101 139.80092
35.532036 139.64822
35.70185 139.7624
35.681133 139.76782
35.610104 139.62494
35.68171 139.76772
35.685257 139.70947
35.592037 139.75253
35.747467 139.5667
35.610355 139.62605
35.7054 139.57933
35.683357 139.77045
35.700428 139.77176
35.69952 139.77045
35.639664 139.51062
35.686325 139.78227
35.6683 139.7483
35.667194 139.75854
35.693214 139.70395
35.70427 139.77072
35.693214 139.70395
35.64294 139.669
35.667248 139.70892
35.718887 139.77646
35.839645 139.62885
35.663094 139.75504
35.66093 139.69545
35.54892 139.78452
35.62502 139.77519
35.671238 139.53856
35.697464 139.666
35.574738 139.68028
35.605373 139.67125
35.64662 139.6785
35.844013 139.70369
35.65093 139.53673
35.66188 139.70105
35.77152 139.86906
35.706512 139.83214
35.72992 139.72389
35.74684 139.84618
35.657887 139.47981
35.729347 139.71817
35.643745 139.66972
35.782574 139.7218
35.814465 139.58665
35.663494 139.87337
35.72906 139.71898
35.743736 139.78398
35.68808 139.69733
35.625107 139.77927
35.52944 139.70337
35.78635 139.86922
35.665115 139.71246
35.603115 139.50887
35.658733 139.70163
35.66188 139.70105
35.625595 139.77611
35.546387 139.7226
35.666008 139.7703
35.581158 139.64288
35.74224 139.84904
35.711346 139.77505
35.56552 139.67934
35.6434 139.6466
35.672783 139.72403
35.704304 139.58124
35.711346 139.77505
35.66807 139.77252
35.64769 139.6236
35.710724 139.68633
35.630627 139.88315
35.682434 139.77393
35.54474 139.76775
35.70427 139.77072
35.62976 139.74153
35.70464 139.60043
35.626667 139.74037
35.528603 139.6996
35.699017 139.77463
35.710743 139.7985
35.70075 139.77191
35.656284 139.70534
35.716766 139.51859
35.672092 139.48042
35.67885 139.63618
35.651814 139.7093
35.69951 139.77045
35.68127 139.5398
35.690903 139.69626
35.672894 139.72363
35.555058 139.57852
35.700253 139.77231
35.67337 139.71982
35.683357 139.77045
35.54892 139.78452
35.7789 139.7213
35.68055 139.7684
35.79221 139.71773
35.603115 139.50887
35.70847 139.7536
35.843357 139.67018
35.655605 139.73595
35.55365 139.64606
35.664486 139.69347
35.736355 139.52153
35.66188 139.70105
35.700325 139.77066
35.70833 139.77087
35.550594 139.78412
35.703007 139.77167
35.70075 139.77191
35.769527 139.6611
35.665604 139.75647
35.700737 139.77188
35.7071 139.75293
35.712467 139.7261
35.550888 139.78197
35.618225 139.72806
35.594364 139.5734
35.667892 139.81108
35.654747 139.72607
35.685413 139.74174
35.55138 139.7884
35.692467 139.70338
35.6259 139.77141
35.758183 139.87157
35.7299 139.72397
35.752457 139.87038
35.705585 139.7519
35.72568 139.71951
35.626667 139.74037
35.672268 139.76578
35.66777 139.69002
35.66188 139.70105
35.650608 139.76045
35.683147 139.7382
35.625595 139.68224
35.649883 139.68605
35.649883 139.68605
35.6655 139.72984
35.53087 139.69144
35.649883 139.68605
35.612293 139.62802
35.63974 139.72217
35.687008 139.70233
35.619392 139.5963
35.603596 139.5085
35.67495 139.7644
35.67421 139.7645
35.699036 139.77086
35.634453 139.57898
35.800575 139.7109
35.672436 139.76341
35.673027 139.76431
35.627964 139.77383
35.69343 139.69537
35.62014 139.7279
35.670204 139.74982
35.699017 139.77463
35.661926 139.70108
35.67529 139.73618
35.65688 139.75433
35.6701 139.7672
35.603596 139.5085
35.72906 139.71898
35.70645 139.58052
35.698326 139.77162
35.531437 139.69217
35.531437 139.69217
35.66188 139.70105
35.776825 139.6189
35.706642 139.84232
35.621395 139.77316
35.6683 139.7483
35.56544 139.65121
35.712856 139.70625
35.74111 139.84862
35.66256 139.8745
35.84314 139.66136
35.666866 139.74394
35.700073 139.77249
35.70075 139.77191
35.657166 139.7018
35.62015 139.77214
35.76993 139.64404
35.692493 139.70113
35.680862 139.53996
35.73966 139.84958
35.669964 139.48384
35.532944 139.69577
35.627773 139.73631
35.65589 139.79237
35.522243 139.7323
35.774532 139.77026
35.532944 139.69577
35.72935 139.71817
35.66186 139.69849
35.643948 139.61829
35.66751 139.70692
35.660294 139.76347
35.69158 139.69695
35.681187 139.73361
35.65496 139.74365
35.60792 139.66939
35.696365 139.7614
35.66186 139.69849
35.629456 139.65836
35.63023 139.79137
35.628704 139.65793
35.720066 139.76282
35.63145 139.65804
35.696365 139.7614
35.62519 139.77542
35.742035 139.80984
35.64325 139.6651
35.55138 139.7884
35.70185 139.7714
35.699417 139.59814
35.803547 139.75914
35.665787 139.73096
35.725487 139.77579
35.78015 139.61142
35.684906 139.7829
35.663315 139.73212
35.64733 139.74948
35.647198 139.74033
35.67988 139.76837
35.68833 139.80507
35.68833 139.80507
35.730995 139.7137
35.698166 139.85173
35.538395 139.68039
35.66998 139.7634
35.846344 139.66931
35.702847 139.7719
35.696682 139.852
35.662266 139.69562
35.660137 139.72997
35.68055 139.7684
35.66995 139.70686
35.54892 139.78452
35.663837 139.77043
35.8579 139.65738
35.66188 139.70105
35.72961 139.70963
