35.7032 139.57991
35.70231 139.74503
35.699017 139.77463
35.730366 139.71077
35.837273 139.7231
35.703007 139.77167
35.610687 139.74847
35.57958 139.57301
35.66836 139.6504
35.63441 139.79161
35.630146 139.74043
35.702602 139.5609
35.629257 139.73875
35.651367 139.63664
35.685673 139.77399
35.702682 139.75047
35.616047 139.55331
35.69958 139.76523
35.731533 139.71179
35.658524 139.70132
35.710556 139.76028
35.748306 139.56767
35.683926 139.70166
35.729572 139.70966
35.698597 139.77303
35.698597 139.77303
35.6492 139.74292
35.672607 139.76724
35.659706 139.70174
35.702877 139.57704
35.65992 139.70195
35.69641 139.69829
35.66676 139.711
35.69556 139.77531
35.709057 139.7195
35.70583 139.6658
35.701046 139.7718
35.645977 139.82597
35.69167 139.77087
35.732002 139.7128
35.619698 139.72855
35.68253 139.77226
35.650024 139.63678
35.66783 139.54211
35.70968 139.79138
35.700733 139.7535
35.698597 139.77303
35.664894 139.76018
35.681644 139.77025
35.703808 139.77086
35.561916 139.57524
35.562344 139.71379
35.70231 139.74503
35.64914 139.69937
35.67315 139.76706
35.729866 139.71095
35.56196 139.57501
35.689133 139.70001
35.625366 139.77208
35.691517 139.6984
35.72176 139.72568
35.7317 139.71315
35.731636 139.7084
35.529984 139.69955
35.662468 139.72993
35.660522 139.69704
35.677013 139.73705
35.667755 139.70648
35.565243 139.64426
35.690804 139.70027
35.729866 139.71095
35.579075 139.735
35.646877 139.70995
35.568665 139.5534
35.697773 139.7574
35.665535 139.73117
35.64268 139.62784
35.68304 139.70216
35.72063 139.79173
35.731842 139.72806
35.712902 139.7039
35.70603 139.7058
35.662876 139.73146
35.660175 139.69891
35.71112 139.72005
35.665585 139.73904
35.698677 139.77422
35.695896 139.69997
35.660336 139.69766
35.667248 139.70892
35.628967 139.74097
35.728413 139.72066
35.698597 139.77303
35.55504 139.65492
35.843185 139.80074
35.690804 139.70027
35.66099 139.69756
35.658436 139.77855
35.61501 139.54222
35.6655 139.72984
35.64649 139.70801
35.668636 139.70563
35.62929 139.68486
35.76955 139.87045
35.65019 139.55106
35.69556 139.77588
35.68321 139.76889
35.729984 139.71088
35.674168 139.67137
35.711575 139.70354
35.666878 139.70949
35.76032 139.53394
35.678493 139.7651
35.73625 139.74709
35.656208 139.75238
35.73031 139.71104
35.66202 139.69797
35.749462 139.83719
35.58382 139.61461
35.736515 139.74683
35.698597 139.77303
35.73666 139.74736
35.63441 139.79161
35.690407 139.70029
35.711365 139.7116
35.60743 139.68562
35.729767 139.70413
35.698887 139.76862
35.76333 139.71394
35.663315 139.73212
35.751476 139.5448
35.658524 139.70132
35.751514 139.54486
35.703205 139.75456
35.630146 139.74043
35.698494 139.7725
35.69347 139.71213
35.744347 139.84401
35.7441 139.84373
35.690804 139.70027
35.656372 139.70102
35.7028 139.77101
35.658195 139.70203
35.751953 139.5453
35.713696 139.77751
35.688347 139.7629
35.692467 139.70338
35.653866 139.7498
35.561142 139.71815
35.737873 139.65453
35.607536 139.66884
35.677013 139.73705
35.690804 139.70027
35.681343 139.76756
35.704517 139.6345
35.698597 139.77303
35.628025 139.73804
35.632248 139.788
35.84768 139.66914
35.742584 139.84248
35.658524 139.70132
35.628227 139.73871
35.697212 139.76358
35.73137 139.714
35.71325 139.79231
35.690804 139.70027
35.732117 139.76671
35.68299 139.68683
35.672504 139.72241
35.699017 139.77463
35.629623 139.74477
35.668636 139.70563
35.652084 139.72647
35.664436 139.859
35.687706 139.70213
35.6568 139.5404
35.665787 139.73096
35.645733 139.74757
35.690804 139.70027
35.6521 139.63863
35.71351 139.77612
35.646996 139.51758
35.57491 139.66324
35.63441 139.79161
35.658524 139.70132
35.66138 139.72972
35.658524 139.70132
35.65742 139.54025
35.6812 139.76712
35.658348 139.54083
35.655735 139.70354
35.658905 139.70258
35.694393 139.69281
35.607277 139.68481
35.544746 139.76855
35.6576 139.5428
35.729664 139.7147
35.632885 139.87819
35.66441 139.71202
35.689877 139.70227
35.658524 139.70132
35.732616 139.76799
35.822716 139.5755
35.665264 139.73093
35.676357 139.78369
35.60734 139.68474
35.729416 139.71585
35.691246 139.76357
35.690804 139.70027
35.698597 139.77303
35.68289 139.68716
35.740757 139.66827
35.658524 139.70132
35.691395 139.76207
35.70427 139.75194
35.701084 139.7502
35.66537 139.72923
35.649624 139.75655
35.676266 139.78766
35.628227 139.73871
35.72615 139.51323
35.656788 139.73439
35.655136 139.793
35.726574 139.51321
35.628227 139.73871
35.726395 139.51418
35.729866 139.71095
35.607105 139.73479
35.71351 139.77612
35.55127 139.78758
35.69127 139.6944
35.66866 139.76137
35.681377 139.76608
35.655743 139.70244
35.698597 139.77303
35.695965 139.75807
35.696613 139.76163
35.53694 139.63487
35.719326 139.82164
35.655666 139.71107
35.729866 139.71095
35.562477 139.71605
35.703007 139.77167
35.65916 139.54364
35.71351 139.77612
35.649727 139.69344
35.696404 139.75667
35.815655 139.70436
35.63057 139.65489
35.65189 139.5444
35.747192 139.8554
35.690804 139.70027
35.651367 139.63664
35.532944 139.69577
35.717896 139.56738
35.630146 139.74043
35.762917 139.72768
35.658524 139.70132
35.63118 139.74835
35.59974 139.61023
35.729538 139.70978
35.660923 139.72905
35.619698 139.72855
35.702705 139.56084
35.69113 139.69266
35.62851 139.73833
35.68083 139.76808
35.54506 139.76903
35.658524 139.70132
35.681377 139.76608
35.668636 139.70563
35.712433 139.79274
35.712433 139.79274
35.8333 139.66939
35.65398 139.65385
35.729866 139.71095
35.737873 139.65453
35.712902 139.7039
35.70799 139.79073
35.588432 139.72792
35.69892 139.77051
35.66735 139.80396
35.69115 139.75697
35.673893 139.75096
35.646553 139.71022
35.675766 139.76512
35.674973 139.77708
35.705135 139.66756
35.70035 139.77174
35.594193 139.61565
35.655964 139.76013
35.69167 139.77087
35.60743 139.68562
35.531326 139.6969
35.77587 139.78961
35.66998 139.7634
35.631664 139.64478
35.713696 139.77751
35.700428 139.77176
35.628227 139.73871
35.729477 139.71199
35.692566 139.6987
35.69877 139.77013
35.681686 139.76465
35.728054 139.71921
35.729866 139.71095
35.66517 139.73972
35.71292 139.79283
35.703854 139.58617
35.705376 139.64986
35.69231 139.69435
35.66139 139.69756
35.661087 139.69736
35.66836 139.6504
35.701046 139.7718
35.662876 139.73146
35.701935 139.75468
35.649097 139.48927
35.679863 139.77075
35.702194 139.75517
35.68266 139.68658
35.735962 139.6297
35.66559 139.72984
35.67498 139.76321
35.729404 139.7133
35.697468 139.78598
35.704357 139.58546
35.554893 139.64745
35.67052 139.77373
35.63368 139.71552
35.658817 139.73216
35.82272 139.57487
35.627525 139.7788
35.681377 139.76608
35.691017 139.6869
35.661587 139.66748
35.69885 139.75598
35.736515 139.74683
35.66919 139.61359
35.65688 139.75433
35.66044 139.72923
35.552727 139.696
35.68116 139.76944
35.522243 139.7323
35.69097 139.73549
35.697624 139.7132
35.695435 139.76746
35.659126 139.54356
35.690804 139.70027
35.572357 139.66582
35.67498 139.76321
35.66582 139.80386
35.699318 139.77022
35.58105 139.64142
35.67698 139.7522
35.681377 139.76608
35.630146 139.74043
35.555058 139.69566
35.642418 139.71391
35.69606 139.8158
35.701344 139.50644
35.582886 139.63765
35.730106 139.71764
35.691517 139.6984
35.700565 139.77078
35.6813 139.76924
35.82794 139.6892
35.84768 139.66914
35.77806 139.72084
35.713696 139.77751
35.68356 139.5771
35.608524 139.64748
35.64516 139.67583
35.607536 139.66884
35.681248 139.76749
35.67264 139.72295
35.700516 139.77104
35.700356 139.77249
35.70177 139.74702
35.683567 139.76645
35.627865 139.742
35.734486 139.8095
35.62636 139.63095
35.673214 139.77623
35.766125 139.80922
35.67127 139.76126
35.631714 139.88094
35.649956 139.74835
35.62006 139.72923
35.689587 139.6978
35.775486 139.78625
35.702934 139.74075
35.68972 139.69925
35.673744 139.66725
35.682785 139.68698
35.62662 139.74104
35.66773 139.7693
35.62868 139.73938
35.680405 139.78557
35.690804 139.70027
35.628605 139.74191
35.68666 139.70036
35.64487 139.7002
35.69935 139.74486
35.74978 139.80547
35.690804 139.70027
35.749565 139.8046
35.68037 139.76906
35.58745 139.62585
35.63971 139.75546
35.62411 139.72316
35.658524 139.70132
35.58326 139.74704
35.670193 139.74706
35.68939 139.70137
35.68441 139.78447
35.821754 139.67769
35.70705 139.78188
35.69556 139.77588
35.70812 139.74895
35.684113 139.68378
35.7039 139.80154
35.710556 139.76028
35.677017 139.78311
35.70755 139.76091
35.670048 139.7446
35.562878 139.71222
35.737446 139.7961
35.658913 139.69551
35.69064 139.6954
35.678368 139.78152
35.681057 139.76784
35.670227 139.70653
35.68174 139.78697
35.658524 139.70132
35.67893 139.77956
35.666615 139.75818
35.693348 139.77184
35.573532 139.66792
35.701283 139.77094
35.710682 139.5632
35.68459 139.78171
35.698597 139.77303
35.701218 139.77118
35.692368 139.70471
35.677094 139.78076
35.707394 139.76526
35.668983 139.65067
35.736687 139.79556
35.687683 139.6956
35.684643 139.7647
35.66279 139.75963
35.671535 139.48012
35.70128 139.77104
35.710224 139.77505
35.777534 139.63196
35.70246 139.56096
35.64406 139.82475
35.693256 139.69383
35.689976 139.69824
35.690804 139.70027
35.671734 139.47945
35.690804 139.70027
35.705956 139.76227
35.659355 139.72078
35.52751 139.70071
35.69612 139.57051
35.54892 139.78452
35.653778 139.70491
35.690804 139.70027
35.660896 139.75229
35.62957 139.77861
35.702084 139.77037
35.67009 139.74422
35.67718 139.78401
35.656902 139.75171
35.699566 139.77466
35.689133 139.70001
35.66681 139.72838
35.621376 139.67319
35.671432 139.73566
35.701622 139.75314
35.737396 139.4913
35.661114 139.69966
35.67718 139.78401
35.64329 139.67079
35.702442 139.77045
35.6444 139.86159
35.68269 139.70224
35.656815 139.7529
35.67887 139.77853
35.713287 139.70442
35.68773 139.57211
35.76561 139.70685
35.68726 139.69637
35.712254 139.77167
35.698135 139.75089
35.65002 139.68204
35.698082 139.81364
35.65564 139.79248
35.656303 139.75464
35.69194 139.69966
35.68792 139.6794
35.67888 139.77956
35.562195 139.71765
35.6589 139.70326
35.562195 139.71765
35.619114 139.73141
35.54917 139.78479
35.655693 139.79247
35.66304 139.76129
35.71011 139.70964
35.688866 139.78613
35.665775 139.75827
35.692966 139.69492
35.693096 139.69534
35.673374 139.81613
35.695347 139.69055
35.641285 139.63092
35.66377 139.73228
35.60545 139.73077
35.674667 139.76088
35.712185 139.7069
35.65754 139.69548
35.712467 139.70657
35.657112 139.70187
35.560684 139.72372
35.561916 139.57524
35.584614 139.70451
35.531906 139.69919
35.588295 139.72821
35.74689 139.80122
35.689697 139.69737
35.70279 139.7708
35.606064 139.68324
35.645733 139.74757
35.681267 139.73563
35.703007 139.77167
35.62854 139.73927
35.55138 139.7884
35.663834 139.73187
35.67381 139.61372
35.69024 139.69836
35.683697 139.74187
35.649727 139.69344
35.65778 139.69618
35.67994 139.76822
35.712902 139.7039
35.69093 139.70529
35.62519 139.72003
35.65496 139.74365
35.55096 139.78824
35.628227 139.73871
35.709755 139.71866
35.733635 139.59059
35.695877 139.81421
35.73023 139.71117
35.706825 139.76022
35.645924 139.82692
35.704124 139.5613
35.604214 139.6828
35.71332 139.76352
35.685936 139.69283
35.646076 139.82709
35.59974 139.61023
35.666267 139.75949
35.698444 139.82562
35.843517 139.80309
35.756527 139.64969
35.66254 139.74501
35.661385 139.73012
35.71433 139.70338
35.62562 139.72728
35.68313 139.76639
35.63324 139.71591
35.653957 139.796
35.65033 139.70259
35.675247 139.76433
35.662415 139.69556
35.701515 139.74469
35.69722 139.81082
35.658524 139.70132
35.71418 139.76201
35.619 139.73122
35.5613 139.72319
35.62654 139.72476
35.678513 139.78728
35.859516 139.65366
35.690468 139.75458
35.651955 139.74492
35.620518 139.75082
35.84171 139.78806
35.672 139.72281
35.672104 139.71233
35.602665 139.61696
35.6954 139.75896
35.83084 139.73598
35.682438 139.7707
35.708855 139.74806
35.69672 139.69043
35.62876 139.68958
35.64004 139.59874
35.708485 139.77626
35.678654 139.77802
35.703102 139.66606
35.658524 139.70132
35.691757 139.7325
35.66076 139.73474
35.6911 139.70424
35.70736 139.77461
35.657593 139.5436
35.858192 139.65366
35.692318 139.70262
35.698597 139.77303
35.67763 139.67734
35.70662 139.74374
35.657776 139.5444
35.62521 139.77562
35.678467 139.6357
35.684177 139.70206
35.679733 139.78067
35.72775 139.71301
35.63265 139.78828
35.661568 139.70253
35.777332 139.7209
35.66047 139.72928
35.633354 139.71591
35.562195 139.71974
35.65663 139.69408
35.64571 139.70932
35.66319 139.73213
35.670685 139.65892
35.647194 139.7099
35.57573 139.65965
35.658367 139.70242
35.671314 139.75081
35.66708 139.7574
35.65332 139.70453
35.69499 139.69788
35.666847 139.77832
35.626904 139.72324
35.692123 139.74399
35.68402 139.73769
35.684982 139.76596
35.701916 139.74498
35.554386 139.57903
35.690903 139.70021
35.733692 139.74028
35.66481 139.76118
35.672913 139.7935
35.733536 139.72675
35.666782 139.73064
35.660202 139.5233
35.56227 139.71584
35.649963 139.71233
35.73949 139.72185
35.685596 139.77338
35.699497 139.74437
35.698483 139.72179
35.655518 139.75673
35.70266 139.7754
35.66787 139.74564
35.633892 139.71532
35.59689 139.66731
35.66576 139.75812
35.698296 139.75763
35.815655 139.70436
35.677975 139.56786
35.671993 139.72173
35.623432 139.75122
35.69874 139.7721
35.66669 139.75813
35.645733 139.74757
35.68621 139.7733
35.65564 139.75674
35.689133 139.70001
35.658524 139.70132
35.671993 139.72173
35.69562 139.7495
35.68421 139.76472
35.69958 139.76523
35.695442 139.74924
35.691483 139.75314
35.69877 139.76137
35.66474 139.73001
35.611603 139.62634
35.66552 139.75946
35.6856 139.72829
35.667767 139.75487
35.65583 139.70558
35.73042 139.68369
35.697838 139.77475
35.69064 139.6954
35.681282 139.76607
35.628227 139.73871
35.66439 139.73125
35.675476 139.76788
35.553085 139.64842
35.65592 139.65361
35.69531 139.76108
35.705017 139.72054
35.64733 139.74948
35.66439 139.73125
35.656483 139.7565
35.695663 139.75851
35.661514 139.7023
35.65851 139.70132
35.66434 139.76224
35.790226 139.66124
35.684692 139.73058
35.706028 139.80069
35.857475 139.65334
35.66279 139.73418
35.707417 139.7607
35.70589 139.77577
35.694767 139.80536
35.621334 139.72847
35.69856 139.68983
35.562443 139.71477
35.676247 139.66803
35.544746 139.76855
35.857677 139.65422
35.67133 139.4794
35.664707 139.7395
35.734535 139.84117
35.634655 139.61098
35.66985 139.703
35.60746 139.68468
35.6071 139.68631
35.65189 139.5444
35.666023 139.75952
35.697758 139.70857
35.62681 139.8874
35.52629 139.70294
35.7167 139.77051
35.551228 139.74194
35.657433 139.69577
35.69139 139.74995
35.68856 139.7015
35.536617 139.58931
35.667114 139.74797
35.69575 139.75954
35.699966 139.76353
35.705635 139.57692
35.669754 139.87433
35.695347 139.69055
35.69196 139.7442
35.618435 139.78174
35.657383 139.72296
35.69793 139.77524
35.683147 139.76588
35.681297 139.76814
35.662163 139.69661
35.729393 139.71004
35.631664 139.64478
35.670986 139.72656
35.671486 139.72159
35.675232 139.81578
35.630627 139.88315
35.658012 139.69896
35.652916 139.74478
35.727028 139.72827
35.70386 139.58284
35.699043 139.69972
35.64204 139.73402
35.729477 139.71199
35.710762 139.71262
35.749645 139.80515
35.701256 139.70134
35.666298 139.75269
35.701736 139.52483
35.66557 139.76068
35.713696 139.77751
35.69643 139.81395
35.639862 139.63663
35.69607 139.80394
35.697723 139.7807
35.66261 139.87299
35.645798 139.70981
35.729847 139.5379
35.730377 139.7124
35.668026 139.68318
35.700363 139.75043
35.63949 139.6294
35.696278 139.76918
35.698494 139.7725
35.698284 139.76062
35.69094 139.82083
35.71108 139.70966
35.69236 139.70094
35.645317 139.70203
35.693203 139.74983
35.69926 139.77391
35.653652 139.75735
35.648373 139.72076
35.62952 139.65805
35.707344 139.75145
35.633865 139.71503
35.70796 139.75108
35.66814 139.72687
35.690804 139.70027
35.679367 139.73566
35.71148 139.71948
35.720497 139.5621
35.670544 139.76237
35.709187 139.71951
35.70185 139.7714
35.674522 139.78363
35.563015 139.62772
35.66906 139.6136
35.664707 139.7395
35.62787 139.741
35.54506 139.76903
35.69471 139.77777
35.629456 139.65836
35.655422 139.71156
35.659763 139.72844
35.709538 139.80052
35.628704 139.65793
35.665485 139.73198
35.66963 139.68886
35.54732 139.67134
35.656403 139.71123
35.696686 139.76013
35.66021 139.7095
35.61847 139.72797
35.607277 139.68481
35.656593 139.5441
35.698597 139.77303
35.55335 139.64688
35.689995 139.77814
35.633144 139.66136
35.70031 139.75618
35.607784 139.73335
35.708797 139.77138
35.657593 139.5436
35.656162 139.70544
35.729427 139.74779
35.695324 139.76257
35.714252 139.76184
35.728134 139.71208
35.65642 139.73495
35.690346 139.69978
35.619026 139.72903
35.72766 139.71147
35.65973 139.72343
35.70583 139.6658
35.69985 139.76378
35.619698 139.72855
35.677715 139.78224
35.700737 139.77188
35.859158 139.65694
35.702705 139.56084
35.657143 139.54347
35.701385 139.77089
35.681767 139.77563
35.65916 139.54364
35.660305 139.69843
35.749058 139.5872
35.702717 139.56166
35.703056 139.77466
35.78682 139.6745
35.678608 139.76169
35.66583 139.75911
35.737873 139.65453
35.681377 139.76608
35.65182 139.90025
35.687057 139.78003
35.698795 139.76265
35.655617 139.75674
35.655518 139.75673
35.72345 139.75055
35.587543 139.7305
35.663036 139.69455
35.604374 139.68396
35.63287 139.66063
35.611385 139.55487
35.672028 139.47733
35.66625 139.75899
35.701294 139.70004
35.6532 139.74455
35.676743 139.77034
35.643833 139.73122
35.722378 139.65257
35.668125 139.72644
35.6954 139.75986
35.572193 139.62152
35.725525 139.76321
35.662647 139.70918
35.618374 139.72757
35.676266 139.78766
35.67151 139.71678
35.71173 139.78221
35.66497 139.73103
35.660458 139.72928
35.67432 139.73639
35.64004 139.59874
35.62333 139.75078
35.66995 139.70686
35.699615 139.7714
35.659016 139.69684
35.62854 139.73927
35.72915 139.71603
35.746834 139.73137
35.6902 139.76901
35.74568 139.7297
35.71157 139.7814
35.682796 139.68687
35.687057 139.78003
35.666443 139.77231
35.7015 139.7712
35.552097 139.74097
35.690804 139.70027
35.690346 139.69978
35.694046 139.66864
35.662144 139.69984
35.681587 139.77055
35.7136 139.76451
35.682602 139.68744
35.686295 139.69484
35.62904 139.74416
35.658524 139.70132
35.66986 139.8026
35.660366 139.72897
35.643852 139.7456
35.697765 139.81003
35.643147 139.66954
35.661396 139.69891
35.55366 139.57912
35.67228 139.75832
35.737244 139.77402
35.696865 139.82541
35.684803 139.76949
35.65839 139.57489
35.662792 139.69588
35.791233 139.69139
35.693058 139.67938
35.625904 139.74086
35.729866 139.71095
35.708897 139.77626
35.658524 139.70132
35.654526 139.7628
35.686497 139.77414
35.69597 139.75468
35.702194 139.54482
35.651527 139.752
35.693707 139.76196
35.694828 139.76057
35.62463 139.72955
35.706005 139.70866
35.689945 139.6964
35.670204 139.74982
35.695503 139.75171
35.695415 139.74149
35.661514 139.72946
35.618008 139.77531
35.699463 139.7694
35.645817 139.74907
35.702072 139.77142
35.661507 139.72949
35.666836 139.7475
35.56546 139.68808
35.70369 139.62576
35.695503 139.75171
35.663948 139.73123
35.570774 139.55406
35.696003 139.69052
35.575733 139.65965
35.681377 139.76608
35.656284 139.70534
35.617188 139.56456
35.72686 139.71227
35.642315 139.71368
35.673172 139.7364
35.687557 139.73668
35.764076 139.72868
35.667458 139.74518
35.692368 139.70471
35.623165 139.74889
35.72935 139.71817
35.692955 139.69254
35.67436 139.75426
35.7078 139.77222
35.706413 139.70607
35.65881 139.69713
35.65585 139.54292
35.68855 139.70984
35.65754 139.70775
35.669865 139.61624
35.668793 139.82254
35.70801 139.66647
35.616566 139.72604
35.67127 139.74709
35.69463 139.72461
35.706814 139.69443
35.589115 139.67735
35.670815 139.6163
35.683903 139.73805
35.690685 139.70288
35.727024 139.7295
35.709267 139.71867
35.727024 139.71193
35.698597 139.77303
35.607605 139.68628
35.628227 139.73871
35.589615 139.72766
35.62566 139.78107
35.689133 139.70001
35.66188 139.70105
35.673748 139.73676
35.700607 139.77379
35.62851 139.73833
35.65699 139.69649
35.664722 139.69293
35.66762 139.75873
35.658745 139.69913
35.695053 139.76036
35.58186 139.7218
35.707943 139.66658
35.538445 139.77718
35.54892 139.78452
35.695324 139.76257
35.777412 139.72127
35.66793 139.71515
35.583065 139.723
35.6677 139.70508
35.699173 139.77255
35.531326 139.6969
35.656116 139.75658
35.60682 139.65321
35.70977 139.77324
35.583534 139.72374
35.62669 139.74068
35.631546 139.64395
35.579105 139.74202
35.673172 139.7364
35.65579 139.73703
35.72607 139.71318
35.671356 139.48097
35.726933 139.71236
35.690804 139.70027
35.603752 139.5076
35.702194 139.75517
35.70183 139.69592
35.76839 139.61977
35.601673 139.5098
35.694508 139.79161
35.67227 139.75871
35.56151 139.7201
35.663 139.76132
35.660458 139.72928
35.69236 139.70094
35.660526 139.6984
35.696144 139.76277
35.549927 139.55719
35.817646 139.66959
35.71634 139.70845
35.689957 139.71126
35.660366 139.72897
35.820198 139.66957
35.674732 139.75932
35.636116 139.69405
35.69807 139.77548
35.64694 139.74867
35.665142 139.76115
35.628178 139.73788
35.677624 139.76819
35.67687 139.82703
35.665913 139.77063
35.68776 139.78758
35.657806 139.70473
35.62433 139.72871
35.565243 139.64426
35.674114 139.73561
35.645264 139.7442
35.646698 139.74712
35.696613 139.76163
35.65722 139.75093
35.74663 139.75421
35.684166 139.73846
35.691917 139.70569
35.686005 139.73067
35.607487 139.68546
35.66099 139.82623
35.701454 139.77208
35.66879 139.70477
35.71106 139.71957
35.60993 139.82565
35.626072 139.8761
35.685364 139.77657
35.655807 139.69614
35.668793 139.82254
35.645733 139.74757
35.631344 139.8826
35.70583 139.6658
35.715984 139.71266
35.629276 139.71118
35.672783 139.72403
35.714344 139.77715
35.669346 139.61617
35.710037 139.8107
35.653366 139.6899
35.71191 139.78839
35.670216 139.6873
35.669685 139.81706
35.698 139.65784
35.672195 139.48047
35.6695 139.80739
35.695587 139.7933
35.65582 139.69704
35.695824 139.764
35.662933 139.63567
35.731533 139.70946
35.729866 139.71095
35.63141 139.75073
35.698246 139.65773
35.725094 139.713
35.670948 139.72676
35.698677 139.77422
35.660847 139.72957
35.56253 139.57237
35.699017 139.77463
35.688007 139.68816
35.68905 139.69803
35.568405 139.55351
35.69167 139.77087
35.679855 139.7688
35.680885 139.70454
35.66959 139.8176
35.676994 139.76353
35.646755 139.70993
35.691483 139.70903
35.628178 139.73788
35.65688 139.75433
35.653866 139.7498
35.66906 139.74245
35.698597 139.77303
35.65992 139.70195
35.699932 139.76303
35.651318 139.75238
35.655945 139.74286
35.66113 139.69658
35.728905 139.7249
35.66283 139.70793
35.690804 139.70027
35.69947 139.76941
35.675213 139.77037
35.690804 139.70027
35.670002 139.61606
35.663223 139.71283
35.656494 139.73616
35.669888 139.61589
35.561356 139.57509
35.621048 139.72363
35.561996 139.5743
35.62105 139.72388
35.672894 139.75839
35.66362 139.73201
35.636806 139.74663
35.658524 139.70132
35.686417 139.74405
35.682537 139.76447
35.703842 139.59937
35.70931 139.76015
35.737957 139.65396
35.676456 139.737
35.61005 139.57347
35.69071 139.77345
35.713448 139.77628
35.658524 139.70132
35.72992 139.72389
35.670826 139.74474
35.665512 139.75586
35.643646 139.74432
35.628178 139.73788
35.681282 139.76607
35.663006 139.74504
35.704033 139.79114
35.62851 139.73833
35.55138 139.7884
35.690617 139.7032
35.69092 139.70523
35.688694 139.69843
35.748707 139.80481
35.645947 139.7134
35.628628 139.69455
35.65045 139.75235
35.728634 139.5526
35.723217 139.55595
35.6898 139.7012
35.626602 139.71774
35.67867 139.76735
35.724052 139.71133
35.67601 139.71048
35.704033 139.79114
35.69711 139.75351
35.714367 139.76004
35.690224 139.75394
35.65262 139.7496
35.595547 139.50903
35.6811 139.71007
35.658657 139.70837
35.691246 139.76357
35.690456 139.70605
35.545498 139.57452
35.6314 139.88126
35.698597 139.77303
35.646603 139.70824
35.652084 139.72647
35.67867 139.78706
35.6475 139.71753
35.544144 139.57237
35.65975 139.70358
35.70231 139.74503
35.66669 139.75813
35.634666 139.71886
35.692368 139.70471
35.672565 139.72511
35.672993 139.49294
35.62821 139.75668
35.679554 139.768
35.663036 139.76129
35.686653 139.69682
35.693504 139.72104
35.727074 139.77145
35.69158 139.69695
35.64801 139.74315
35.778816 139.6129
35.5457 139.57399
35.69429 139.7637
35.837273 139.7231
35.696426 139.69846
35.6905 139.7
35.701153 139.52429
35.646877 139.70995
35.700428 139.77176
35.698597 139.77303
35.6749 139.51944
35.698826 139.77188
35.670544 139.71785
35.655907 139.70346
35.70835 139.71976
35.64004 139.59874
35.69297 139.77072
35.689507 139.69737
35.702297 139.48085
35.704308 139.48138
35.698 139.65784
35.588543 139.73738
35.607296 139.66867
35.69523 139.75887
35.69052 139.70435
35.666733 139.76321
35.681377 139.76608
35.66099 139.70958
35.653233 139.69229
35.679836 139.78006
35.690243 139.6968
35.672787 139.48462
35.699802 139.7718
35.699455 139.75919
35.729355 139.71176
35.531265 139.6949
35.630386 139.87958
35.699642 139.75977
35.700787 139.48154
35.62851 139.73833
35.65908 139.69887
35.661404 139.66725
35.68194 139.73984
35.70583 139.6658
35.69631 139.74142
35.69643 139.81395
35.695618 139.74121
35.714146 139.80336
35.695415 139.74149
35.672894 139.72363
35.658524 139.70132
35.588432 139.72792
35.707188 139.66376
35.7462 139.48714
35.65189 139.5444
35.64659 139.71017
35.66995 139.7511
35.64687 139.71075
35.655766 139.70604
35.702194 139.54482
35.695213 139.7939
35.603596 139.5085
35.756233 139.69716
35.642487 139.7497
35.63016 139.8788
35.54892 139.78452
35.7306 139.71298
35.697273 139.77254
35.6762 139.69937
35.657173 139.54051
35.690804 139.70027
35.72961 139.70963
35.698483 139.76274
35.655525 139.6941
35.64883 139.71213
35.698814 139.7723
35.611385 139.55487
35.68757 139.74336
35.61013 139.55362
35.67613 139.6432
35.66985 139.703
35.73732 139.67252
35.698338 139.77304
35.69236 139.70094
35.698597 139.77303
35.656578 139.79579
35.6727 139.72406
35.698986 139.77106
35.749645 139.80515
35.648365 139.70338
35.712902 139.7039
35.665115 139.71246
35.681377 139.76608
35.68549 139.7347
35.679214 139.71054
35.730377 139.7124
35.69747 139.76152
35.7032 139.57991
35.696842 139.66815
35.613277 139.5497
35.66711 139.7748
35.69639 139.75647
35.69587 139.77028
35.69927 139.77249
35.675114 139.75961
35.657288 139.70363
35.731503 139.71082
35.666615 139.75818
35.70281 139.5798
35.684345 139.74374
35.669727 139.72736
35.702316 139.57935
35.655277 139.71191
35.67227 139.75871
35.678608 139.76169
35.670135 139.764
35.592064 139.68127
35.693123 139.69945
35.700306 139.75461
35.69315 139.79404
35.601727 139.67252
35.655518 139.75673
35.682995 139.70172
35.690346 139.69978
35.661587 139.66748
35.65943 139.70056
35.68972 139.69925
35.658905 139.70258
35.67886 139.78662
35.730297 139.52185
35.69071 139.6994
35.71294 139.75964
35.673744 139.66725
35.562347 139.71451
35.761124 139.8519
35.690346 139.69978
35.671608 139.70279
35.70583 139.6658
35.70597 139.70535
35.7051 139.63527
35.63347 139.66165
35.681377 139.76608
35.681526 139.71803
35.658123 139.54434
35.649765 139.54303
35.65092 139.54178
35.695457 139.698
35.650597 139.5408
35.64668 139.70897
35.68009 139.7679
35.670483 139.75145
35.64986 139.54182
35.69631 139.74142
35.698597 139.77303
35.68627 139.72754
35.656593 139.5441
35.699566 139.771
35.687992 139.78543
35.662857 139.71086
35.843395 139.80124
35.672863 139.75049
35.644363 139.74318
35.731106 139.71431
35.56227 139.71584
35.673832 139.75102
35.599934 139.54778
35.69506 139.69794
35.69877 139.77013
35.68536 139.7718
35.700653 139.77077
35.65581 139.70389
35.686146 139.77112
35.68749 139.60002
35.66549 139.7611
35.714043 139.75966
35.630146 139.74043
35.68972 139.69925
35.603268 139.50789
35.756287 139.69795
35.686302 139.7716
35.695965 139.75807
35.688652 139.70264
35.672714 139.72404
35.729866 139.71095
35.657696 139.54352
35.673744 139.66725
35.690804 139.70027
35.674973 139.77708
35.711876 139.75267
35.673534 139.66669
35.694027 139.69275
35.665485 139.73117
35.626186 139.7128
35.67502 139.66782
35.655933 139.75317
35.69932 139.77008
35.69378 139.79755
35.70055 139.54512
35.656025 139.792
35.699017 139.77463
35.67267 139.70367
35.719425 139.6638
35.665253 139.71233
35.672543 139.72511
35.729347 139.71817
35.68402 139.73769
35.731693 139.71288
35.666374 139.73126
35.678825 139.76158
35.697468 139.78598
35.66961 139.68076
35.73828 139.76031
35.6921 139.78488
35.690804 139.70027
35.660427 139.70439
35.7124 139.49649
35.708496 139.71855
35.675213 139.6683
35.738247 139.76031
35.672783 139.72403
35.667248 139.70892
35.634106 139.6093
35.662292 139.73438
35.687813 139.76225
35.69146 139.69832
35.687283 139.69653
35.66163 139.66655
35.691696 139.77148
35.667896 139.69019
35.661057 139.66914
35.709194 139.76318
35.674477 139.7819
35.644314 139.6991
35.644997 139.69876
35.696293 139.76372
35.67382 139.78276
35.658566 139.74548
35.729908 139.70326
35.698666 139.7621
35.673916 139.78397
35.657696 139.54352
35.646553 139.71022
35.702866 139.77621
35.670326 139.76324
35.708893 139.77386
35.71299 139.76149
35.68778 139.71523
35.667458 139.70497
35.700253 139.48026
35.702087 139.73773
35.694977 139.73842
35.62965 139.74321
35.660946 139.52286
35.531174 139.70042
35.677116 139.71193
35.658745 139.69913
35.686367 139.74263
35.657127 139.79558
35.66096 139.75142
35.68137 139.7722
35.6589 139.70326
35.672195 139.48047
35.69833 139.74655
35.70663 139.71909
35.729347 139.71834
35.63169 139.88197
35.66158 139.58571
35.719406 139.66493
35.69795 139.76414
35.7032 139.57991
35.61747 139.72841
35.663395 139.635
35.713093 139.70563
35.66225 139.7749
35.78823 139.61314
35.68866 139.71152
35.695385 139.75835
35.69958 139.76523
35.692127 139.70316
35.67498 139.76321
35.632812 139.88031
35.679855 139.7688
35.67132 139.70807
35.62004 139.72887
35.662037 139.69894
35.681377 139.76608
35.698483 139.754
35.644188 139.73416
35.698597 139.77303
35.62905 139.73985
35.6984 139.77264
35.70075 139.77191
35.72992 139.716
35.531406 139.70142
35.66088 139.72832
35.69235 139.7349
35.6872 139.69604
35.583393 139.64024
35.706795 139.7606
35.77806 139.72084
35.67227 139.75871
35.663006 139.74504
35.73563 139.53664
35.701683 139.77184
35.698326 139.77162
35.659893 139.7101
35.649197 139.7527
35.72817 139.71117
35.667133 139.74039
35.532784 139.69548
35.660267 139.54433
35.695965 139.75807
35.682888 139.73831
35.690804 139.70027
35.66642 139.75728
35.681377 139.76608
35.71378 139.75996
35.64162 139.74144
35.64711 139.74431
35.700073 139.77249
35.700607 139.77379
35.698597 139.77303
35.55075 139.7886
35.626774 139.72124
35.729565 139.71794
35.666443 139.77231
35.648056 139.74164
35.76501 139.73596
35.687008 139.70233
35.644386 139.73431
35.72876 139.71939
35.6981 139.69724
35.666866 139.74394
35.700253 139.48026
35.656372 139.69942
35.699017 139.77463
35.698704 139.771
35.673744 139.66725
35.63057 139.71434
35.712605 139.76347
35.657143 139.54347
35.690804 139.70027
35.690544 139.70355
35.62645 139.72343
35.766125 139.80922
35.647182 139.744
35.658524 139.70132
35.656467 139.70123
35.69235 139.88606
35.674873 139.78387
35.689877 139.70227
35.678562 139.76756
35.6824 139.77386
35.712902 139.7039
35.697998 139.77649
35.717693 139.75801
35.708153 139.48848
35.71679 139.85826
35.67315 139.76706
35.606384 139.68416
35.661114 139.69966
35.66464 139.86357
35.69927 139.77249
35.708584 139.73761
35.7035 139.58038
35.660393 139.72903
35.65886 139.69978
35.628227 139.73871
35.656403 139.71123
35.729866 139.71095
35.681118 139.7725
35.668636 139.70563
35.658524 139.70132
35.68972 139.69925
35.699203 139.77043
35.71031 139.76169
35.530354 139.70345
35.752434 139.73813
35.753044 139.73456
35.6589 139.70326
35.702564 139.77379
35.69275 139.72841
35.690804 139.70027
35.737335 139.76175
35.658745 139.69913
35.552025 139.78133
35.698597 139.77303
35.710804 139.76335
35.658524 139.70132
35.534893 139.702
35.658195 139.70203
35.658524 139.70132
35.70968 139.79138
35.628227 139.73871
35.70427 139.77072
35.729866 139.71095
35.690804 139.70027
35.692688 139.70366
35.701294 139.70004
35.658524 139.70132
35.69129 139.61
35.691837 139.70312
35.658146 139.75008
35.545498 139.57452
35.699337 139.74483
35.643513 139.67116
35.698986 139.77106
35.54874 139.78389
35.81739 139.79408
35.626537 139.72334
35.65584 139.79886
35.72777 139.77097
35.723877 139.62473
35.712593 139.7043
35.655617 139.75674
35.613148 139.627
35.679836 139.78006
35.62521 139.77562
35.740658 139.71655
35.54917 139.78479
35.671577 139.74126
35.726944 139.7102
35.701736 139.52483
35.62502 139.77531
35.69202 139.89603
35.634136 139.8811
35.69762 139.81427
35.675358 139.77185
35.6824 139.77386
35.729866 139.71095
35.670544 139.71785
35.707283 139.79549
35.85931 139.6509
35.66895 139.69131
35.699993 139.7079
35.657364 139.74397
35.55138 139.7884
35.729546 139.71394
35.691822 139.69698
35.671005 139.71852
35.562477 139.71605
35.670204 139.74982
35.667614 139.63184
35.71058 139.76132
35.700836 139.70795
35.67349 139.7453
35.729347 139.71817
35.704414 139.70856
35.731094 139.88159
35.698597 139.77303
35.653896 139.79665
35.702618 139.5784
35.66027 139.66759
35.69836 139.77315
35.562477 139.71605
35.63627 139.88344
35.66836 139.6504
35.645187 139.74812
35.697697 139.70767
35.69836 139.77293
35.730663 139.71037
35.690804 139.70027
35.669876 139.61572
35.669167 139.74622
35.695057 139.69884
35.71032 139.49695
35.65788 139.69633
35.729866 139.71095
35.5532 139.64682
35.698338 139.77304
35.626404 139.88771
35.580467 139.6436
35.64829 139.70645
35.697815 139.77377
35.713696 139.77751
35.6705 139.70662
35.668186 139.76918
35.586864 139.70593
35.7015 139.7712
35.729027 139.71109
35.698597 139.77303
35.686344 139.69086
35.6589 139.70326
35.59974 139.61023
35.6589 139.70326
35.688908 139.69853
35.714474 139.77731
35.693333 139.78236
35.69643 139.81395
35.63368 139.71552
35.672783 139.72403
35.69958 139.76523
35.55192 139.57928
35.84201 139.6647
35.70606 139.71655
35.690804 139.70027
35.85865 139.75331
35.567715 139.69258
35.655422 139.71156
35.858875 139.75368
35.698315 139.7622
35.698296 139.75763
35.72883 139.7061
35.631664 139.64478
35.690594 139.69257
35.74928 139.80507
35.699505 139.57475
35.70119 139.75433
35.690662 139.83307
35.648453 139.67903
35.66625 139.73122
35.840855 139.76378
35.712948 139.70403
35.68756 139.7253
35.76397 139.68706
35.713356 139.70502
35.67742 139.645
35.57958 139.57301
35.709713 139.79144
35.67613 139.6432
35.64509 139.69894
35.72777 139.77097
35.668636 139.70563
35.63745 139.75618
35.698597 139.77303
35.57958 139.57301
35.701027 139.708
35.729782 139.71068
35.71396 139.77673
35.57613 139.65822
35.7014 139.55984
35.698994 139.77293
35.656403 139.71123
35.619698 139.72855
35.619698 139.72855
35.685696 139.74164
35.668827 139.83066
35.70231 139.74503
35.671726 139.83698
35.77802 139.72089
35.655617 139.75674
35.666325 139.70506
35.728382 139.72067
35.70024 139.77022
35.68703 139.70071
35.72729 139.71136
35.64445 139.71902
35.69275 139.72841
35.709293 139.70331
35.69526 139.73567
35.55138 139.7884
35.71033 139.70369
35.687027 139.70284
35.720955 139.7809
35.717964 139.81673
35.547344 139.64517
35.68657 139.5583
35.84768 139.66914
35.791233 139.69139
35.649227 139.74289
35.674755 139.76328
35.67104 139.6418
35.694695 139.60507
35.7218 139.78218
35.666946 139.77057
35.74084 139.61678
35.7106 139.79791
35.679356 139.77951
35.70472 139.62157
35.83326 139.79112
35.66319 139.73213
35.708782 139.71964
35.704926 139.57365
35.55461 139.5782
35.702637 139.54475
35.684643 139.69061
35.681377 139.76608
35.672268 139.76578
35.545956 139.64407
35.68773 139.69621
35.68076 139.77345
35.65916 139.54364
35.659126 139.54356
35.709312 139.72069
35.687008 139.70233
35.69797 139.7738
35.749645 139.80515
35.715664 139.7741
35.658745 139.69913
35.646553 139.71022
35.64876 139.67761
35.698837 139.7716
35.704704 139.58154
35.68812 139.5606
35.5532 139.64682
35.83326 139.79112
35.55138 139.7884
35.574543 139.65833
35.624565 139.73953
35.691715 139.69864
35.607647 139.73474
35.708485 139.77626
35.6567 139.75383
35.802124 139.71799
35.661552 139.70227
35.68867 139.77318
35.6746 139.7777
35.54892 139.78452
35.705074 139.62178
35.68972 139.69925
35.665497 139.75964
35.73201 139.4822
35.737244 139.77402
35.62767 139.73843
35.70204 139.77046
35.619728 139.7284
35.65916 139.54364
35.657887 139.54245
35.65596 139.54327
35.66674 139.70819
35.747726 139.68227
35.700737 139.77188
35.742027 139.884
35.607536 139.66884
35.64253 139.74524
35.843185 139.80074
35.670204 139.74982
35.692837 139.70583
35.707474 139.71967
35.73078 139.71243
35.703724 139.57805
35.714783 139.7609
35.701786 139.69762
35.65502 139.7976
35.78633 139.61006
35.554276 139.75032
35.691696 139.77148
35.699017 139.77463
35.658546 139.5445
35.636692 139.5871
35.63686 139.64923
35.59689 139.66731
35.749767 139.66568
35.698597 139.77303
35.688805 139.76225
35.807854 139.84503
35.698597 139.77303
35.712833 139.70502
35.74801 139.80661
35.788223 139.61293
35.70779 139.76074
