52.37302 4.892628
52.50087 4.9931583
52.358044 4.86763
52.367657 4.892031
52.36345 4.8854218
52.444458 4.8373346
52.378613 4.900546
52.391136 4.903971
52.304146 4.8841643
52.38159 4.886271
52.380817 4.637763
52.380657 4.899366
52.376205 4.894999
52.36681 4.912166
52.348763 4.8933363
52.367004 4.890733
52.379124 4.8962126
52.38252 4.903539
52.357994 4.8908043
52.37302 4.892628
52.349304 4.621218
52.36276 4.86065
52.370003 4.877819
52.373047 4.9004407
52.360783 4.882865
52.370285 4.8849354
52.287888 4.7552123
52.36422 4.882897
52.3691 4.87898
52.37223 4.878987
52.36145 4.8991437
52.374226 4.892252
52.385784 4.636413
52.34832 4.917345
52.509987 4.9587436
52.382862 4.8907585
52.311077 4.9474525
52.3525 4.894468
52.49803 5.0524077
52.36137 4.9247503
52.378162 4.899444
52.309055 4.761801
52.33176 4.9179726
52.38479 4.6705465
52.312645 4.9440446
52.35444 4.855422
52.364426 4.8827577
52.365513 4.8928103
52.378254 4.666147
52.382862 4.8907585
52.367527 4.886851
52.37048 4.8930073
52.38436 4.900782
52.421555 4.8844852
52.378613 4.900546
52.37657 4.911726
52.312645 4.9440446
52.312645 4.9440446
52.38083 4.63678
52.3746 4.897303
52.214645 4.8614826
52.376816 4.9050345
52.37019 4.8889484
52.37133 4.8580513
52.312645 4.9440446
52.36517 4.903593
52.312115 5.050847
52.366337 4.896341
52.34897 4.9170856
52.36877 4.63823
52.37117 4.618067
52.3723 4.9008036
52.494774 4.686184
52.366337 4.896341
52.352978 4.883981
52.37339 4.8939695
52.35529 4.8900294
52.36934 4.880719
52.385998 4.6421957
52.304146 4.8841643
52.354797 4.856638
52.362415 4.906048
52.357983 4.9311633
52.37372 4.626618
52.236824 4.8121486
52.384106 4.868551
52.388004 4.638376
52.362247 4.883912
52.37172 4.902073
52.307304 4.856348
52.36228 4.91253
52.37594 4.89309
52.356613 4.890548
52.379498 4.638296
52.309685 4.761672
52.391052 4.6487007
52.38182 4.629514
52.36363 4.882618
52.373837 4.8833156
52.376816 4.9050345
52.376205 4.894999
52.46547 4.9587493
52.36836 4.889045
52.36136 4.8994193
52.312645 4.9440446
52.30294 4.859306
52.364822 4.881478
52.36654 4.894648
52.30331 4.859367
52.50735 4.979642
52.37048 4.8930073
52.37419 4.900295
52.366962 4.852679
52.3762 4.899548
52.40526 4.888296
52.364822 4.881478
52.38118 4.6300077
52.38145 4.635444
52.370453 4.8931084
52.381615 4.62977
52.38148 4.629969
52.38155 4.6297655
52.309273 4.8645043
52.37591 4.894571
52.34122 5.132967
52.381596 4.63244
52.383503 4.86374
52.30924 4.762187
52.43848 4.825356
52.364822 4.881478
52.30924 4.762187
52.268696 4.748535
52.366444 4.8906326
52.37529 4.907347
52.312515 4.939787
52.312256 4.945607
52.352196 4.891577
52.449184 4.8359475
52.351566 4.8915553
52.357746 4.8915873
52.359505 4.8973384
52.36002 4.9052453
52.35139 4.891279
52.386692 4.636544
52.281788 4.825632
52.3648 4.881749
52.364895 4.882339
52.36705 4.893654
52.36654 4.894648
52.34832 4.917345
52.3648 4.881749
52.379704 4.6318183
52.494816 4.810759
52.30924 4.762187
52.337433 4.8710055
52.35432 4.8061156
52.370045 4.884207
52.293007 4.6991444
52.510345 5.048993
52.376816 4.9050345
52.28248 4.706887
52.35726 4.992549
52.37302 4.892628
52.439034 4.824256
52.289455 4.7233005
52.366055 4.8932214
52.259983 4.686259
52.364216 4.877968
52.38605 4.653139
52.38605 4.653139
52.370285 4.8849354
52.30903 4.7620583
52.383053 4.688286
52.38118 4.820938
52.36663 4.893752
52.36422 4.882897
52.30924 4.762187
52.36422 4.882897
52.308945 4.761402
52.32158 4.7673264
52.312256 4.945607
52.365845 4.8974185
52.371174 4.915264
52.425743 4.646576
52.374687 4.857507
52.35139 4.891279
52.377537 4.8968897
52.363033 4.879678
52.36349 4.8843713
52.308914 4.765109
52.38436 4.900782
52.37366 4.897864
52.314434 4.9416947
52.40785 4.7706385
52.40785 4.7706385
52.488987 5.0640535
52.364456 4.8825755
52.3388 4.8733377
52.459118 5.03601
52.38182 4.629514
52.378613 4.900546
52.408943 4.6323833
52.502163 5.082366
52.41364 4.657257
52.301975 4.69246
52.373955 4.896473
52.38182 4.629514
52.378613 4.900546
52.364555 4.8837233
52.317223 4.6674485
52.36363 4.882618
52.36483 4.880536
52.361633 4.650235
52.378613 4.900546
52.21353 4.860905
52.375565 4.900705
52.378613 4.900546
52.378613 4.900546
52.50924 4.9561496
52.364822 4.881478
52.36483 4.880536
52.371296 4.8620067
52.306824 4.9835014
52.461407 4.7981696
52.438107 4.8139215
52.312317 4.943976
52.35829 4.8930297
52.346447 4.831844
52.337376 4.8738036
52.41364 4.657257
52.30924 4.762187
52.364456 4.8825755
52.35468 4.8872
52.372528 4.8915563
52.294823 4.66086
52.371014 4.856819
52.35991 4.8637633
52.359882 4.863817
52.360657 4.8653975
52.30924 4.762187
52.326 4.882601
52.382957 4.671632
52.33728 4.8897314
52.36654 4.894648
52.37011 4.830085
52.298267 4.709009
52.375107 4.8839273
52.34064 4.890487
52.37042 4.892842
52.286503 4.960111
52.312317 4.943976
52.494846 4.7640452
52.378613 4.900546
52.41858 4.651562
52.296043 4.6638765
52.424244 4.659045
52.378613 4.900546
52.343327 4.8899727
52.378704 4.9007177
52.37708 4.8952675
52.36422 4.882897
52.38069 4.646744
52.30924 4.762187
52.377953 4.630336
52.3625 4.9105453
52.381405 4.6362333
52.37047 5.181581
52.30924 4.762187
52.26991 4.973579
52.36663 4.893752
52.378613 4.900546
52.35539 4.7797947
52.3624 4.891923
52.302097 5.0357265
52.355347 4.928691
52.366535 4.890217
52.30924 4.762187
52.36654 4.894648
52.379665 4.632035
52.376896 4.8820324
52.3802 4.88451
52.38377 4.880405
52.371925 4.890461
52.365013 4.863464
52.377117 4.633266
52.358383 4.881052
52.307644 4.7704234
52.36999 4.881589
52.354237 4.9128304
52.3625 4.9105453
52.30924 4.762187
52.397038 4.624408
52.314075 4.9328213
52.375816 4.856504
52.37952 4.8946996
52.30907 4.761908
52.30924 4.762187
52.3691 4.87898
52.376686 4.9222183
52.37569 4.907863
52.372063 4.899466
52.314075 4.9328213
52.33298 4.7364416
52.368206 4.8906894
52.301765 4.695569
52.36242 4.903997
52.37664 4.8821707
52.377705 4.635758
52.358597 4.878925
52.37019 4.8889484
52.38341 4.64713
52.370453 4.8931084
52.382957 4.6402473
52.3625 4.9105453
52.36242 4.903997
52.37571 4.900653
52.378082 4.886389
52.374413 4.886958
52.361492 4.899291
52.343983 4.856912
52.278065 4.968928
52.359985 4.863564
52.376686 4.9222183
52.308186 4.769625
52.356987 4.891047
52.30734 4.773345
52.374058 4.8838577
52.349865 4.7858334
52.30924 4.762187
52.38594 4.8714175
52.376686 4.9222183
52.321304 4.6641626
52.363644 4.939691
52.382977 4.636622
52.30518 4.7632017
52.36373 4.880299
52.365513 4.8928103
52.35888 4.807346
52.30242 4.694586
52.359013 4.8813324
52.377506 4.8942556
52.35726 4.992549
52.40898 4.647631
52.37664 4.8821707
52.371967 4.891187
52.413494 4.650523
52.30924 4.762187
52.48885 4.9655447
52.375725 4.896359
52.3778 4.88584
52.50464 5.0721936
52.358383 4.881052
52.35108 4.885138
52.48602 4.671421
52.37191 4.92639
52.37767 4.914193
52.494152 4.96859
52.380577 4.8871093
52.352337 4.856572
52.413406 4.650692
52.38083 4.63678
52.309273 4.8645043
52.374565 4.900618
52.21353 4.860905
52.35859 4.925558
52.360058 4.925846
52.361423 4.8968124
52.36003 4.9265695
52.37127 4.8937764
52.381443 4.629968
52.37119 4.8988013
52.295876 4.636114
52.38148 4.629969
52.38155 4.6297655
52.375565 4.8993692
52.381596 4.63244
52.503975 5.0592766
52.46547 4.9587493
52.366405 4.8966594
52.472553 4.7868013
52.36353 4.8530703
52.31695 4.9556065
52.373764 4.912273
52.49674 4.977728
52.372955 4.908304
52.364506 4.88099
52.361423 4.8968124
52.379665 4.885295
52.375664 4.899269
52.366405 4.8966594
52.36483 4.880536
52.314075 4.9328213
52.342445 4.8546267
52.378613 4.900546
52.24299 4.800567
52.36686 4.898664
52.403343 4.9611855
52.359596 4.890296
52.35108 4.854628
52.365192 4.9116836
52.438198 4.8159385
52.378613 4.900546
52.29923 4.849494
52.505993 4.752658
52.359596 4.890296
52.36276 4.86065
52.36003 4.9265695
52.365997 4.897156
52.365498 4.895525
52.355537 4.8915114
52.36422 4.882897
52.38114 4.638258
52.21568 4.935007
52.201336 4.898384
52.365498 4.895525
52.376816 4.9050345
52.38019 4.884229
52.367294 4.895587
52.38118 4.6300077
52.378315 4.881589
52.378315 4.881589
52.371727 4.6085267
52.35942 4.8520665
52.20843 4.8698835
52.366272 4.900202
52.37422 4.881526
52.367268 4.894523
52.38118 4.6300077
52.3625 4.9105453
52.375874 4.900017
52.35926 4.8612
52.36212 4.89885
52.366283 4.8910832
52.37366 4.897864
52.363976 4.8983727
52.340717 4.889751
52.348022 4.8770385
52.30863 4.810181
52.374546 4.89202
52.35621 4.891654
52.37453 4.8728304
52.36483 4.880536
52.36483 4.880536
52.408943 4.6323833
52.346985 4.876897
52.36623 4.896276
52.367294 4.895587
52.378613 4.900546
52.381042 4.63827
52.371986 4.891129
52.306614 4.81831
52.354855 4.792954
52.381973 4.6391053
52.37838 4.883331
52.37875 4.63758
52.36214 4.89172
52.311153 4.7613072
52.37366 4.897864
52.382378 4.893229
52.30924 4.762187
52.373634 4.8977566
52.37042 4.892842
52.34158 4.8114967
52.350273 4.832989
52.370136 4.8652444
52.346985 4.876897
52.382812 4.850873
52.3388 4.8733377
52.380985 4.854319
52.380863 4.853747
52.40404 4.6471095
52.357597 4.881878
52.341755 4.876107
52.37033 4.885574
52.37536 4.897388
52.37469 4.897307
52.366455 4.8974295
52.36462 4.8835516
52.382347 4.6387577
52.413326 4.616383
52.29375 4.9810934
52.372288 4.8860297
52.30924 4.762187
52.37899 4.9015803
52.403206 4.648817
52.338116 4.962446
52.36422 4.882897
52.36462 4.8835516
52.331364 4.716757
52.24269 4.8167405
52.350483 4.6215587
52.37339 4.8939695
52.303917 4.7628922
52.2647 4.762466
52.364822 4.881478
52.318253 4.6412163
52.35813 4.857009
52.31189 4.9471307
52.361347 4.86767
52.358044 4.86763
52.45847 4.670863
52.378613 4.900546
52.286507 4.96005
52.378613 4.900546
52.366634 4.895906
52.34504 4.9673223
52.367805 4.9127126
52.297398 4.658869
52.25778 4.991245
52.346508 4.9176264
52.37536 4.897292
52.35468 4.887748
52.364822 4.881478
52.30942 4.7636566
52.362247 4.883912
52.378296 4.897692
52.37606 4.8972263
52.37171 4.882975
52.309814 4.8513503
52.36019 4.9205446
52.333534 4.9944396
52.30924 4.762187
52.36242 4.903997
52.361145 4.635202
52.35508 4.826725
52.37952 4.8946996
52.36706 4.895987
52.374596 4.934882
52.50735 4.979642
52.366146 4.880866
52.30924 4.762187
52.35432 4.8061156
52.353092 4.855831
52.356365 4.879314
52.309685 4.761672
52.32464 4.794159
52.48476 4.7490044
52.46087 4.811379
52.37213 4.8953276
52.366776 4.8972387
52.350033 4.646553
52.31189 4.9471307
52.35839 4.8792605
52.36063 4.6483345
52.376175 4.925308
52.309017 4.761586
52.27519 4.6676183
52.30924 4.762187
52.366104 4.8995857
52.30924 4.762187
52.364113 4.889336
52.30924 4.762187
52.38622 4.8732004
52.36349 4.9268456
52.312256 4.945607
52.363842 4.834299
52.36242 4.903997
52.36663 4.893752
52.344795 4.777963
52.306496 4.7649713
52.449608 4.6784
52.372334 4.900005
52.3625 4.9105453
52.309277 4.763331
52.46547 4.9587493
52.30924 4.762187
52.360603 4.931379
52.378613 4.900546
52.30907 4.761908
52.364914 4.807958
52.38042 4.8222256
52.3388 4.8733377
52.312256 4.945607
52.317223 4.6674485
52.366978 4.8932505
52.357685 4.901626
52.31189 4.9471307
52.311363 4.9871492
52.375416 4.8460436
52.36509 4.884308
52.371315 4.8954363
52.37669 4.6416817
52.40282 5.1742835
52.36422 4.882897
52.30924 4.762187
52.358276 4.654991
52.3605 4.866157
52.386253 4.6473737
52.309227 4.7621226
52.439598 4.819814
52.268696 4.748535
52.402782 4.656549
52.36663 4.893752
52.30924 4.762187
52.369236 4.888838
52.29883 5.153152
52.378613 4.900546
52.378716 4.8999023
52.35746 4.906677
52.433483 4.6612287
52.30924 4.762187
52.393696 4.8806677
52.351624 4.8719616
52.3926 4.8809056
52.318104 4.8753715
52.30924 4.762187
52.386013 4.8731766
52.376293 4.900592
52.349976 4.9185815
52.352753 4.88391
52.371346 4.845244
52.364735 4.8839765
52.421555 4.8844852
52.452778 4.827456
52.39243 4.6536846
52.334763 4.709401
52.373093 4.753958
52.36073 4.904859
52.372696 4.900385
52.33737 4.816841
52.351173 4.872093
52.38398 4.8846416
52.363644 4.939691
52.375687 4.8965087
52.309692 4.7727013
52.36947 4.8803687
52.30924 4.762187
52.33728 4.8897314
52.349213 4.857117
52.37172 4.902073
52.334274 4.956223
52.36492 4.88336
52.378613 4.900546
52.374687 4.857507
52.36242 4.903997
52.378513 4.899672
52.306377 5.0357585
52.37767 4.914193
52.50945 4.945579
52.30924 4.762187
52.486687 4.962561
52.362682 4.8848176
52.372696 4.900385
52.49284 4.95389
52.372658 4.900369
52.382042 4.9027777
52.36915 4.9192853
52.51005 4.94721
52.372658 4.900369
52.371727 4.6085267
52.372658 4.900369
52.382904 4.6365495
52.37015 4.8824134
52.364506 4.88099
52.351 4.795233
52.36242 4.903997
52.30924 4.762187
52.380604 4.6383805
52.380604 4.6383805
52.373337 4.9036074
52.297512 4.8996997
52.360867 4.9065433
52.272354 4.7935185
52.39442 4.6266155
52.31299 4.760661
52.30924 4.762187
52.372696 4.900385
52.378796 4.885484
52.40812 4.63891
52.35686 4.65196
52.364506 4.88099
52.359642 4.806527
52.37281 4.875697
52.40029 4.925966
52.364536 4.882611
52.382908 4.629
52.309612 4.773962
52.38436 4.900782
52.372696 4.900385
52.386013 4.8731766
52.28856 4.850464
52.385887 4.873885
52.30833 4.6259055
52.351566 4.873155
52.352135 4.930418
52.36318 4.8749075
52.366768 4.893239
52.497852 4.9512124
52.36363 4.882618
52.365997 4.897156
52.414154 4.6440997
52.37251 4.894219
52.386288 4.8735056
52.363873 4.882447
52.36465 4.8836
52.36403 4.8822856
52.364414 4.882709
52.364594 4.8825936
52.36457 4.883582
52.518524 4.9682884
52.30924 4.762187
52.29814 4.945995
52.25873 4.688533
52.37833 4.8453393
52.378613 4.900546
52.35108 4.885138
52.37356 4.637009
52.343193 4.817434
52.309273 4.8645043
52.38182 4.629514
52.510426 4.94461
52.510426 4.94461
52.36349 4.9268456
52.51053 4.944779
52.370285 4.8849354
52.38689 4.841448
52.366768 4.893239
52.341763 4.79015
52.380882 4.85409
52.345135 5.1797185
52.296043 4.6638765
52.38398 4.8846416
52.3249 4.7938557
52.375416 4.8460436
52.344795 4.777963
52.363842 4.834299
52.31097 4.8672223
52.376293 4.900592
52.403034 4.6554704
52.307667 4.7723794
52.34854 4.909014
52.197693 4.896641
52.369213 4.883794
52.37906 4.8944416
52.379158 4.894717
52.449184 4.8359475
52.497852 4.9512124
52.385887 4.873885
52.350033 4.646553
52.378613 4.900546
52.34889 4.937868
52.35919 4.926108
52.393463 4.627392
52.36276 4.86065
52.378613 4.900546
52.36438 4.8211274
52.38131 4.6650453
52.376617 4.9059696
52.3883 4.836858
52.34504 4.9673223
52.437496 4.860507
52.351624 4.8719616
52.255913 4.7831063
52.380928 4.8540187
52.348583 4.892768
52.348473 4.8851457
52.342052 5.1582527
52.342052 5.1582527
52.382908 4.629
52.38685 4.8689175
52.367775 4.892553
52.381615 4.62977
52.302914 4.8592033
52.34832 4.917345
52.39574 4.6256533
52.360783 4.882865
52.37349 4.885365
52.342052 5.1582527
52.38719 4.6333475
52.510517 4.9441423
52.342052 5.1582527
52.29886 4.653621
52.30924 4.762187
52.384922 4.874858
52.39346 4.922765
52.39346 4.922765
52.314434 4.9325395
52.307644 4.7704234
52.309658 4.760213
52.307423 4.7718635
52.506763 4.9533815
52.40282 5.1742835
52.376396 4.8821034
52.43661 4.856409
52.358597 4.878925
52.3691 4.87898
52.320744 5.140833
52.377075 4.913139
52.30924 4.762187
52.364822 4.881478
52.342052 5.1582527
52.371243 4.89059
52.36363 4.882618
52.38685 4.8689175
52.376175 4.8737254
52.370625 4.9284577
52.384254 4.868124
52.376686 4.9222183
52.36928 4.901489
52.306377 5.0357585
52.30924 4.762187
52.30924 4.762187
52.371204 4.898149
52.362217 4.873829
52.356365 4.879314
52.376953 4.920744
52.364506 4.88099
52.379044 4.899291
52.380615 4.637282
52.3388 4.8733377
52.371727 4.6085267
52.376568 4.921317
52.375034 4.8838243
52.3802 4.88451
52.36034 4.900995
52.377144 4.881951
52.38685 4.8689175
52.388905 4.8383527
52.38685 4.8689175
52.376686 4.9222183
52.38118 4.6300077
52.376568 4.921317
52.348408 4.8943295
52.378513 4.899672
52.388393 4.607358
52.30415 4.7624445
52.364056 4.880419
52.442726 4.8383927
52.38685 4.8689175
52.36403 4.8822856
52.378082 4.886389
52.350956 4.850386
52.30924 4.762187
52.30476 4.7661166
52.362556 4.794949
52.364822 4.881478
52.364822 4.881478
52.37366 4.897864
52.452526 5.045118
52.500652 4.8025274
52.36443 4.885216
52.37569 4.907863
52.508595 4.9498773
52.38685 4.8689175
52.455135 5.037803
52.46547 4.9587493
52.37281 4.875697
52.380917 4.638101
52.357983 4.9311633
52.38685 4.8689175
52.31695 4.9556065
52.28046 5.1424813
52.304245 4.76243
52.45438 5.037092
52.381256 4.8213243
52.38105 4.82244
52.309258 4.9464874
52.31189 4.9471307
52.456066 4.837014
52.37994 4.887539
52.391277 4.6493654
52.43851 4.825368
52.37007 4.9416537
52.35139 4.891279
52.2289 4.7447996
52.486687 4.962561
52.289253 4.853222
52.335133 4.913774
52.30924 4.762187
52.37633 4.897221
52.383476 4.734807
52.38436 4.900782
52.37034 4.885793
52.309814 4.8513503
52.37007 4.9416537
52.362247 4.883912
52.339973 4.854133
52.34832 4.917345
52.37 4.8506284
52.362247 4.883912
52.371925 4.890461
52.508495 4.949639
52.362247 4.883912
52.364822 4.881478
52.4238 4.649553
52.425743 4.646576
52.30924 4.762187
52.41364 4.657257
52.41364 4.657257
52.428116 4.642304
52.41364 4.657257
52.410107 4.6506796
52.38685 4.8689175
52.45337 4.8415804
52.287563 4.873929
52.363213 4.874987
52.36206 4.887361
52.362247 4.883912
52.374454 4.9039364
52.363316 4.8835683
52.330074 5.069416
52.301765 4.695569
52.362247 4.883912
52.30924 4.762187
52.46087 4.811379
52.437496 4.860507
52.442642 4.8086686
52.278065 4.8457847
52.356003 4.892742
52.317223 4.6674485
52.35108 4.885138
52.449184 4.8359475
52.371925 4.890461
52.38131 4.6650453
52.36403 4.8822856
52.361927 4.8828287
52.30924 4.762187
52.201336 4.898384
52.360603 4.931379
52.373966 4.896558
52.363735 4.885248
52.236824 4.8121486
52.301094 4.6966996
52.366367 4.8960547
52.362656 4.8836374
52.36654 4.894648
52.362247 4.883912
52.355766 4.9004593
52.34832 4.917345
52.335922 4.8082614
52.36702 4.909558
52.379646 4.6374536
52.374355 4.9357367
52.361244 4.8738036
52.37315 4.928744
52.362247 4.883912
52.361244 4.8738036
52.376213 4.926006
52.370625 4.9284577
52.370625 4.9284577
52.36702 4.909558
52.452526 5.045118
52.393974 4.614249
52.37302 4.892628
52.36702 4.909558
52.37281 4.875697
52.26665 4.749633
52.374344 4.905044
52.34373 4.8916197
52.314014 5.0376024
52.3625 4.9105453
52.30747 4.773774
52.349197 4.8773932
52.364555 4.8837233
52.35919 4.926108
52.375927 4.8931217
52.36663 4.893752
52.378613 4.900546
52.35432 4.8061156
52.38207 4.9202847
52.382145 4.85562
52.380302 4.888526
52.46547 4.9587493
52.38042 4.8222256
52.360447 4.925255
52.369007 4.8887
52.37925 4.636869
52.37723 4.636607
52.366234 4.896057
52.304935 4.6646833
52.497852 4.9512124
52.380985 4.854319
52.349197 4.8773932
52.380936 4.8541145
52.38103 4.8543253
52.342167 4.890048
52.30924 4.762187
52.3208 4.870241
52.31189 4.9471307
52.376686 4.9222183
52.36276 4.86065
52.456066 4.837014
52.370018 4.893272
52.309708 4.646922
52.307552 5.1564755
52.357574 4.855882
52.259228 5.041197
52.424244 4.659045
52.36702 4.909558
52.342167 4.890048
52.372143 4.875582
52.3467 4.90492
52.353477 4.855914
52.431458 4.874191
52.364933 4.88235
52.37366 4.897864
52.370018 4.893272
52.443935 4.8372674
52.364807 4.8815346
52.43113 4.812603
52.363503 4.884823
52.36003 4.9265695
52.383385 4.9173326
52.300003 4.955349
52.382812 4.850873
52.38085 4.854058
52.367294 4.895587
52.376175 4.8737254
52.374195 4.891885
52.393463 4.627392
52.293198 4.9942665
52.301105 4.665117
52.387886 4.6082497
52.371864 4.961772
52.414154 4.6440997
52.339005 4.902133
52.448967 4.637786
52.360115 4.6614695
52.35495 4.8900967
52.382862 4.8907585
52.376816 4.9050345
52.37378 4.8936367
52.367462 4.8944407
52.359238 4.926089
52.364807 4.8815346
52.296356 4.7080708
52.33018 4.9902506
52.35608 4.892693
52.378613 4.900546
52.296043 4.6638765
52.380447 4.8862123
52.50945 4.945579
52.43249 4.644971
52.30806 4.8795943
52.37267 4.900784
52.374413 4.886958
52.361492 4.899291
52.30924 4.762187
52.372955 4.908304
52.366142 4.896916
52.37457 4.63001
52.31695 4.9556065
52.383476 4.734807
52.370834 4.9006414
52.361668 4.882462
52.371986 4.891129
52.39243 4.6536846
52.36422 4.882897
52.36379 4.882677
52.374638 4.8577385
52.30863 4.810181
52.382908 4.629
52.38131 4.6650453
52.37356 4.637009
52.371746 4.636979
52.364807 4.8815346
52.35746 4.906677
52.365997 4.897156
52.48476 4.7490044
52.309708 4.646922
52.30924 4.762187
52.37339 4.8939695
52.364044 4.8338985
52.362324 4.882959
52.36706 4.895987
52.38436 4.900782
52.358997 4.89177
52.376686 4.9222183
52.34832 4.917345
52.38436 4.900782
52.361984 4.827271
52.23839 4.750987
52.363842 4.834299
52.222473 4.902127
52.339195 4.8514295
52.382812 4.850873
52.373768 4.89931
52.371746 4.636979
52.382862 4.8907585
52.362324 4.882959
52.36276 4.86065
52.363415 4.8835516
52.38145 4.636801
52.455135 5.037803
52.498165 4.9586616
52.362103 4.8824844
52.378635 4.897185
52.33437 4.8890877
52.362247 4.883912
52.33378 4.9227386
52.424244 4.659045
52.336193 4.8799896
52.3388 4.8733377
52.237198 4.755474
52.386227 4.829833
52.371613 4.883178
52.314434 4.9325395
52.36422 4.882897
52.360752 4.980748
52.40118 4.6167254
52.35325 4.832447
52.37043 4.912289
52.37281 4.875697
52.30924 4.762187
52.296043 4.6638765
52.309765 4.762858
52.371838 4.89008
52.375416 4.8460436
52.294308 4.9679227
52.378323 4.91282
52.309814 4.8513503
52.38368 4.88883
52.37675 4.9052596
52.296043 4.6638765
52.297344 4.658837
52.29532 4.65824
52.486687 4.962561
52.377644 4.7571287
52.497852 4.9512124
52.315582 4.9640713
52.36415 4.884081
52.343983 4.856912
52.472904 4.6645775
52.31695 4.9556065
52.35812 4.647907
52.37972 4.6319127
52.287273 4.95978
52.365593 4.88505
52.30924 4.762187
52.31286 4.8491335
52.36208 4.887929
52.30924 4.762187
52.36363 4.882618
52.373634 4.8977566
52.364536 4.882611
52.30924 4.762187
52.378426 4.883336
52.201336 4.898384
52.30415 5.146129
52.34393 4.853039
52.388004 4.638376
52.375034 4.8838243
52.37277 4.893292
52.407185 4.730816
52.297142 4.900437
52.36663 4.893752
52.50464 5.0721936
52.362247 4.883912
52.369827 4.8768244
52.376938 4.894813
52.366325 4.8977137
52.346508 4.9176264
52.43661 4.856409
52.37804 4.883493
52.378277 4.636203
52.348473 4.8851457
52.369987 4.8845124
52.372265 4.8888836
52.393463 4.627392
52.393463 4.627392
52.379044 4.899291
52.291973 4.854305
52.452778 4.827456
52.346325 4.952278
52.369987 4.8845124
52.278503 4.7438974
52.373505 4.6372175
52.37356 4.637009
52.371746 4.636979
52.312954 4.7618437
52.307423 4.7718635
52.367805 4.9127126
52.359207 4.8979177
52.367046 4.894032
52.354214 4.8841095
52.34978 4.893716
52.377373 4.887233
52.472015 4.8000135
52.374454 4.9039364
52.359207 4.8979177
52.359207 4.8979177
52.369987 4.8845124
52.341034 4.8700957
52.359207 4.8979177
52.308323 4.765234
52.363842 4.834299
52.359207 4.8979177
52.364536 4.882611
52.369987 4.8845124
52.38479 4.859048
52.362247 4.883912
52.363316 4.8835683
52.369987 4.8845124
52.309708 4.646922
52.369987 4.8845124
52.369987 4.8845124
52.369987 4.8845124
52.37569 4.907863
52.369987 4.8845124
52.357803 4.656363
52.369987 4.8845124
52.359207 4.8979177
52.38479 4.859048
52.376007 4.927763
52.369987 4.8845124
52.369987 4.8845124
52.37183 4.896035
52.300945 4.6956615
52.371727 4.6085267
52.364536 4.882611
52.301216 4.66369
52.359207 4.8979177
52.365513 4.8928103
52.342506 4.795377
52.377506 4.8942556
52.376686 4.9222183
52.37267 4.900784
52.37788 4.625888
52.399597 4.896709
52.36706 4.895987
52.37172 4.902073
52.32978 5.0671034
52.381397 4.634739
52.32464 4.794159
52.363415 4.8835516
52.351566 4.873155
52.2522 4.756617
52.363388 4.834987
52.3539 4.911837
52.362247 4.883912
52.360897 4.906707
52.364536 4.882611
52.306313 4.637601
52.367188 4.8892164
52.383484 4.9289393
52.359207 4.8979177
52.34856 4.8927836
52.295876 4.636114
52.349953 4.9187603
52.34676 4.8741913
52.351566 4.873155
52.347786 4.9642477
52.377644 4.7571287
52.497852 4.9512124
52.378613 4.900546
52.360603 4.931379
52.317223 4.6674485
52.394157 4.6454015
52.38182 4.629514
52.378613 4.900546
52.374393 4.974146
52.34832 4.917345
52.336296 4.890332
52.317272 4.942263
52.390938 4.607241
52.349552 4.825235
52.37569 4.907863
52.32693 4.9630294
52.30924 4.762187
52.50945 4.945579
52.486687 4.962561
52.35615 4.925795
52.350033 4.646553
52.334213 4.866686
52.39295 4.6405373
52.35001 4.839379
52.380367 4.7517157
52.364117 4.883276
52.366886 4.894039
52.36438 4.8211274
52.38093 4.6378255
52.434853 4.6608343
52.379044 4.899291
52.310593 4.7554464
52.3388 4.8733377
52.480064 4.665934
52.350006 4.8131123
52.341614 4.821963
52.377552 4.6300764
52.449184 4.8359475
52.37677 4.8894205
52.346508 4.9176264
52.277924 4.712273
52.38042 4.8222256
52.3498 4.894068
52.371944 4.638808
52.29367 4.676035
52.362682 4.8848176
52.357845 5.1828327
52.37585 4.899026
52.378334 4.633268
52.34897 4.9170856
52.34588 4.916296
52.30686 4.756082
52.362324 4.882959
52.355484 4.892869
52.36276 4.86065
52.49803 5.0524077
52.370712 4.6632566
52.378613 4.900546
52.375034 4.8838243
52.370533 4.893045
52.346325 4.952278
52.353073 4.8939915
52.357574 4.855882
52.335495 4.887843
52.362247 4.883912
52.34832 4.917345
52.33988 4.8730264
52.30924 4.762187
52.35283 4.856726
52.310066 4.761874
52.465023 4.81139
52.36242 4.903997
52.289803 4.724255
52.37457 4.63001
52.365738 4.8963885
52.372463 4.876068
52.36003 4.9265695
52.348404 5.1523714
52.302063 4.9498343
52.34393 4.853039
52.348904 4.893739
52.357067 4.891007
52.434853 4.6608343
52.35464 4.953194
52.35711 4.9180465
52.438107 4.8139215
52.402782 4.656549
52.509766 4.9479585
52.352867 4.894967
52.338303 4.935977
52.348305 4.8656344
52.289825 4.8405194
52.30273 4.859069
52.36752 4.9309187
52.37379 4.881809
52.371174 4.915264
52.454758 5.047396
52.293198 4.9942665
52.38118 4.6300077
52.377186 4.8889375
52.472946 4.668224
52.346508 4.9176264
52.364044 4.8829722
52.361984 4.827271
52.388878 4.838007
52.37833 4.8453393
52.364056 4.880419
52.34466 4.861293
52.38105 4.7923565
52.30924 4.762187
52.357983 4.9311633
52.31695 4.9556065
52.286503 4.960111
52.36422 4.882897
52.39115 4.9383497
52.30747 4.773774
52.397038 4.624408
52.36305 4.884155
52.346954 4.809903
52.20708 4.8831654
52.414154 4.6440997
52.438354 4.8189425
52.35726 4.992549
52.364975 4.878231
52.367138 4.8894267
52.325985 4.8728285
52.455135 5.037803
52.289253 4.853222
52.309814 4.8513503
52.35567 4.9072948
52.30907 4.761908
52.318474 4.9368095
52.38074 4.63818
52.438354 4.8189425
52.35746 4.906677
52.378613 4.900546
52.300003 4.955349
52.201878 4.88527
52.373634 4.8977566
52.373634 4.8977566
52.37281 4.875697
52.374775 4.8973346
52.433434 4.9972773
52.37366 4.897864
52.388004 4.638376
52.500607 4.964427
52.362766 4.909838
52.344406 4.8365707
52.37356 4.637009
52.371746 4.636979
52.50945 4.945579
52.486687 4.962561
52.362103 4.8824844
52.368855 4.888905
52.278065 4.8457847
52.377644 4.7571287
52.29632 5.16138
52.352135 4.930418
52.355305 4.8397083
52.293198 4.9942665
52.497852 4.9512124
52.361797 4.864395
52.37007 4.9416537
52.35108 4.885138
52.461407 4.7981696
52.38816 4.6380544
52.36718 4.8968225
52.388817 4.837964
52.35726 4.992549
52.317223 4.6674485
52.308464 4.76635
52.33834 4.857389
52.303364 4.700279
52.39594 4.870019
52.378613 4.900546
52.380882 4.85409
52.380936 4.8541145
52.355537 4.9559765
52.36276 4.86065
52.355816 4.9108887
52.366886 4.894039
52.367584 4.899065
52.362217 4.873829
52.354103 4.8939147
52.36063 4.6483345
52.26032 4.685863
52.36763 4.8941574
52.503975 5.0592766
52.38012 4.885355
52.37776 4.8944526
52.394638 4.850144
52.373066 4.9007077
52.21045 4.9190087
52.376392 4.893831
52.385998 4.6421957
52.356228 4.845647
52.348557 4.856107
52.50717 4.944062
52.372066 4.8868713
52.366226 4.8945203
52.38479 4.6705465
52.366226 4.8945203
52.38042 4.8222256
52.30581 4.7661247
52.37952 4.8946996
52.37771 4.9151587
52.34832 4.917345
52.361668 4.882462
52.378223 4.8994436
52.439034 4.824256
52.37952 4.8946996
52.35001 4.839379
52.350956 4.850386
52.50464 5.0721936
52.295696 5.1627307
52.31987 4.985882
52.37952 4.8946996
52.308323 4.765234
52.30924 4.762187
52.388004 4.638376
52.27887 4.750246
52.36295 4.899141
52.342026 4.861651
52.49589 4.9366546
52.207687 4.8789544
52.34426 4.7911177
52.383503 4.86374
52.366398 4.890914
52.388927 4.887294
52.37675 4.9052596
52.37952 4.8946996
52.30924 4.762187
52.37779 4.905469
52.449184 4.8359475
52.372566 4.9003205
52.371128 4.891938
52.296043 4.6638765
52.36422 4.882897
52.30924 4.762187
52.314434 4.9325395
52.314434 4.9325395
52.302647 4.862493
52.378613 4.900546
52.472946 4.668224
52.35726 4.992549
52.299686 5.0266776
52.364 4.936677
52.30924 4.762187
52.39659 4.8696203
52.378513 4.899672
52.378613 4.900546
52.434273 4.6442604
52.38131 4.8893824
52.309708 4.646922
52.51298 4.946443
52.363647 4.9111853
52.23481 4.834344
52.434853 4.6608343
52.375816 4.856504
52.373837 4.8833156
52.38904 4.838515
52.36363 4.882618
52.36694 4.912172
52.388905 4.8383527
52.38017 4.89215
52.297897 4.9461184
52.308323 4.765234
52.385864 4.881485
52.382904 4.6365495
52.449184 4.8359475
52.36242 4.903997
52.50464 5.0721936
52.37788 4.625888
52.36242 4.903997
52.378613 4.900546
52.29603 4.899457
52.364098 4.8814487
52.341972 4.874817
52.36706 4.895987
52.366394 4.891091
52.3097 4.7626376
52.377144 4.881951
52.428795 4.912345
52.369892 4.880976
52.381477 4.635318
52.3396 4.8731318
52.351566 4.873155
52.30924 4.762187
52.394524 4.6419168
52.39711 4.6431804
52.3539 4.911837
52.300957 4.692034
52.31279 5.04302
52.40282 5.1742835
52.308643 4.7621555
52.323467 4.9719086
52.267555 5.134156
52.36645 4.890474
52.37379 4.881809
52.362247 4.883912
52.37453 4.9005227
52.364975 4.878231
52.317738 4.654331
52.376453 4.6344504
52.35325 4.832447
52.3691 4.87898
52.35087 4.906417
52.33079 4.852656
52.36329 4.919616
52.365284 4.8855586
52.3795 4.8999023
52.378613 4.900546
52.3778 4.885876
52.30164 4.6643386
52.391647 5.1855545
52.46087 4.8139157
52.34466 4.861293
52.39243 4.6536846
52.378613 4.900546
52.309685 4.761672
52.440292 4.6507397
52.306114 4.678777
52.38694 4.8699393
52.350033 4.646553
52.338223 4.8596478
52.370384 4.894924
52.37339 4.8939695
52.38694 4.8699393
52.355877 4.8709097
52.362865 4.898306
52.3742 4.629989
52.308323 4.765234
52.37952 4.8946996
52.355537 4.9559765
52.33237 4.898583
52.38694 4.8699393
52.50869 4.949451
52.36422 4.882897
52.36363 4.882618
52.351223 4.9334483
52.352856 4.889798
52.438107 4.8139215
52.314434 4.9416947
52.366104 4.8995857
52.334213 4.866686
52.334213 4.866686
52.381844 4.637252
52.367607 5.190568
52.37591 4.894571
52.4187 4.8268294
52.289803 4.724255
52.373978 4.9363375
52.352043 4.8562613
52.352264 4.8559785
52.36663 4.9263177
52.375664 4.899269
52.35517 4.868283
52.30924 4.762187
52.312256 4.945607
52.436207 4.6497273
52.377617 4.6421666
52.364822 4.881478
52.329308 4.6698356
52.33834 4.857389
52.36462 4.8835516
52.31275 4.84907
52.342445 4.8546267
52.217636 4.936657
52.35657 4.897166
52.314434 4.9325395
52.278065 4.8457847
52.426094 4.651632
52.36242 4.903997
52.351532 4.8192997
52.29603 4.899457
52.346745 4.911146
52.37 4.8506284
52.449184 4.8359475
52.378613 4.900546
52.390045 4.887693
52.381058 5.183567
52.362247 4.883912
52.364323 4.841186
52.364536 4.882611
52.3744 4.910958
52.38436 4.900782
52.358692 4.87882
52.33737 4.816841
52.36167 4.8870106
52.387497 4.637734
52.383476 4.734807
52.349953 4.9187603
52.369827 4.880415
52.36706 4.895987
52.31695 4.9556065
52.349976 4.9185815
52.3633 4.847473
52.366795 4.871083
52.48602 4.671421
52.35108 4.885138
52.348763 4.8933363
52.346012 4.8949146
52.339195 4.8514295
52.376175 4.8737254
52.362247 4.883912
52.49589 4.9366546
52.350536 4.898317
52.32978 5.0671034
52.368443 4.887928
52.36964 4.8912344
52.393463 4.627392
52.362247 4.883912
52.46547 4.9587493
52.35746 4.906677
52.511402 4.956572
52.38717 4.833329
52.36363 4.882618
52.410507 4.645214
52.362247 4.883912
52.36276 4.86065
52.36939 4.8511505
52.50464 5.0721936
52.318253 4.6412163
52.376312 4.9059
52.378513 4.899672
52.309708 4.646922
52.347 4.7512026
52.364822 4.864502
52.35922 4.914345
52.378613 4.900546
52.30924 4.762187
52.362247 4.883912
52.364506 4.88099
52.366776 4.8913407
52.440292 4.6507397
52.37582 4.884079
52.472015 4.8000135
52.372334 4.900005
52.36373 4.881715
52.35283 4.856726
52.505463 4.7658777
52.3672 4.89642
52.280933 4.8555923
52.37047 5.181581
52.302914 4.8592033
52.372566 4.9003205
52.380054 4.8988295
52.510506 4.9450417
52.30924 4.762187
52.37356 4.637009
52.309055 4.761801
52.35942 4.8520665
52.361057 4.916253
52.424244 4.659045
52.298687 4.862643
52.36241 4.8325996
52.373203 4.845204
52.3625 4.9105453
52.369225 4.884099
52.37402 4.875325
52.300053 4.94505
52.295013 4.9411325
52.29386 4.9444056
52.376686 4.9222183
52.36465 4.8836
52.272984 4.9688606
52.414154 4.6440997
52.38105 4.7923565
52.234467 4.9632273
52.30895 5.142007
52.37302 4.892628
52.376686 4.9222183
52.21045 4.9190087
52.503975 5.0592766
52.393463 4.627392
52.384254 4.868124
52.378613 4.900546
52.312256 4.945607
52.34583 4.855129
52.362316 4.9108243
52.37339 4.8939695
52.362316 4.9108243
52.37952 4.8946996
52.43443 4.652612
52.4187 4.8268294
52.31041 4.75511
52.349213 4.857117
52.36462 4.8835516
52.352642 5.003554
52.297413 4.9041867
52.347717 5.1836553
52.344685 4.853361
52.35325 4.832447
52.3429 4.9084554
52.338673 4.6366305
52.45513 4.8263736
52.31269 4.9448133
52.377422 4.859705
52.379646 4.6374536
52.31987 4.985882
52.30924 4.762187
52.380806 4.636095
52.36663 4.9263177
52.374546 4.88968
52.36638 4.9110723
52.36002 4.9052453
52.362247 4.883912
52.37736 4.888737
52.36013 4.864862
52.37223 4.8789263
52.36768 4.651769
52.373863 4.9003778
52.346325 4.952278
52.433144 4.836329
52.372665 4.891625
52.511402 4.956572
52.373898 4.849332
52.36953 4.8778358
52.359596 4.890296
52.397038 4.624408
52.416283 4.6156793
52.36556 4.8957953
52.35145 4.9126697
52.376568 4.921317
52.356365 4.879314
52.366177 4.8985343
52.37107 4.882909
52.364273 4.8828864
52.36013 4.864862
52.363457 4.881803
52.385998 4.6421957
52.444458 4.8373346
52.364506 4.88099
52.37033 4.8936615
52.30924 4.762187
52.308693 4.7637005
52.38354 4.863875
52.363842 4.834299
52.358013 4.992556
52.378796 4.885484
52.379665 4.893229
52.30849 4.8104024
52.38133 4.638617
52.378765 4.849833
52.380882 4.85409
52.378548 4.8502707
52.30924 4.762187
52.37867 4.848983
52.369213 4.883794
52.374546 4.88968
52.30924 4.762187
52.362247 4.883912
52.363445 4.885372
52.37843 4.9000535
52.364338 4.882705
52.36663 4.893752
52.360756 4.9289846
52.364807 4.8815346
52.30924 4.762187
52.37142 4.884324
52.375816 4.856504
52.36663 4.9263177
52.30924 4.762187
52.370712 4.6632566
52.3625 4.9105453
52.30873 4.8776608
52.362247 4.883912
52.434853 4.6608343
52.37007 4.9416537
52.297024 4.706107
52.362247 4.883912
52.293007 4.6991444
52.308582 4.768924
52.36063 4.6483345
52.30924 4.762187
52.35698 4.8915663
52.362247 4.883912
52.361797 4.864395
52.364807 4.8815346
52.30924 4.762187
52.32419 5.113318
52.299686 5.0266776
52.320557 5.1405325
52.30924 4.762187
52.364822 4.864502
52.37366 4.897864
52.373177 4.900128
52.377506 4.8942556
52.376568 4.921317
52.38109 4.912734
52.37569 4.9003105
52.372738 4.9000926
52.373863 4.9003778
52.374207 4.9002194
52.207916 4.857043
52.34071 4.932334
52.376686 4.9222183
52.366337 4.896341
52.317223 4.6674485
52.37665 4.8991356
52.365997 4.897156
52.393204 4.849225
52.32978 5.0671034
52.46547 4.9587493
52.29923 4.849494
52.37477 4.890734
52.30924 4.762187
52.46547 4.9587493
52.364536 4.882611
52.50961 4.9686027
52.367645 4.893886
52.38042 4.8222256
52.383476 4.734807
52.366776 4.8913407
52.254185 4.8072815
52.50945 4.945579
52.486687 4.962561
52.36585 4.89541
52.366146 4.880866
52.300003 4.955349
52.36002 4.9052453
52.34976 5.014615
52.499084 4.6997023
52.376686 4.9222183
52.364807 4.8815346
52.364536 4.882611
52.380974 4.854115
52.50735 4.979642
52.3498 4.912382
52.376 4.6561866
52.36422 4.882897
52.376 4.6561866
52.294308 4.9679227
52.2765 4.7975564
52.3625 4.9105453
52.382145 4.85562
52.54307 4.892489
52.312115 5.050847
52.359406 4.894073
52.393463 4.627392
52.347786 4.9642477
52.37366 4.897864
52.39243 4.6536846
52.371986 4.891129
52.31427 4.751301
52.30924 4.762187
52.364117 4.883276
52.497852 4.9512124
52.36063 4.6483345
52.49618 4.990989
52.335564 4.848275
52.35256 4.9393134
52.493515 4.678921
52.38131 4.6650453
52.388004 4.638376
52.370712 4.6632566
52.36378 4.88399
52.32544 4.950864
52.309055 4.761801
52.309227 4.7621226
52.309895 4.7643757
52.307148 4.6525493
52.350536 4.898317
52.37302 4.892628
52.50087 4.9931583
52.358044 4.86763
52.367657 4.892031
52.36345 4.8854218
52.444458 4.8373346
52.378613 4.900546
52.391136 4.903971
52.304146 4.8841643
52.38159 4.886271
52.380817 4.637763
52.380657 4.899366
52.376205 4.894999
52.36681 4.912166
52.348763 4.8933363
52.367004 4.890733
52.379124 4.8962126
52.38252 4.903539
52.357994 4.8908043
52.37302 4.892628
52.349304 4.621218
52.36276 4.86065
52.370003 4.877819
52.373047 4.9004407
52.360783 4.882865
52.370285 4.8849354
52.287888 4.7552123
52.36422 4.882897
52.3691 4.87898
52.37223 4.878987
52.36145 4.8991437
52.374226 4.892252
52.385784 4.636413
52.34832 4.917345
52.509987 4.9587436
52.382862 4.8907585
52.311077 4.9474525
52.3525 4.894468
52.49803 5.0524077
52.36137 4.9247503
52.378162 4.899444
52.309055 4.761801
52.33176 4.9179726
52.38479 4.6705465
52.312645 4.9440446
52.35444 4.855422
52.364426 4.8827577
52.365513 4.8928103
52.378254 4.666147
52.382862 4.8907585
52.367527 4.886851
52.37048 4.8930073
52.38436 4.900782
52.421555 4.8844852
52.378613 4.900546
52.37657 4.911726
52.312645 4.9440446
52.312645 4.9440446
52.38083 4.63678
52.3746 4.897303
52.214645 4.8614826
52.376816 4.9050345
52.37019 4.8889484
52.37133 4.8580513
52.312645 4.9440446
52.36517 4.903593
52.312115 5.050847
52.366337 4.896341
52.34897 4.9170856
52.36877 4.63823
52.37117 4.618067
52.3723 4.9008036
52.494774 4.686184
52.366337 4.896341
52.352978 4.883981
52.37339 4.8939695
52.35529 4.8900294
52.36934 4.880719
52.385998 4.6421957
52.304146 4.8841643
52.354797 4.856638
52.362415 4.906048
52.357983 4.9311633
52.37372 4.626618
52.236824 4.8121486
52.384106 4.868551
52.388004 4.638376
52.362247 4.883912
52.37172 4.902073
52.307304 4.856348
52.36228 4.91253
52.37594 4.89309
52.356613 4.890548
52.379498 4.638296
52.309685 4.761672
52.391052 4.6487007
52.38182 4.629514
52.36363 4.882618
52.373837 4.8833156
52.376816 4.9050345
52.376205 4.894999
52.46547 4.9587493
52.36836 4.889045
52.36136 4.8994193
52.312645 4.9440446
52.30294 4.859306
52.364822 4.881478
52.36654 4.894648
52.30331 4.859367
52.50735 4.979642
52.37048 4.8930073
52.37419 4.900295
52.366962 4.852679
52.3762 4.899548
52.40526 4.888296
52.364822 4.881478
52.38118 4.6300077
52.38145 4.635444
52.370453 4.8931084
52.381615 4.62977
52.38148 4.629969
52.38155 4.6297655
52.309273 4.8645043
52.37591 4.894571
52.34122 5.132967
52.381596 4.63244
52.383503 4.86374
52.30924 4.762187
52.43848 4.825356
52.364822 4.881478
52.30924 4.762187
52.268696 4.748535
52.366444 4.8906326
52.37529 4.907347
52.312515 4.939787
52.312256 4.945607
52.352196 4.891577
52.449184 4.8359475
52.351566 4.8915553
52.357746 4.8915873
52.359505 4.8973384
52.36002 4.9052453
52.35139 4.891279
52.386692 4.636544
52.281788 4.825632
52.3648 4.881749
52.364895 4.882339
52.36705 4.893654
52.36654 4.894648
52.34832 4.917345
52.3648 4.881749
52.379704 4.6318183
52.494816 4.810759
52.30924 4.762187
52.337433 4.8710055
52.35432 4.8061156
52.370045 4.884207
52.293007 4.6991444
52.510345 5.048993
52.376816 4.9050345
52.28248 4.706887
52.35726 4.992549
52.37302 4.892628
52.439034 4.824256
52.289455 4.7233005
52.366055 4.8932214
52.259983 4.686259
52.364216 4.877968
52.38605 4.653139
52.38605 4.653139
52.370285 4.8849354
52.30903 4.7620583
52.383053 4.688286
52.38118 4.820938
52.36663 4.893752
52.36422 4.882897
52.30924 4.762187
52.36422 4.882897
52.308945 4.761402
52.32158 4.7673264
52.312256 4.945607
52.365845 4.8974185
52.371174 4.915264
52.425743 4.646576
52.374687 4.857507
52.35139 4.891279
52.377537 4.8968897
52.363033 4.879678
52.36349 4.8843713
52.308914 4.765109
52.38436 4.900782
52.37366 4.897864
52.314434 4.9416947
52.40785 4.7706385
52.40785 4.7706385
52.488987 5.0640535
52.364456 4.8825755
52.3388 4.8733377
52.459118 5.03601
52.38182 4.629514
52.378613 4.900546
52.408943 4.6323833
52.502163 5.082366
52.41364 4.657257
52.301975 4.69246
52.373955 4.896473
52.38182 4.629514
52.378613 4.900546
52.364555 4.8837233
52.317223 4.6674485
52.36363 4.882618
52.36483 4.880536
52.361633 4.650235
52.378613 4.900546
52.21353 4.860905
52.375565 4.900705
52.378613 4.900546
52.378613 4.900546
52.50924 4.9561496
52.364822 4.881478
52.36483 4.880536
52.371296 4.8620067
52.306824 4.9835014
52.461407 4.7981696
52.438107 4.8139215
52.312317 4.943976
52.35829 4.8930297
52.346447 4.831844
52.337376 4.8738036
52.41364 4.657257
52.30924 4.762187
52.364456 4.8825755
52.35468 4.8872
52.372528 4.8915563
52.294823 4.66086
52.371014 4.856819
52.35991 4.8637633
52.359882 4.863817
52.360657 4.8653975
52.30924 4.762187
52.326 4.882601
52.382957 4.671632
52.33728 4.8897314
52.36654 4.894648
52.37011 4.830085
52.298267 4.709009
52.375107 4.8839273
52.34064 4.890487
52.37042 4.892842
52.286503 4.960111
52.312317 4.943976
52.494846 4.7640452
52.378613 4.900546
52.41858 4.651562
52.296043 4.6638765
52.424244 4.659045
52.378613 4.900546
52.343327 4.8899727
52.378704 4.9007177
52.37708 4.8952675
52.36422 4.882897
52.38069 4.646744
52.30924 4.762187
52.377953 4.630336
52.3625 4.9105453
52.381405 4.6362333
52.37047 5.181581
52.30924 4.762187
52.26991 4.973579
52.36663 4.893752
52.378613 4.900546
52.35539 4.7797947
52.3624 4.891923
52.302097 5.0357265
52.355347 4.928691
52.366535 4.890217
52.30924 4.762187
52.36654 4.894648
52.379665 4.632035
52.376896 4.8820324
52.3802 4.88451
52.38377 4.880405
52.371925 4.890461
52.365013 4.863464
52.377117 4.633266
52.358383 4.881052
52.307644 4.7704234
52.36999 4.881589
52.354237 4.9128304
52.3625 4.9105453
52.30924 4.762187
52.397038 4.624408
52.314075 4.9328213
52.375816 4.856504
52.37952 4.8946996
52.30907 4.761908
52.30924 4.762187
52.3691 4.87898
52.376686 4.9222183
52.37569 4.907863
52.372063 4.899466
52.314075 4.9328213
52.33298 4.7364416
52.368206 4.8906894
52.301765 4.695569
52.36242 4.903997
52.37664 4.8821707
52.377705 4.635758
52.358597 4.878925
52.37019 4.8889484
52.38341 4.64713
52.370453 4.8931084
52.382957 4.6402473
52.3625 4.9105453
52.36242 4.903997
52.37571 4.900653
52.378082 4.886389
52.374413 4.886958
52.361492 4.899291
52.343983 4.856912
52.278065 4.968928
52.359985 4.863564
52.376686 4.9222183
52.308186 4.769625
52.356987 4.891047
52.30734 4.773345
52.374058 4.8838577
52.349865 4.7858334
52.30924 4.762187
52.38594 4.8714175
52.376686 4.9222183
52.321304 4.6641626
52.363644 4.939691
52.382977 4.636622
52.30518 4.7632017
52.36373 4.880299
52.365513 4.8928103
52.35888 4.807346
52.30242 4.694586
52.359013 4.8813324
52.377506 4.8942556
52.35726 4.992549
52.40898 4.647631
52.37664 4.8821707
52.371967 4.891187
52.413494 4.650523
52.30924 4.762187
52.48885 4.9655447
52.375725 4.896359
52.3778 4.88584
52.50464 5.0721936
52.358383 4.881052
52.35108 4.885138
52.48602 4.671421
52.37191 4.92639
52.37767 4.914193
52.494152 4.96859
52.380577 4.8871093
52.352337 4.856572
52.413406 4.650692
52.38083 4.63678
52.309273 4.8645043
52.374565 4.900618
52.21353 4.860905
52.35859 4.925558
52.360058 4.925846
52.361423 4.8968124
52.36003 4.9265695
52.37127 4.8937764
52.381443 4.629968
52.37119 4.8988013
52.295876 4.636114
52.38148 4.629969
52.38155 4.6297655
52.375565 4.8993692
52.381596 4.63244
52.503975 5.0592766
52.46547 4.9587493
52.366405 4.8966594
52.472553 4.7868013
52.36353 4.8530703
52.31695 4.9556065
52.373764 4.912273
52.49674 4.977728
52.372955 4.908304
52.364506 4.88099
52.361423 4.8968124
52.379665 4.885295
52.375664 4.899269
52.366405 4.8966594
52.36483 4.880536
52.314075 4.9328213
52.342445 4.8546267
52.378613 4.900546
52.24299 4.800567
52.36686 4.898664
52.403343 4.9611855
52.359596 4.890296
52.35108 4.854628
52.365192 4.9116836
52.438198 4.8159385
52.378613 4.900546
52.29923 4.849494
52.505993 4.752658
52.359596 4.890296
52.36276 4.86065
52.36003 4.9265695
52.365997 4.897156
52.365498 4.895525
52.355537 4.8915114
52.36422 4.882897
52.38114 4.638258
52.21568 4.935007
52.201336 4.898384
52.365498 4.895525
52.376816 4.9050345
52.38019 4.884229
52.367294 4.895587
52.38118 4.6300077
52.378315 4.881589
52.378315 4.881589
52.371727 4.6085267
52.35942 4.8520665
52.20843 4.8698835
52.366272 4.900202
52.37422 4.881526
52.367268 4.894523
52.38118 4.6300077
52.3625 4.9105453
52.375874 4.900017
52.35926 4.8612
52.36212 4.89885
52.366283 4.8910832
52.37366 4.897864
52.363976 4.8983727
52.340717 4.889751
52.348022 4.8770385
52.30863 4.810181
52.374546 4.89202
52.35621 4.891654
52.37453 4.8728304
52.36483 4.880536
52.36483 4.880536
52.408943 4.6323833
52.346985 4.876897
52.36623 4.896276
52.367294 4.895587
52.378613 4.900546
52.381042 4.63827
52.371986 4.891129
52.306614 4.81831
52.354855 4.792954
52.381973 4.6391053
52.37838 4.883331
52.37875 4.63758
52.36214 4.89172
52.311153 4.7613072
52.37366 4.897864
52.382378 4.893229
52.30924 4.762187
52.373634 4.8977566
52.37042 4.892842
52.34158 4.8114967
52.350273 4.832989
52.370136 4.8652444
52.346985 4.876897
52.382812 4.850873
52.3388 4.8733377
52.380985 4.854319
52.380863 4.853747
52.40404 4.6471095
52.357597 4.881878
52.341755 4.876107
52.37033 4.885574
52.37536 4.897388
52.37469 4.897307
52.366455 4.8974295
52.36462 4.8835516
52.382347 4.6387577
52.413326 4.616383
52.29375 4.9810934
52.372288 4.8860297
52.30924 4.762187
52.37899 4.9015803
52.403206 4.648817
52.338116 4.962446
52.36422 4.882897
52.36462 4.8835516
52.331364 4.716757
52.24269 4.8167405
52.350483 4.6215587
52.37339 4.8939695
52.303917 4.7628922
52.2647 4.762466
52.364822 4.881478
52.318253 4.6412163
52.35813 4.857009
52.31189 4.9471307
52.361347 4.86767
52.358044 4.86763
52.45847 4.670863
52.378613 4.900546
52.286507 4.96005
52.378613 4.900546
52.366634 4.895906
52.34504 4.9673223
52.367805 4.9127126
52.297398 4.658869
52.25778 4.991245
52.346508 4.9176264
52.37536 4.897292
52.35468 4.887748
52.364822 4.881478
52.30942 4.7636566
52.362247 4.883912
52.378296 4.897692
52.37606 4.8972263
52.37171 4.882975
52.309814 4.8513503
52.36019 4.9205446
52.333534 4.9944396
52.30924 4.762187
52.36242 4.903997
52.361145 4.635202
52.35508 4.826725
52.37952 4.8946996
52.36706 4.895987
52.374596 4.934882
52.50735 4.979642
52.366146 4.880866
52.30924 4.762187
52.35432 4.8061156
52.353092 4.855831
52.356365 4.879314
52.309685 4.761672
52.32464 4.794159
52.48476 4.7490044
52.46087 4.811379
52.37213 4.8953276
52.366776 4.8972387
52.350033 4.646553
52.31189 4.9471307
52.35839 4.8792605
52.36063 4.6483345
52.376175 4.925308
52.309017 4.761586
52.27519 4.6676183
52.30924 4.762187
52.366104 4.8995857
52.30924 4.762187
52.364113 4.889336
52.30924 4.762187
52.38622 4.8732004
52.36349 4.9268456
52.312256 4.945607
52.363842 4.834299
52.36242 4.903997
52.36663 4.893752
52.344795 4.777963
52.306496 4.7649713
52.449608 4.6784
52.372334 4.900005
52.3625 4.9105453
52.309277 4.763331
52.46547 4.9587493
52.30924 4.762187
52.360603 4.931379
52.378613 4.900546
52.30907 4.761908
52.364914 4.807958
52.38042 4.8222256
52.3388 4.8733377
52.312256 4.945607
52.317223 4.6674485
52.366978 4.8932505
52.357685 4.901626
52.31189 4.9471307
52.311363 4.9871492
52.375416 4.8460436
52.36509 4.884308
52.371315 4.8954363
52.37669 4.6416817
52.40282 5.1742835
52.36422 4.882897
52.30924 4.762187
52.358276 4.654991
52.3605 4.866157
52.386253 4.6473737
52.309227 4.7621226
52.439598 4.819814
52.268696 4.748535
52.402782 4.656549
52.36663 4.893752
52.30924 4.762187
52.369236 4.888838
52.29883 5.153152
52.378613 4.900546
52.378716 4.8999023
52.35746 4.906677
52.433483 4.6612287
52.30924 4.762187
52.393696 4.8806677
52.351624 4.8719616
52.3926 4.8809056
52.318104 4.8753715
52.30924 4.762187
52.386013 4.8731766
52.376293 4.900592
52.349976 4.9185815
52.352753 4.88391
52.371346 4.845244
52.364735 4.8839765
52.421555 4.8844852
52.452778 4.827456
52.39243 4.6536846
52.334763 4.709401
52.373093 4.753958
52.36073 4.904859
52.372696 4.900385
52.33737 4.816841
52.351173 4.872093
52.38398 4.8846416
52.363644 4.939691
52.375687 4.8965087
52.309692 4.7727013
52.36947 4.8803687
52.30924 4.762187
52.33728 4.8897314
52.349213 4.857117
52.37172 4.902073
52.334274 4.956223
52.36492 4.88336
52.378613 4.900546
52.374687 4.857507
52.36242 4.903997
52.378513 4.899672
52.306377 5.0357585
52.37767 4.914193
52.50945 4.945579
52.30924 4.762187
52.486687 4.962561
52.362682 4.8848176
52.372696 4.900385
52.49284 4.95389
52.372658 4.900369
52.382042 4.9027777
52.36915 4.9192853
52.51005 4.94721
52.372658 4.900369
52.371727 4.6085267
52.372658 4.900369
52.382904 4.6365495
52.37015 4.8824134
52.364506 4.88099
52.351 4.795233
52.36242 4.903997
52.30924 4.762187
52.380604 4.6383805
52.380604 4.6383805
52.373337 4.9036074
52.297512 4.8996997
52.360867 4.9065433
52.272354 4.7935185
52.39442 4.6266155
52.31299 4.760661
52.30924 4.762187
52.372696 4.900385
52.378796 4.885484
52.40812 4.63891
52.35686 4.65196
52.364506 4.88099
52.359642 4.806527
52.37281 4.875697
52.40029 4.925966
52.364536 4.882611
52.382908 4.629
52.309612 4.773962
52.38436 4.900782
52.372696 4.900385
52.386013 4.8731766
52.28856 4.850464
52.385887 4.873885
52.30833 4.6259055
52.351566 4.873155
52.352135 4.930418
52.36318 4.8749075
52.366768 4.893239
52.497852 4.9512124
52.36363 4.882618
52.365997 4.897156
52.414154 4.6440997
52.37251 4.894219
52.386288 4.8735056
52.363873 4.882447
52.36465 4.8836
52.36403 4.8822856
52.364414 4.882709
52.364594 4.8825936
52.36457 4.883582
52.518524 4.9682884
52.30924 4.762187
52.29814 4.945995
52.25873 4.688533
52.37833 4.8453393
52.378613 4.900546
52.35108 4.885138
52.37356 4.637009
52.343193 4.817434
52.309273 4.8645043
52.38182 4.629514
52.510426 4.94461
52.510426 4.94461
52.36349 4.9268456
52.51053 4.944779
52.370285 4.8849354
52.38689 4.841448
52.366768 4.893239
52.341763 4.79015
52.380882 4.85409
52.345135 5.1797185
52.296043 4.6638765
52.38398 4.8846416
52.3249 4.7938557
52.375416 4.8460436
52.344795 4.777963
52.363842 4.834299
52.31097 4.8672223
52.376293 4.900592
52.403034 4.6554704
52.307667 4.7723794
52.34854 4.909014
52.197693 4.896641
52.369213 4.883794
52.37906 4.8944416
52.379158 4.894717
52.449184 4.8359475
52.497852 4.9512124
52.385887 4.873885
52.350033 4.646553
52.378613 4.900546
52.34889 4.937868
52.35919 4.926108
52.393463 4.627392
52.36276 4.86065
52.378613 4.900546
52.36438 4.8211274
52.38131 4.6650453
52.376617 4.9059696
52.3883 4.836858
52.34504 4.9673223
52.437496 4.860507
52.351624 4.8719616
52.255913 4.7831063
52.380928 4.8540187
52.348583 4.892768
52.348473 4.8851457
52.342052 5.1582527
52.342052 5.1582527
52.382908 4.629
52.38685 4.8689175
52.367775 4.892553
52.381615 4.62977
52.302914 4.8592033
52.34832 4.917345
52.39574 4.6256533
52.360783 4.882865
52.37349 4.885365
52.342052 5.1582527
52.38719 4.6333475
52.510517 4.9441423
52.342052 5.1582527
52.29886 4.653621
52.30924 4.762187
52.384922 4.874858
52.39346 4.922765
52.39346 4.922765
52.314434 4.9325395
52.307644 4.7704234
52.309658 4.760213
52.307423 4.7718635
52.506763 4.9533815
52.40282 5.1742835
52.376396 4.8821034
52.43661 4.856409
52.358597 4.878925
52.3691 4.87898
52.320744 5.140833
52.377075 4.913139
52.30924 4.762187
52.364822 4.881478
52.342052 5.1582527
52.371243 4.89059
52.36363 4.882618
52.38685 4.8689175
52.376175 4.8737254
52.370625 4.9284577
52.384254 4.868124
52.376686 4.9222183
52.36928 4.901489
52.306377 5.0357585
52.30924 4.762187
52.30924 4.762187
52.371204 4.898149
52.362217 4.873829
52.356365 4.879314
52.376953 4.920744
52.364506 4.88099
52.379044 4.899291
52.380615 4.637282
52.3388 4.8733377
52.371727 4.6085267
52.376568 4.921317
52.375034 4.8838243
52.3802 4.88451
52.36034 4.900995
52.377144 4.881951
52.38685 4.8689175
52.388905 4.8383527
52.38685 4.8689175
52.376686 4.9222183
52.38118 4.6300077
52.376568 4.921317
52.348408 4.8943295
52.378513 4.899672
52.388393 4.607358
52.30415 4.7624445
52.364056 4.880419
52.442726 4.8383927
52.38685 4.8689175
52.36403 4.8822856
52.378082 4.886389
52.350956 4.850386
52.30924 4.762187
52.30476 4.7661166
52.362556 4.794949
52.364822 4.881478
52.364822 4.881478
52.37366 4.897864
52.452526 5.045118
52.500652 4.8025274
52.36443 4.885216
52.37569 4.907863
52.508595 4.9498773
52.38685 4.8689175
52.455135 5.037803
52.46547 4.9587493
52.37281 4.875697
52.380917 4.638101
52.357983 4.9311633
52.38685 4.8689175
52.31695 4.9556065
52.28046 5.1424813
52.304245 4.76243
52.45438 5.037092
52.381256 4.8213243
52.38105 4.82244
52.309258 4.9464874
52.31189 4.9471307
52.456066 4.837014
52.37994 4.887539
52.391277 4.6493654
52.43851 4.825368
52.37007 4.9416537
52.35139 4.891279
52.2289 4.7447996
52.486687 4.962561
52.289253 4.853222
52.335133 4.913774
52.30924 4.762187
52.37633 4.897221
52.383476 4.734807
52.38436 4.900782
52.37034 4.885793
52.309814 4.8513503
52.37007 4.9416537
52.362247 4.883912
52.339973 4.854133
52.34832 4.917345
52.37 4.8506284
52.362247 4.883912
52.371925 4.890461
52.508495 4.949639
52.362247 4.883912
52.364822 4.881478
52.4238 4.649553
52.425743 4.646576
52.30924 4.762187
52.41364 4.657257
52.41364 4.657257
52.428116 4.642304
52.41364 4.657257
52.410107 4.6506796
52.38685 4.8689175
52.45337 4.8415804
52.287563 4.873929
52.363213 4.874987
52.36206 4.887361
52.362247 4.883912
52.374454 4.9039364
52.363316 4.8835683
52.330074 5.069416
52.301765 4.695569
52.362247 4.883912
52.30924 4.762187
52.46087 4.811379
52.437496 4.860507
52.442642 4.8086686
52.278065 4.8457847
52.356003 4.892742
52.317223 4.6674485
52.35108 4.885138
52.449184 4.8359475
52.371925 4.890461
52.38131 4.6650453
52.36403 4.8822856
52.361927 4.8828287
52.30924 4.762187
52.201336 4.898384
52.360603 4.931379
52.373966 4.896558
52.363735 4.885248
52.236824 4.8121486
52.301094 4.6966996
52.366367 4.8960547
52.362656 4.8836374
52.36654 4.894648
52.362247 4.883912
52.355766 4.9004593
52.34832 4.917345
52.335922 4.8082614
52.36702 4.909558
52.379646 4.6374536
52.374355 4.9357367
52.361244 4.8738036
52.37315 4.928744
52.362247 4.883912
52.361244 4.8738036
52.376213 4.926006
52.370625 4.9284577
52.370625 4.9284577
52.36702 4.909558
52.452526 5.045118
52.393974 4.614249
52.37302 4.892628
52.36702 4.909558
52.37281 4.875697
52.26665 4.749633
52.374344 4.905044
52.34373 4.8916197
52.314014 5.0376024
52.3625 4.9105453
52.30747 4.773774
52.349197 4.8773932
52.364555 4.8837233
52.35919 4.926108
52.375927 4.8931217
52.36663 4.893752
52.378613 4.900546
52.35432 4.8061156
52.38207 4.9202847
52.382145 4.85562
52.380302 4.888526
52.46547 4.9587493
52.38042 4.8222256
52.360447 4.925255
52.369007 4.8887
52.37925 4.636869
52.37723 4.636607
52.366234 4.896057
52.304935 4.6646833
52.497852 4.9512124
52.380985 4.854319
52.349197 4.8773932
52.380936 4.8541145
52.38103 4.8543253
52.342167 4.890048
52.30924 4.762187
52.3208 4.870241
52.31189 4.9471307
52.376686 4.9222183
52.36276 4.86065
52.456066 4.837014
52.370018 4.893272
52.309708 4.646922
52.307552 5.1564755
52.357574 4.855882
52.259228 5.041197
52.424244 4.659045
52.36702 4.909558
52.342167 4.890048
52.372143 4.875582
52.3467 4.90492
52.353477 4.855914
52.431458 4.874191
52.364933 4.88235
52.37366 4.897864
52.370018 4.893272
52.443935 4.8372674
52.364807 4.8815346
52.43113 4.812603
52.363503 4.884823
52.36003 4.9265695
52.383385 4.9173326
52.300003 4.955349
52.382812 4.850873
52.38085 4.854058
52.367294 4.895587
52.376175 4.8737254
52.374195 4.891885
52.393463 4.627392
52.293198 4.9942665
52.301105 4.665117
52.387886 4.6082497
52.371864 4.961772
52.414154 4.6440997
52.339005 4.902133
52.448967 4.637786
52.360115 4.6614695
52.35495 4.8900967
52.382862 4.8907585
52.376816 4.9050345
52.37378 4.8936367
52.367462 4.8944407
52.359238 4.926089
52.364807 4.8815346
52.296356 4.7080708
52.33018 4.9902506
52.35608 4.892693
52.378613 4.900546
52.296043 4.6638765
52.380447 4.8862123
52.50945 4.945579
52.43249 4.644971
52.30806 4.8795943
52.37267 4.900784
52.374413 4.886958
52.361492 4.899291
52.30924 4.762187
52.372955 4.908304
52.366142 4.896916
52.37457 4.63001
52.31695 4.9556065
52.383476 4.734807
52.370834 4.9006414
52.361668 4.882462
52.371986 4.891129
52.39243 4.6536846
52.36422 4.882897
52.36379 4.882677
52.374638 4.8577385
52.30863 4.810181
52.382908 4.629
52.38131 4.6650453
52.37356 4.637009
52.371746 4.636979
52.364807 4.8815346
52.35746 4.906677
52.365997 4.897156
52.48476 4.7490044
52.309708 4.646922
52.30924 4.762187
52.37339 4.8939695
52.364044 4.8338985
52.362324 4.882959
52.36706 4.895987
52.38436 4.900782
52.358997 4.89177
52.376686 4.9222183
52.34832 4.917345
52.38436 4.900782
52.361984 4.827271
52.23839 4.750987
52.363842 4.834299
52.222473 4.902127
52.339195 4.8514295
52.382812 4.850873
52.373768 4.89931
52.371746 4.636979
52.382862 4.8907585
52.362324 4.882959
52.36276 4.86065
52.363415 4.8835516
52.38145 4.636801
52.455135 5.037803
52.498165 4.9586616
52.362103 4.8824844
52.378635 4.897185
52.33437 4.8890877
52.362247 4.883912
52.33378 4.9227386
52.424244 4.659045
52.336193 4.8799896
52.3388 4.8733377
52.237198 4.755474
52.386227 4.829833
52.371613 4.883178
52.314434 4.9325395
52.36422 4.882897
52.360752 4.980748
52.40118 4.6167254
52.35325 4.832447
52.37043 4.912289
52.37281 4.875697
52.30924 4.762187
52.296043 4.6638765
52.309765 4.762858
52.371838 4.89008
52.375416 4.8460436
52.294308 4.9679227
52.378323 4.91282
52.309814 4.8513503
52.38368 4.88883
52.37675 4.9052596
52.296043 4.6638765
52.297344 4.658837
52.29532 4.65824
52.486687 4.962561
52.377644 4.7571287
52.497852 4.9512124
52.315582 4.9640713
52.36415 4.884081
52.343983 4.856912
52.472904 4.6645775
52.31695 4.9556065
52.35812 4.647907
52.37972 4.6319127
52.287273 4.95978
52.365593 4.88505
52.30924 4.762187
52.31286 4.8491335
52.36208 4.887929
52.30924 4.762187
52.36363 4.882618
52.373634 4.8977566
52.364536 4.882611
52.30924 4.762187
52.378426 4.883336
52.201336 4.898384
52.30415 5.146129
52.34393 4.853039
52.388004 4.638376
52.375034 4.8838243
52.37277 4.893292
52.407185 4.730816
52.297142 4.900437
52.36663 4.893752
52.50464 5.0721936
52.362247 4.883912
52.369827 4.8768244
52.376938 4.894813
52.366325 4.8977137
52.346508 4.9176264
52.43661 4.856409
52.37804 4.883493
52.378277 4.636203
52.348473 4.8851457
52.369987 4.8845124
52.372265 4.8888836
52.393463 4.627392
52.393463 4.627392
52.379044 4.899291
52.291973 4.854305
52.452778 4.827456
52.346325 4.952278
52.369987 4.8845124
52.278503 4.7438974
52.373505 4.6372175
52.37356 4.637009
52.371746 4.636979
52.312954 4.7618437
52.307423 4.7718635
52.367805 4.9127126
52.359207 4.8979177
52.367046 4.894032
52.354214 4.8841095
52.34978 4.893716
52.377373 4.887233
52.472015 4.8000135
52.374454 4.9039364
52.359207 4.8979177
52.359207 4.8979177
52.369987 4.8845124
52.341034 4.8700957
52.359207 4.8979177
52.308323 4.765234
52.363842 4.834299
52.359207 4.8979177
52.364536 4.882611
52.369987 4.8845124
52.38479 4.859048
52.362247 4.883912
52.363316 4.8835683
52.369987 4.8845124
52.309708 4.646922
52.369987 4.8845124
52.369987 4.8845124
52.369987 4.8845124
52.37569 4.907863
52.369987 4.8845124
52.357803 4.656363
52.369987 4.8845124
52.359207 4.8979177
52.38479 4.859048
52.376007 4.927763
52.369987 4.8845124
52.369987 4.8845124
52.37183 4.896035
52.300945 4.6956615
52.371727 4.6085267
52.364536 4.882611
52.301216 4.66369
52.359207 4.8979177
52.365513 4.8928103
52.342506 4.795377
52.377506 4.8942556
52.376686 4.9222183
52.37267 4.900784
52.37788 4.625888
52.399597 4.896709
52.36706 4.895987
52.37172 4.902073
52.32978 5.0671034
52.381397 4.634739
52.32464 4.794159
52.363415 4.8835516
52.351566 4.873155
52.2522 4.756617
52.363388 4.834987
52.3539 4.911837
52.362247 4.883912
52.360897 4.906707
52.364536 4.882611
52.306313 4.637601
52.367188 4.8892164
52.383484 4.9289393
52.359207 4.8979177
52.34856 4.8927836
52.295876 4.636114
52.349953 4.9187603
52.34676 4.8741913
52.351566 4.873155
52.347786 4.9642477
52.377644 4.7571287
52.497852 4.9512124
52.378613 4.900546
52.360603 4.931379
52.317223 4.6674485
52.394157 4.6454015
52.38182 4.629514
52.378613 4.900546
52.374393 4.974146
52.34832 4.917345
52.336296 4.890332
52.317272 4.942263
52.390938 4.607241
52.349552 4.825235
52.37569 4.907863
52.32693 4.9630294
52.30924 4.762187
52.50945 4.945579
52.486687 4.962561
52.35615 4.925795
52.350033 4.646553
52.334213 4.866686
52.39295 4.6405373
52.35001 4.839379
52.380367 4.7517157
52.364117 4.883276
52.366886 4.894039
52.36438 4.8211274
52.38093 4.6378255
52.434853 4.6608343
52.379044 4.899291
52.310593 4.7554464
52.3388 4.8733377
52.480064 4.665934
52.350006 4.8131123
52.341614 4.821963
52.377552 4.6300764
52.449184 4.8359475
52.37677 4.8894205
52.346508 4.9176264
52.277924 4.712273
52.38042 4.8222256
52.3498 4.894068
52.371944 4.638808
52.29367 4.676035
52.362682 4.8848176
52.357845 5.1828327
52.37585 4.899026
52.378334 4.633268
52.34897 4.9170856
52.34588 4.916296
52.30686 4.756082
52.362324 4.882959
52.355484 4.892869
52.36276 4.86065
52.49803 5.0524077
52.370712 4.6632566
52.378613 4.900546
52.375034 4.8838243
52.370533 4.893045
52.346325 4.952278
52.353073 4.8939915
52.357574 4.855882
52.335495 4.887843
52.362247 4.883912
52.34832 4.917345
52.33988 4.8730264
52.30924 4.762187
52.35283 4.856726
52.310066 4.761874
52.465023 4.81139
52.36242 4.903997
52.289803 4.724255
52.37457 4.63001
52.365738 4.8963885
52.372463 4.876068
52.36003 4.9265695
52.348404 5.1523714
52.302063 4.9498343
52.34393 4.853039
52.348904 4.893739
52.357067 4.891007
52.434853 4.6608343
52.35464 4.953194
52.35711 4.9180465
52.438107 4.8139215
52.402782 4.656549
52.509766 4.9479585
52.352867 4.894967
52.338303 4.935977
52.348305 4.8656344
52.289825 4.8405194
52.30273 4.859069
52.36752 4.9309187
52.37379 4.881809
52.371174 4.915264
52.454758 5.047396
52.293198 4.9942665
52.38118 4.6300077
52.377186 4.8889375
52.472946 4.668224
52.346508 4.9176264
52.364044 4.8829722
52.361984 4.827271
52.388878 4.838007
52.37833 4.8453393
52.364056 4.880419
52.34466 4.861293
52.38105 4.7923565
52.30924 4.762187
52.357983 4.9311633
52.31695 4.9556065
52.286503 4.960111
52.36422 4.882897
52.39115 4.9383497
52.30747 4.773774
52.397038 4.624408
52.36305 4.884155
52.346954 4.809903
52.20708 4.8831654
52.414154 4.6440997
52.438354 4.8189425
52.35726 4.992549
52.364975 4.878231
52.367138 4.8894267
52.325985 4.8728285
52.455135 5.037803
52.289253 4.853222
52.309814 4.8513503
52.35567 4.9072948
52.30907 4.761908
52.318474 4.9368095
52.38074 4.63818
52.438354 4.8189425
52.35746 4.906677
52.378613 4.900546
52.300003 4.955349
52.201878 4.88527
52.373634 4.8977566
52.373634 4.8977566
52.37281 4.875697
52.374775 4.8973346
52.433434 4.9972773
52.37366 4.897864
52.388004 4.638376
52.500607 4.964427
52.362766 4.909838
52.344406 4.8365707
52.37356 4.637009
52.371746 4.636979
52.50945 4.945579
52.486687 4.962561
52.362103 4.8824844
52.368855 4.888905
52.278065 4.8457847
52.377644 4.7571287
52.29632 5.16138
52.352135 4.930418
52.355305 4.8397083
52.293198 4.9942665
52.497852 4.9512124
52.361797 4.864395
52.37007 4.9416537
52.35108 4.885138
52.461407 4.7981696
52.38816 4.6380544
52.36718 4.8968225
52.388817 4.837964
52.35726 4.992549
52.317223 4.6674485
52.308464 4.76635
52.33834 4.857389
52.303364 4.700279
52.39594 4.870019
52.378613 4.900546
52.380882 4.85409
52.380936 4.8541145
52.355537 4.9559765
52.36276 4.86065
52.355816 4.9108887
52.366886 4.894039
52.367584 4.899065
52.362217 4.873829
52.354103 4.8939147
52.36063 4.6483345
52.26032 4.685863
52.36763 4.8941574
52.503975 5.0592766
52.38012 4.885355
52.37776 4.8944526
52.394638 4.850144
52.373066 4.9007077
52.21045 4.9190087
52.376392 4.893831
52.385998 4.6421957
52.356228 4.845647
52.348557 4.856107
52.50717 4.944062
52.372066 4.8868713
52.366226 4.8945203
52.38479 4.6705465
52.366226 4.8945203
52.38042 4.8222256
52.30581 4.7661247
52.37952 4.8946996
52.37771 4.9151587
52.34832 4.917345
52.361668 4.882462
52.378223 4.8994436
52.439034 4.824256
52.37952 4.8946996
52.35001 4.839379
52.350956 4.850386
52.50464 5.0721936
52.295696 5.1627307
52.31987 4.985882
52.37952 4.8946996
52.308323 4.765234
52.30924 4.762187
52.388004 4.638376
52.27887 4.750246
52.36295 4.899141
52.342026 4.861651
52.49589 4.9366546
52.207687 4.8789544
52.34426 4.7911177
52.383503 4.86374
52.366398 4.890914
52.388927 4.887294
52.37675 4.9052596
52.37952 4.8946996
52.30924 4.762187
52.37779 4.905469
52.449184 4.8359475
52.372566 4.9003205
52.371128 4.891938
52.296043 4.6638765
52.36422 4.882897
52.30924 4.762187
52.314434 4.9325395
52.314434 4.9325395
52.302647 4.862493
52.378613 4.900546
52.472946 4.668224
52.35726 4.992549
52.299686 5.0266776
52.364 4.936677
52.30924 4.762187
52.39659 4.8696203
52.378513 4.899672
52.378613 4.900546
52.434273 4.6442604
52.38131 4.8893824
52.309708 4.646922
52.51298 4.946443
52.363647 4.9111853
52.23481 4.834344
52.434853 4.6608343
52.375816 4.856504
52.373837 4.8833156
52.38904 4.838515
52.36363 4.882618
52.36694 4.912172
52.388905 4.8383527
52.38017 4.89215
52.297897 4.9461184
52.308323 4.765234
52.385864 4.881485
52.382904 4.6365495
52.449184 4.8359475
52.36242 4.903997
52.50464 5.0721936
52.37788 4.625888
52.36242 4.903997
52.378613 4.900546
52.29603 4.899457
52.364098 4.8814487
52.341972 4.874817
52.36706 4.895987
52.366394 4.891091
52.3097 4.7626376
52.377144 4.881951
52.428795 4.912345
52.369892 4.880976
52.381477 4.635318
52.3396 4.8731318
52.351566 4.873155
52.30924 4.762187
52.394524 4.6419168
52.39711 4.6431804
52.3539 4.911837
52.300957 4.692034
52.31279 5.04302
52.40282 5.1742835
52.308643 4.7621555
52.323467 4.9719086
52.267555 5.134156
52.36645 4.890474
52.37379 4.881809
52.362247 4.883912
52.37453 4.9005227
52.364975 4.878231
52.317738 4.654331
52.376453 4.6344504
52.35325 4.832447
52.3691 4.87898
52.35087 4.906417
52.33079 4.852656
52.36329 4.919616
52.365284 4.8855586
52.3795 4.8999023
52.378613 4.900546
52.3778 4.885876
52.30164 4.6643386
52.391647 5.1855545
52.46087 4.8139157
52.34466 4.861293
52.39243 4.6536846
52.378613 4.900546
52.309685 4.761672
52.440292 4.6507397
52.306114 4.678777
52.38694 4.8699393
52.350033 4.646553
52.338223 4.8596478
52.370384 4.894924
52.37339 4.8939695
52.38694 4.8699393
52.355877 4.8709097
52.362865 4.898306
52.3742 4.629989
52.308323 4.765234
52.37952 4.8946996
52.355537 4.9559765
52.33237 4.898583
52.38694 4.8699393
52.50869 4.949451
52.36422 4.882897
52.36363 4.882618
52.351223 4.9334483
52.352856 4.889798
52.438107 4.8139215
52.314434 4.9416947
52.366104 4.8995857
52.334213 4.866686
52.334213 4.866686
52.381844 4.637252
52.367607 5.190568
52.37591 4.894571
52.4187 4.8268294
52.289803 4.724255
52.373978 4.9363375
52.352043 4.8562613
52.352264 4.8559785
52.36663 4.9263177
52.375664 4.899269
52.35517 4.868283
52.30924 4.762187
52.312256 4.945607
52.436207 4.6497273
52.377617 4.6421666
52.364822 4.881478
52.329308 4.6698356
52.33834 4.857389
52.36462 4.8835516
52.31275 4.84907
52.342445 4.8546267
52.217636 4.936657
52.35657 4.897166
52.314434 4.9325395
52.278065 4.8457847
52.426094 4.651632
52.36242 4.903997
52.351532 4.8192997
52.29603 4.899457
52.346745 4.911146
52.37 4.8506284
52.449184 4.8359475
52.378613 4.900546
52.390045 4.887693
52.381058 5.183567
52.362247 4.883912
52.364323 4.841186
52.364536 4.882611
52.3744 4.910958
52.38436 4.900782
52.358692 4.87882
52.33737 4.816841
52.36167 4.8870106
52.387497 4.637734
52.383476 4.734807
52.349953 4.9187603
52.369827 4.880415
52.36706 4.895987
52.31695 4.9556065
52.349976 4.9185815
52.3633 4.847473
52.366795 4.871083
52.48602 4.671421
52.35108 4.885138
52.348763 4.8933363
52.346012 4.8949146
52.339195 4.8514295
52.376175 4.8737254
52.362247 4.883912
52.49589 4.9366546
52.350536 4.898317
52.32978 5.0671034
52.368443 4.887928
52.36964 4.8912344
52.393463 4.627392
52.362247 4.883912
52.46547 4.9587493
52.35746 4.906677
52.511402 4.956572
52.38717 4.833329
52.36363 4.882618
52.410507 4.645214
52.362247 4.883912
52.36276 4.86065
52.36939 4.8511505
52.50464 5.0721936
52.318253 4.6412163
52.376312 4.9059
52.378513 4.899672
52.309708 4.646922
52.347 4.7512026
52.364822 4.864502
52.35922 4.914345
52.378613 4.900546
52.30924 4.762187
52.362247 4.883912
52.364506 4.88099
52.366776 4.8913407
52.440292 4.6507397
52.37582 4.884079
52.472015 4.8000135
52.372334 4.900005
52.36373 4.881715
52.35283 4.856726
52.505463 4.7658777
52.3672 4.89642
52.280933 4.8555923
52.37047 5.181581
52.302914 4.8592033
52.372566 4.9003205
52.380054 4.8988295
52.510506 4.9450417
52.30924 4.762187
52.37356 4.637009
52.309055 4.761801
52.35942 4.8520665
52.361057 4.916253
52.424244 4.659045
52.298687 4.862643
52.36241 4.8325996
52.373203 4.845204
52.3625 4.9105453
52.369225 4.884099
52.37402 4.875325
52.300053 4.94505
52.295013 4.9411325
52.29386 4.9444056
52.376686 4.9222183
52.36465 4.8836
52.272984 4.9688606
52.414154 4.6440997
52.38105 4.7923565
52.234467 4.9632273
52.30895 5.142007
52.37302 4.892628
52.376686 4.9222183
52.21045 4.9190087
52.503975 5.0592766
52.393463 4.627392
52.384254 4.868124
52.378613 4.900546
52.312256 4.945607
52.34583 4.855129
52.362316 4.9108243
52.37339 4.8939695
52.362316 4.9108243
52.37952 4.8946996
52.43443 4.652612
52.4187 4.8268294
52.31041 4.75511
52.349213 4.857117
52.36462 4.8835516
52.352642 5.003554
52.297413 4.9041867
52.347717 5.1836553
52.344685 4.853361
52.35325 4.832447
52.3429 4.9084554
52.338673 4.6366305
52.45513 4.8263736
52.31269 4.9448133
52.377422 4.859705
52.379646 4.6374536
52.31987 4.985882
52.30924 4.762187
52.380806 4.636095
52.36663 4.9263177
52.374546 4.88968
52.36638 4.9110723
52.36002 4.9052453
52.362247 4.883912
52.37736 4.888737
52.36013 4.864862
52.37223 4.8789263
52.36768 4.651769
52.373863 4.9003778
52.346325 4.952278
52.433144 4.836329
52.372665 4.891625
52.511402 4.956572
52.373898 4.849332
52.36953 4.8778358
52.359596 4.890296
52.397038 4.624408
52.416283 4.6156793
52.36556 4.8957953
52.35145 4.9126697
52.376568 4.921317
52.356365 4.879314
52.366177 4.8985343
52.37107 4.882909
52.364273 4.8828864
52.36013 4.864862
52.363457 4.881803
52.385998 4.6421957
52.444458 4.8373346
52.364506 4.88099
52.37033 4.8936615
52.30924 4.762187
52.308693 4.7637005
52.38354 4.863875
52.363842 4.834299
52.358013 4.992556
52.378796 4.885484
52.379665 4.893229
52.30849 4.8104024
52.38133 4.638617
52.378765 4.849833
52.380882 4.85409
52.378548 4.8502707
52.30924 4.762187
52.37867 4.848983
52.369213 4.883794
52.374546 4.88968
52.30924 4.762187
52.362247 4.883912
52.363445 4.885372
52.37843 4.9000535
52.364338 4.882705
52.36663 4.893752
52.360756 4.9289846
52.364807 4.8815346
52.30924 4.762187
52.37142 4.884324
52.375816 4.856504
52.36663 4.9263177
52.30924 4.762187
52.370712 4.6632566
52.3625 4.9105453
52.30873 4.8776608
52.362247 4.883912
52.434853 4.6608343
52.37007 4.9416537
52.297024 4.706107
52.362247 4.883912
52.293007 4.6991444
52.308582 4.768924
52.36063 4.6483345
52.30924 4.762187
52.35698 4.8915663
52.362247 4.883912
52.361797 4.864395
52.364807 4.8815346
52.30924 4.762187
52.32419 5.113318
52.299686 5.0266776
52.320557 5.1405325
52.30924 4.762187
52.364822 4.864502
52.37366 4.897864
52.373177 4.900128
52.377506 4.8942556
52.376568 4.921317
52.38109 4.912734
52.37569 4.9003105
52.372738 4.9000926
52.373863 4.9003778
52.374207 4.9002194
52.207916 4.857043
52.34071 4.932334
52.376686 4.9222183
52.366337 4.896341
52.317223 4.6674485
52.37665 4.8991356
52.365997 4.897156
52.393204 4.849225
52.32978 5.0671034
52.46547 4.9587493
52.29923 4.849494
52.37477 4.890734
52.30924 4.762187
52.46547 4.9587493
52.364536 4.882611
52.50961 4.9686027
52.367645 4.893886
52.38042 4.8222256
52.383476 4.734807
52.366776 4.8913407
52.254185 4.8072815
52.50945 4.945579
52.486687 4.962561
52.36585 4.89541
52.366146 4.880866
52.300003 4.955349
52.36002 4.9052453
52.34976 5.014615
52.499084 4.6997023
52.376686 4.9222183
52.364807 4.8815346
52.364536 4.882611
52.380974 4.854115
52.50735 4.979642
52.3498 4.912382
52.376 4.6561866
52.36422 4.882897
52.376 4.6561866
52.294308 4.9679227
52.2765 4.7975564
52.3625 4.9105453
52.382145 4.85562
52.54307 4.892489
52.312115 5.050847
52.359406 4.894073
52.393463 4.627392
52.347786 4.9642477
52.37366 4.897864
52.39243 4.6536846
52.371986 4.891129
52.31427 4.751301
52.30924 4.762187
52.364117 4.883276
52.497852 4.9512124
52.36063 4.6483345
52.49618 4.990989
52.335564 4.848275
52.35256 4.9393134
52.493515 4.678921
52.38131 4.6650453
52.388004 4.638376
52.370712 4.6632566
52.36378 4.88399
52.32544 4.950864
52.309055 4.761801
52.309227 4.7621226
52.309895 4.7643757
52.307148 4.6525493
52.350536 4.898317
