52.410378 4.6322823
52.40007 4.841618
52.388004 4.638376
52.339973 4.854133
52.4172 4.893454
52.30924 4.762187
52.350033 4.646553
52.372852 4.7526627
52.287888 4.7552123
52.410378 4.6322823
52.30924 4.762187
52.372356 4.888612
52.350197 4.786173
52.41024 4.9596367
52.289204 4.83195
52.30942 4.7636566
52.381596 4.63244
52.45141 4.634493
52.358044 4.86763
52.30924 4.762187
52.29041 4.8495317
52.374863 4.899439
52.30924 4.762187
52.30924 4.762187
52.339973 4.854133
52.30844 4.765191
52.37708 4.8952675
52.292374 4.648574
52.405815 4.6401997
52.30942 4.7636566
52.36911 4.666424
52.339714 4.9349914
52.487392 4.682992
52.23087 4.925262
52.379627 4.897564
52.36019 4.9205446
52.370735 4.8033853
52.30924 4.762187
52.484127 4.6675305
52.336624 4.880376
52.309685 4.761672
52.367935 4.805572
52.339714 4.9349914
52.33148 4.781755
52.30658 4.765221
52.375107 4.8839273
52.352695 4.8517942
52.466557 4.802441
52.30449 5.1450963
52.374165 4.644484
52.387924 4.6384406
52.373203 4.845204
52.30924 4.762187
52.380695 4.734851
52.33994 4.7805567
52.30872 4.700948
52.376686 4.9222183
52.31698 4.9793386
52.468548 4.7959204
52.30924 4.762187
52.31551 4.957242
52.30924 4.762187
52.350197 4.786471
52.372356 4.888612
52.38916 4.611093
52.31189 4.9471307
52.376686 4.9222183
52.354244 4.9085584
52.360058 4.925846
52.380627 4.6376348
52.36003 4.9265695
52.30849 4.8104024
52.30924 4.762187
52.30924 4.762187
52.48476 4.7490044
52.355476 4.900603
52.30849 4.8104024
52.322445 4.972516
52.3647 4.614537
52.451923 4.634522
52.464317 4.9512534
52.341576 4.8569264
52.352924 4.7545
52.30924 4.762187
52.33728 4.8897314
52.36063 4.6483345
52.362408 4.884521
52.288536 4.8530984
52.39046 4.827871
52.358875 4.6543255
52.360107 4.925347
52.33148 4.781755
52.31252 4.944277
52.30924 4.762187
52.299686 5.0266776
52.30924 4.762187
52.38069 4.646744
52.358337 4.89911
52.30924 4.762187
52.358356 4.8989153
52.358356 4.8989153
52.422157 4.881282
52.360847 4.9055457
52.37958 4.6311235
52.414154 4.6440997
52.20729 4.865484
52.381638 4.6358337
52.451923 4.634522
52.21231 4.8626566
52.36341 4.877662
52.309685 4.761672
52.36363 4.882618
52.30924 4.762187
52.376648 4.6312094
52.355724 4.9281015
52.376686 4.9222183
52.374966 4.879312
52.376686 4.9222183
52.488422 4.7524204
52.37814 4.8992496
52.352135 4.7990966
52.38655 4.891423
52.378727 4.761365
52.382942 4.889517
52.313957 4.7510815
52.346325 4.952278
52.388905 4.8383527
52.311172 4.760813
52.33728 4.8897314
52.328163 4.8547153
52.37127 4.8937764
52.35859 4.925558
52.360115 4.9256296
52.350273 4.832989
52.299686 5.0266776
52.37591 4.9256945
52.24251 4.797441
52.343327 4.8899727
52.376675 4.6297503
52.363323 4.898443
52.372852 4.7526627
52.382294 4.633
52.37453 4.8728304
52.39855 4.8522825
52.35432 4.8061156
52.31279 5.04302
52.312366 5.043529
52.336937 4.8720503
52.34356 4.8866415
52.35539 4.7797947
52.379868 4.751881
52.500095 4.9729815
52.31816 4.852438
52.374596 4.88396
52.397106 4.9393396
52.30924 4.762187
52.312893 4.7613773
52.38052 4.891
52.32171 5.0802565
52.31534 4.927597
52.384605 4.636075
52.308525 4.707019
52.343033 4.887892
52.337883 4.6240373
52.37339 4.8939695
52.50504 4.9516478
52.361305 4.9006534
52.361305 4.9006534
52.36797 4.8914104
52.35988 4.885161
52.308693 4.7637005
52.388004 4.638376
52.361305 4.9006534
52.309685 4.761672
52.28046 5.1424813
52.30924 4.762187
52.371906 4.891962
52.371895 4.607421
52.29734 4.9472694
52.39729 4.939803
52.36363 4.882618
52.350105 4.815625
52.308693 4.7637005
52.37335 4.890859
52.340717 4.889751
52.30907 4.761908
52.36594 4.8967323
52.335667 4.974639
52.351673 4.857247
52.318474 4.8918343
52.397923 4.940423
52.30924 4.762187
52.357746 4.8915873
52.388004 4.638376
52.358383 4.881052
52.309967 5.14596
52.43841 4.816664
52.30924 4.762187
52.309547 5.1450777
52.358383 4.881052
52.436226 4.6516843
52.30879 5.015051
52.436226 4.6516843
52.49589 4.754941
52.374863 4.895882
52.30924 4.762187
52.36334 4.87746
52.30844 4.7653413
52.329887 5.069285
52.371452 4.8392305
52.370285 4.8849354
52.307644 4.7704234
52.336044 4.908693
52.40355 4.642318
52.409233 4.9424047
52.308582 4.768924
52.31397 4.7692466
52.358044 4.86763
52.280945 4.875994
52.36609 4.896469
52.388905 4.635743
52.37302 4.892628
52.36422 4.882897
52.364323 4.841186
52.461407 4.7981696
52.37278 4.928353
52.363964 4.884457
52.36609 4.896469
52.332714 5.0679207
52.377552 4.9903893
52.377552 4.9903893
52.355766 4.9004593
52.36063 4.6483345
52.327263 4.9311447
52.281 4.8364305
52.382042 4.9027777
52.41798 4.8934116
52.454758 5.047396
52.454758 5.047396
52.405552 4.652205
52.371746 4.636979
52.34496 4.892023
52.30924 4.762187
52.292366 4.92754
52.35174 4.929567
52.3795 4.8993444
52.378613 4.900546
52.3317 5.0705595
52.369507 4.8893237
52.355537 4.86186
52.315414 4.955069
52.36259 4.645179
52.331978 4.89317
52.358383 4.881052
52.37302 4.892628
52.37282 4.8936825
52.379868 4.751881
52.40134 4.894637
52.38943 4.8517017
52.354797 4.856638
52.364796 5.0689783
52.259983 4.686259
52.367607 5.190568
52.37366 4.897864
52.259983 4.686259
52.30924 4.762187
52.36363 4.882618
52.34923 4.854692
52.36926 4.907069
52.309055 4.761801
52.286797 4.8491592
52.347786 4.9642477
52.394524 4.6419168
52.39711 4.6431804
52.337772 4.9560957
52.366955 4.9136753
52.38117 4.907432
52.294613 4.9573903
52.36609 4.896469
52.373764 4.912273
52.376003 4.890869
52.368324 4.630179
52.46087 4.811379
52.358044 4.86763
52.370285 4.8849354
52.37302 4.892628
52.36609 4.896469
52.36422 4.882897
52.312847 4.929042
52.309658 4.760213
52.48693 4.9590263
52.38436 4.900782
52.314434 4.9325395
52.378613 4.900546
52.309685 4.761672
52.36913 4.647758
52.343193 4.817434
52.24515 4.801913
52.353832 5.006561
52.336937 4.8720503
52.336937 4.8720503
52.309814 4.8513503
52.30924 4.762187
52.42874 4.832851
52.362576 4.8640904
52.33786 4.898132
52.366955 4.9136753
52.375233 4.9296427
52.418007 4.6347213
52.38436 4.900782
52.378613 4.900546
52.374977 4.930596
52.50504 4.9516478
52.372746 4.895356
52.29089 4.8447256
52.309055 4.761801
52.302063 4.9498343
52.370255 4.817328
52.414154 4.6440997
52.30457 4.7621226
52.30924 4.762187
52.379868 4.751881
52.30924 4.762187
52.36363 4.882618
52.311153 4.7613072
52.41336 4.68215
52.30924 4.762187
52.369358 4.891163
52.37339 4.8939695
52.254185 4.8072815
52.30924 4.762187
52.47729 4.6704235
52.495186 4.9536004
52.312256 4.945607
52.37339 4.8939695
52.364933 5.173402
52.366776 4.8913407
52.336937 4.8720503
52.344124 5.1348333
52.432453 4.72471
52.378613 4.900546
52.37742 4.631295
52.20708 4.8831654
52.408943 4.6323833
52.295696 5.1627307
52.378613 4.900546
52.500652 4.8025274
52.36063 4.6483345
52.30844 4.7653413
52.30924 4.762187
52.25873 4.688533
52.30924 4.762187
52.335884 4.9084806
52.37065 4.882615
52.30924 4.762187
52.316242 5.0304337
52.30924 4.762187
52.30924 4.762187
52.39291 4.9058332
52.371746 4.636979
52.30924 4.762187
52.332714 5.0679207
52.30924 4.762187
52.374065 4.890572
52.378613 4.900546
52.42874 4.832851
52.37335 4.890859
52.374065 4.890572
52.364323 4.841186
52.30924 4.762187
52.4308 4.6987014
52.30415 5.146129
52.30924 4.762187
52.309166 4.761908
52.30924 4.762187
52.30868 4.761727
52.428795 4.912345
52.24251 4.797441
52.35755 5.1829233
52.369225 4.884099
52.31233 4.7617097
52.369465 4.901366
52.43443 4.652612
52.30924 4.762187
52.30924 4.762187
52.37421 4.935007
52.366955 4.9136753
52.208805 4.8871994
52.382942 4.889517
52.36462 4.8835516
52.450405 5.03723
52.352043 4.939209
52.309715 4.762042
52.369354 4.906034
52.286507 4.96005
52.394005 4.879438
52.309658 4.760213
52.436226 4.6516843
52.319336 4.8880143
52.30924 4.762187
52.298874 4.645839
52.376686 4.9222183
52.376816 4.639996
52.30924 4.762187
52.30924 4.762187
52.30786 4.762156
52.388916 4.8379436
52.362488 4.8038855
52.30849 4.8104024
52.405552 4.652205
52.336437 4.9702106
52.364124 4.84673
52.302147 4.94974
52.322803 4.8550987
52.339005 4.902133
52.378613 4.900546
52.299686 5.0266776
52.295265 4.9320183
52.497852 4.9512124
52.371727 4.6085267
52.38616 4.8727045
52.440697 4.8884954
52.41555 4.6152368
52.369507 4.8893237
52.316456 4.7528744
52.50268 4.7592936
52.357574 4.855882
52.378635 4.7864475
52.493797 5.0739307
52.35113 4.937046
52.320557 5.1405325
52.30855 4.706978
52.378265 4.802377
52.30924 4.762187
52.308693 4.7637005
52.361847 4.9227753
52.35859 4.925558
52.35987 4.925549
52.33979 4.6562386
52.370018 4.893272
52.36323 4.904209
52.360104 4.926051
52.487797 4.936061
52.345993 4.956082
52.34832 4.8353786
52.37742 4.631295
52.47722 4.6722364
52.30924 4.762187
52.362576 4.8640904
52.358383 4.881052
52.354504 4.871953
52.414154 4.6440997
52.352043 4.8562613
52.30924 4.762187
52.348267 4.8841524
52.357574 4.855882
52.346344 4.946633
52.346508 4.9176264
52.31122 4.7610593
52.36928 4.901489
52.30924 4.762187
52.37359 4.89323
52.379868 4.751881
52.507908 4.966378
52.37383 4.891491
52.381256 4.8213243
52.38118 4.6300077
52.357048 4.8822265
52.35838 4.989655
52.353172 5.004712
52.286797 4.8491592
52.312256 4.945607
52.36499 4.9602146
52.50504 4.9516478
52.304672 4.885483
52.363644 4.8932223
52.357746 4.8915873
52.361267 4.899203
52.379627 4.897564
52.30924 4.762187
52.31268 5.0376544
52.287563 4.873929
52.36595 4.8672676
52.358997 4.89177
52.365948 4.866901
52.502598 4.7965837
52.36651 4.869441
52.47722 4.6722364
52.358383 4.881052
52.30403 4.762776
52.351173 4.872093
52.3396 4.8731318
52.301445 4.8562145
52.5023 4.7976265
52.423958 4.701066
52.385868 4.871988
52.30924 4.762187
52.35943 4.8653855
52.36663 4.893752
52.358383 4.881052
52.37021 4.8501697
52.358383 4.881052
52.473274 4.8197875
52.49292 5.0754476
