52.311802 4.757526
52.36363 4.882618
52.371315 4.8954363
52.30918 4.7630806
52.37339 4.8939695
52.314434 4.9325395
52.35548 4.87573
52.343193 4.817434
52.37735 4.909143
52.36912 4.6473403
52.368042 4.9163656
52.309055 4.761801
52.36158 4.870634
52.34942 4.91942
52.34426 4.7911177
52.37925 4.636869
52.377422 4.859705
52.4308 4.6987014
52.3528 5.0051737
52.30164 4.6643386
52.366673 4.894744
52.332714 5.0679207
52.37302 4.892628
52.50869 4.949451
52.37239 4.876637
52.370285 4.8849354
52.332714 5.0679207
52.36422 4.882897
52.3388 4.8733377
52.328205 4.8020554
52.36609 4.896469
52.321636 4.663913
52.30924 4.762187
52.36422 4.882897
52.30924 4.762187
52.36609 4.896469
52.4308 4.6987014
52.366604 4.87114
52.357746 4.8915873
52.37423 4.891959
52.356365 4.879314
52.35941 4.913742
52.30924 4.762187
52.38047 4.888286
52.36422 4.882897
52.373608 4.8923388
52.36462 4.8835516
52.378613 4.900546
52.380302 4.888526
52.356365 4.879314
52.296043 4.6638765
52.297344 4.658837
52.327263 4.9311447
52.361797 4.7308407
52.30924 4.762187
52.375866 4.896627
52.30924 4.762187
52.378513 4.899672
52.31279 5.04302
52.37223 4.8949103
52.370285 4.8849354
52.309055 4.761801
52.378613 4.900546
52.36691 4.87016
52.386288 4.8735056
52.378613 4.900546
52.37339 4.8939695
52.33834 4.857389
52.366287 4.882598
52.43858 4.834091
52.37029 4.892854
52.328205 4.8020554
52.4308 4.6987014
52.376423 4.9001384
52.36706 4.895987
52.369194 4.8926816
52.362247 4.883912
52.364933 4.8842382
52.370148 4.910626
52.366405 4.8966594
52.36242 4.903997
52.36663 4.893752
52.409233 4.9424047
52.37015 4.8824134
52.378613 4.900546
52.358044 4.86763
52.368725 4.907694
52.37119 4.8988013
52.286507 4.96005
52.344414 4.890473
52.361927 4.8828287
52.36609 4.896469
52.371838 4.8907757
52.37677 4.8894205
52.38342 4.885781
52.506985 4.956184
52.358044 4.86763
52.37302 4.892628
52.370285 4.8849354
52.21353 4.860905
52.363457 4.8847933
52.36363 4.882618
52.374504 4.8916564
52.30865 4.765183
52.30907 4.761908
52.362247 4.883912
52.301975 4.692437
52.36363 4.882618
52.345577 4.8576207
52.268696 4.748535
52.38436 4.900782
52.34614 4.8997307
52.364822 4.881478
52.3664 4.8908024
52.36609 4.896469
52.38557 4.8248253
52.46547 4.9587493
52.408733 4.6438
52.377144 4.881951
52.314434 4.9325395
52.37971 4.633822
52.46547 4.9587493
52.375916 4.900335
52.36376 4.883829
52.259228 5.041197
52.382233 4.9063077
52.20708 4.8831654
52.37425 4.872483
52.503723 4.956604
52.38398 4.8846416
52.357086 4.9082065
52.367138 4.8894267
52.38182 4.629514
52.36063 4.6483345
52.332714 5.0679207
52.38368 4.9300942
52.362736 4.884517
52.362247 4.883912
52.3641 4.883214
52.358597 4.878925
52.36422 4.882897
52.312645 4.9440446
52.375366 4.8973885
52.37675 4.9052596
52.36663 4.893752
52.371525 4.90767
52.36716 4.8893666
52.378513 4.899672
52.353256 4.8822427
52.472008 4.843059
52.36262 4.8798227
52.433434 4.9972773
52.368855 4.8889413
52.289455 4.7233005
52.378082 4.886389
52.37892 4.894183
52.34976 5.014615
52.37469 4.897307
52.372395 4.894494
52.43897 4.8244157
52.51008 4.9481626
52.457985 4.8148956
52.36422 4.882897
52.201336 4.898384
52.378323 4.91282
52.497852 4.9512124
52.36276 4.86065
52.382347 4.6387577
52.303364 4.700279
52.312256 4.945607
52.37202 4.890926
52.356903 4.8878
52.38042 4.8222256
52.42584 4.910035
52.393463 4.627392
52.507908 4.966378
52.386677 4.869504
52.358444 4.915043
52.353207 4.902617
52.467926 4.796169
52.350033 4.646553
52.366177 4.8985343
52.36806 4.8882437
52.37052 4.849043
52.50803 4.920009
52.378613 4.900546
52.300053 4.94505
52.373867 4.894226
52.38021 4.6397066
52.50053 4.962883
52.375034 4.8838243
52.314434 4.9325395
52.37302 4.892628
52.35294 5.0051575
52.498966 4.811795
52.35548 4.87573
52.37168 4.8735194
52.386288 4.8735056
52.36462 4.8835516
52.364388 4.882767
52.342083 4.707148
52.488987 5.0640535
52.37213 4.8953276
52.50504 4.9516478
52.37213 4.8953276
52.480064 4.665934
52.37123 4.6501164
52.458008 5.0486946
52.49996 4.819981
52.353065 4.8927255
52.448956 4.8133354
52.37708 4.8952675
52.3605 4.866157
52.314434 4.9325395
52.390804 4.860577
52.38436 4.900782
52.360783 4.882865
52.35426 4.906607
52.38436 4.900782
52.362247 4.883912
52.366955 4.9136753
52.356365 4.879314
52.314434 4.9325395
52.314434 4.9325395
52.369503 4.851027
52.497852 4.9512124
52.38182 4.629514
52.38207 4.9202847
52.35432 4.8061156
52.472015 4.8000135
52.449936 5.036446
52.508465 4.953117
52.25873 4.688533
52.30924 4.762187
52.36242 4.903997
52.379005 4.8944855
52.361797 4.864395
52.379158 4.894717
52.363693 4.8883834
52.31219 4.9463797
52.37045 4.8954287
52.375843 4.900639
52.361927 4.8828287
52.34071 4.932334
52.354214 4.8841095
52.377903 4.6312203
52.30924 4.762187
52.359833 4.8660154
52.308434 4.7618866
52.312256 4.945607
52.362766 4.909838
52.364506 4.88099
52.36242 4.903997
52.355137 4.928487
52.37689 4.881885
52.369804 4.893456
52.361042 4.872321
52.38685 4.8689175
52.309277 4.763331
52.37221 4.895145
52.379646 4.6374536
52.362247 4.883912
52.38141 4.636999
52.50735 4.979642
52.368378 5.1893287
52.390934 4.607975
52.388905 4.8383527
52.268696 4.748535
52.379337 4.838224
52.37883 4.838065
52.374077 4.883876
52.46547 4.9587493
52.49292 5.0754476
52.376614 4.897889
52.357582 4.8339415
52.434166 4.660008
52.377373 4.887233
52.379665 4.885295
52.46006 5.0369687
52.354755 4.888645
52.340828 4.8739386
52.38019 4.8208365
52.366016 4.895541
52.351727 4.932604
52.370163 4.6537657
52.35691 4.8973503
52.371334 4.6402135
52.371944 4.638808
52.37356 4.637009
52.32106 4.6657867
52.38207 4.9202847
52.377506 4.8942556
52.38332 4.872439
52.378315 4.881589
52.297512 4.8996997
52.30924 4.762187
52.378613 4.900546
52.388004 4.638376
52.34795 4.891303
52.38697 4.8700194
52.312645 4.9440446
52.34373 4.8916197
52.388004 4.638376
52.364895 4.884521
52.308434 4.7618866
52.308952 4.7612896
52.36422 4.882897
52.388004 4.638376
52.404472 4.641123
52.438107 4.8139215
52.365997 4.897156
52.366962 4.852679
52.361607 4.882322
52.43859 4.817505
52.30924 4.762187
52.439274 4.8241043
52.341034 4.8700957
52.31279 5.04302
52.46547 4.9587493
52.301975 4.69246
52.206123 4.866216
52.37425 4.872483
52.359 4.8842316
52.366146 4.880866
52.312645 4.9440446
52.309464 4.7567368
52.362247 4.883912
52.314434 4.9325395
52.36609 4.896469
52.365845 4.8974185
52.3664 4.8908024
52.357746 4.8915873
52.354877 4.646769
52.351624 4.8719616
52.377197 4.6276474
52.20242 4.8721585
52.375233 4.9296427
52.38148 4.629969
52.38182 4.629514
52.37767 4.914193
52.360115 4.6614695
52.350033 4.646553
52.36466 4.882366
52.51028 4.961668
52.312645 4.9440446
52.337826 4.812267
52.340054 4.8223424
52.307148 4.7558904
52.35724 4.8340287
52.379005 4.894901
52.357582 4.8339415
52.378826 4.894729
52.36137 4.9247503
52.390083 4.8404217
52.472015 4.8000135
52.37366 4.897864
52.365593 4.946057
52.312645 4.9440446
52.378613 4.900546
52.382122 4.8867702
52.511 4.962305
52.493515 4.678921
52.36645 4.890474
52.365505 4.89588
52.372627 4.8947525
52.37625 4.911613
52.365425 4.9110885
52.392735 4.868728
52.357746 4.8915873
52.318474 4.9368095
52.37302 4.892628
52.318474 4.9368095
52.367584 4.899065
52.348988 4.6209774
52.35621 4.8927355
52.362694 4.880609
52.393463 4.627392
52.29923 4.849494
52.37713 4.6299057
52.277523 4.8589234
52.343384 4.8465533
52.368332 4.847796
52.328163 4.8547153
52.312317 4.943976
52.439034 4.824256
52.37033 4.8936615
52.30924 4.762187
52.38395 4.864378
52.314075 4.9328213
52.376003 4.902396
52.201336 4.898384
52.37378 4.8936367
52.37278 4.928353
52.379623 4.893599
52.347294 4.7740746
52.50504 4.9516478
52.346752 4.8725543
52.35621 4.8927355
52.38042 4.8222256
52.366394 4.8970003
52.38118 4.6300077
52.264668 5.046494
52.489185 4.933769
52.381454 4.6366835
52.332638 4.9396067
52.378613 4.900546
52.31269 4.9448133
52.372223 4.8888516
52.30924 4.762187
52.296043 4.6638765
52.361687 4.882916
52.30924 4.762187
52.359013 4.8813324
52.35725 4.891111
52.373234 4.879047
52.383408 4.877567
52.348583 4.892768
52.370384 4.894924
52.373505 4.900213
52.35888 4.807346
52.378323 4.91282
52.30924 4.762187
52.37183 4.896035
52.353123 4.931743
52.364807 4.8815346
52.373234 4.879047
52.364506 4.88099
52.363594 4.882972
52.45698 5.1046643
52.434853 4.6608343
52.383415 4.8858433
52.379894 4.637631
52.3694 4.8937
52.36465 4.8836
52.37366 4.897864
52.364807 4.8815346
52.37379 4.881809
52.50612 4.9850297
52.37668 4.889649
52.364506 4.88099
52.378277 4.636203
52.364807 4.8815346
52.362812 4.9230227
52.389133 4.650492
52.37885 4.8906746
52.309715 4.762042
52.309 4.761804
52.310516 4.761935
52.361927 4.8828287
52.35211 4.8567677
52.297115 4.690352
52.389133 4.650492
52.37922 4.636001
52.41858 4.651562
52.37302 4.892628
52.371883 4.89949
52.372524 4.625402
52.28666 4.968814
52.268696 4.748535
52.309685 4.761672
52.41829 5.069218
52.311848 4.8745875
52.31055 4.753015
52.37277 4.900986
52.374092 4.900369
52.388004 4.638376
52.376972 4.889425
52.364807 4.8815346
52.363464 4.884706
52.377506 4.8942556
52.36465 4.8836
52.36663 4.893752
52.380592 4.647543
52.37906 4.8944416
52.41438 4.639943
52.379005 4.8944855
52.379158 4.894717
52.312256 4.945607
52.377506 4.8942556
52.372265 4.8888836
52.371334 4.6402135
52.371944 4.638808
52.37042 4.892842
52.359028 4.616903
52.388004 4.638376
52.30942 4.7636566
52.37356 4.637009
52.3723 4.9008036
52.376938 4.894813
52.3723 4.9008036
52.373604 4.895542
52.36063 4.6483345
52.36242 4.903997
52.3694 4.8937
52.37949 4.9255795
52.43859 4.817505
52.377506 4.8942556
52.366768 4.893239
52.36363 4.882618
52.360115 4.9256296
52.38436 4.900782
52.301765 4.695569
52.372425 4.897815
52.36363 4.882618
52.357258 4.891235
52.366226 4.8618345
52.388905 4.8383527
52.357296 4.8970165
52.375565 4.8993692
52.40423 4.6951995
52.381428 4.6354246
52.349163 4.621178
52.388905 4.8383527
52.38398 4.8846416
52.3574 4.8442197
52.312256 4.945607
52.36385 4.8838644
52.258923 4.6893177
52.364807 4.8815346
52.3625 4.9105453
52.36136 4.8994193
52.363705 4.903044
52.373604 4.895542
52.37366 4.897864
52.364807 4.8815346
52.380302 4.888526
52.200245 4.9246197
52.30924 4.762187
52.382347 4.6387577
52.299576 4.944975
52.346092 4.8658705
52.30924 4.762187
52.43858 4.834091
52.360603 4.931379
52.372356 4.885649
52.43858 4.834091
52.372063 4.899466
52.43858 4.834091
52.43858 4.834091
52.318226 4.9058585
52.372375 4.883895
52.373005 4.8762264
52.362247 4.883912
52.427685 4.8205886
52.368454 4.8887577
52.388866 4.887576
52.50813 4.9505305
52.312645 4.9440446
52.346806 4.9050546
52.358406 4.8000946
52.373867 4.894226
52.362247 4.883912
52.311802 4.757526
52.365997 4.897156
52.30924 4.762187
52.355473 4.8957396
52.360115 4.6614695
52.37483 4.901261
52.365997 4.897156
52.297344 4.658837
52.30927 4.760702
52.30924 4.762187
52.510506 4.9450417
52.30924 4.762187
52.37906 4.8944416
52.379005 4.8944855
52.379158 4.894717
52.361797 4.7308407
52.362495 4.926277
52.356525 4.899882
52.30924 4.762187
52.398327 4.93576
52.30544 4.7630296
52.305958 4.7657275
52.30537 4.766235
52.341633 4.8877635
52.334328 5.0713277
52.312645 4.9440446
52.48476 4.7490044
52.312645 4.9440446
52.312645 4.9440446
52.312645 4.9440446
52.30924 4.762187
52.340717 4.889751
52.361126 4.8868384
52.37366 4.897864
52.378613 4.900546
52.376175 4.925308
52.379063 4.893948
52.381317 4.885421
52.39243 4.6536846
52.360905 4.878348
52.312645 4.9440446
52.366146 4.880866
52.312645 4.9440446
52.247402 4.813988
52.377506 4.8942556
52.36545 4.8926497
52.364056 4.880419
52.36607 4.895072
52.51908 4.955022
52.374653 4.872795
52.377506 4.8942556
52.378613 4.900546
52.377506 4.8942556
52.332714 5.0679207
52.27186 4.794091
52.362247 4.883912
52.486687 4.962561
52.37123 4.6501164
52.38155 4.6297655
52.368904 4.8836536
52.46547 4.9587493
52.503975 5.0592766
52.36654 4.894648
52.36726 4.900647
52.37366 4.897864
52.312256 4.945607
52.34504 4.9673223
52.3625 4.9105453
52.38105 4.7923565
52.317223 4.6674485
52.35747 4.926745
52.362247 4.883912
52.376045 4.7966294
52.201878 4.88527
52.309093 5.0425916
52.375362 4.897177
52.378593 4.8458695
52.37277 4.900986
52.367294 4.895587
52.37379 4.881809
52.362247 4.883912
52.41364 4.657257
52.361145 4.635202
52.373695 4.9004607
52.364414 4.882709
52.363758 4.884758
52.30924 4.762187
52.35592 4.7666373
52.35726 4.992549
52.382347 4.6387577
52.362247 4.883912
52.378613 4.900546
52.287563 4.873929
52.377644 4.7571287
52.306824 4.9835014
52.378613 4.900546
52.360603 4.931379
52.36645 4.8955007
52.37937 4.897922
52.332348 5.0145936
52.381256 4.8213243
52.38042 4.8222256
52.497852 4.9512124
52.486687 4.962561
52.378613 4.900546
52.312256 4.945607
52.394524 4.6419168
52.39711 4.6431804
52.352894 4.881259
52.460403 5.035279
52.30924 4.762187
52.378826 4.894729
52.379005 4.894901
52.358044 4.86763
52.497852 4.9512124
52.39243 4.6536846
52.371696 4.972708
52.488987 5.0640535
52.36414 4.8552375
52.36422 4.882897
52.34663 4.9199543
52.350597 4.903672
52.38449 4.8511915
52.36242 4.903997
52.371895 4.931182
52.364132 4.898226
52.38034 4.940157
52.382862 4.8907585
52.383476 4.734807
52.372955 4.908304
52.500607 4.964427
52.375034 4.8838243
52.366016 4.895541
52.311153 4.7613072
52.36585 4.881775
52.30924 4.762187
52.37713 4.6299057
52.37865 4.8967266
52.30924 4.762187
52.36646 4.8966403
52.379158 4.894717
52.365845 4.8974185
52.356586 4.878283
52.361485 4.891999
52.309055 4.7619042
52.30907 4.761908
52.311153 4.7613072
52.30907 4.761908
52.376396 4.8821034
52.30903 4.7620583
52.364807 4.8815346
52.3648 4.881749
52.30868 4.761727
52.350033 4.646553
52.307644 4.7704234
52.35888 4.807346
52.371857 4.887476
52.379375 4.898885
52.378613 4.900546
52.35508 4.826725
52.35888 4.807346
52.352753 4.88391
52.36145 4.8991437
52.36868 4.9034295
52.366196 4.8993435
52.376724 4.921971
52.37172 4.902073
52.375034 4.8838243
52.35548 4.87573
52.357895 4.9137387
52.365776 4.895796
52.36238 4.794656
52.353542 4.855824
52.305607 4.7616506
52.46087 4.811379
52.380657 4.899366
52.30924 4.762187
52.450943 5.0495667
52.36154 4.9252653
52.304626 4.762171
52.378315 4.881589
52.356365 4.879314
52.313576 5.037918
52.30924 4.762187
52.30861 4.761968
52.296043 4.6638765
52.301567 4.6643577
52.494846 4.7640452
52.383476 4.734807
52.35108 4.885138
52.370365 4.8844514
52.30924 4.762187
52.491867 5.0655475
52.391647 5.1855545
52.363842 4.834299
52.48885 4.9655447
52.38042 4.8222256
52.366104 4.8995857
52.36586 4.884789
52.414154 4.6440997
52.360115 4.9256296
52.351624 4.8719616
52.361145 4.635202
52.377644 4.7571287
52.378613 4.900546
52.30924 4.762187
52.36378 4.88399
52.382908 4.629
52.31279 5.04302
52.30907 4.761908
52.488987 5.0640535
52.37005 4.8659673
52.311153 4.7613072
52.392838 4.872265
52.358044 4.86763
52.37302 4.892628
52.370285 4.8849354
52.36422 4.882897
52.289455 4.7233005
52.35449 4.834096
52.35724 4.8340287
52.201878 4.88527
52.370384 4.894924
52.376133 4.895419
52.374447 4.8997226
52.31279 5.04302
52.358597 4.878925
52.367607 5.190568
52.309055 4.761801
52.30924 4.762187
52.29595 4.9755588
52.370346 4.8856573
52.372566 4.9003205
52.362247 4.883912
52.359142 4.883773
52.40265 4.6350474
52.354214 4.8841095
52.293198 4.9942665
52.307285 4.7728515
52.30924 4.762187
52.37302 4.892628
52.37421 4.935007
52.361797 4.864395
52.378613 4.900546
52.39243 4.6536846
52.46087 4.811379
52.50869 4.949451
52.35445 4.9970627
52.31189 4.9471307
52.278065 4.8457847
52.370384 4.894924
52.43079 4.642569
52.38436 4.900782
52.36572 4.8800516
52.41364 4.657257
52.314434 4.9416947
52.30924 4.762187
52.38436 4.900782
52.269264 4.7523246
52.37804 4.636053
52.38436 4.900782
52.355473 4.8957396
52.364113 4.889336
52.38436 4.900782
52.311924 4.9465833
52.374397 4.8950152
52.36363 4.882618
52.311924 4.9465833
52.36663 4.9263177
52.38182 4.629514
52.41356 4.9228096
52.38083 4.63678
52.30924 4.762187
52.37366 4.897864
52.326984 4.8685846
52.374104 4.8981886
52.310593 4.763922
52.38436 4.900782
52.370396 4.8838453
52.37952 4.8946996
52.36462 4.8835516
52.36663 4.893752
52.36422 4.882897
52.323643 4.936509
52.366768 4.893239
52.35108 4.854804
52.388393 4.607358
52.383476 4.734807
52.30383 4.6907225
52.21605 4.8745394
52.36708 4.8967237
52.376022 4.9268074
52.38436 4.900782
52.30924 4.762187
52.37592 4.92611
52.30924 4.762187
52.494774 4.686184
52.370625 4.9284577
52.312943 4.943115
52.32085 4.8480177
52.37366 4.897864
52.314957 4.940886
52.31189 4.9471307
52.307304 4.856348
52.363174 4.879883
52.50862 4.9495335
52.3625 4.9105453
52.356712 4.904629
52.37689 4.881885
52.357132 4.874527
52.382244 4.887962
52.317738 4.654331
52.362247 4.883912
52.380142 4.892204
52.43912 4.8240867
52.310368 4.764627
52.293488 5.0808363
52.363457 4.8847933
52.312256 4.945607
52.341576 4.8569264
52.362247 4.883912
52.37767 4.886212
52.363663 4.883973
52.309338 4.70485
52.29375 4.9810934
52.359314 4.925556
52.38436 4.900782
52.50493 4.7791
52.37749 4.9059176
52.30924 4.762187
52.30924 4.762187
52.364807 4.8815346
52.35608 4.892693
52.38105 4.7923565
52.39295 4.6405373
52.377506 4.8942556
52.414154 4.6440997
52.36654 4.894648
52.379364 4.636881
52.466824 5.043004
52.414154 4.6440997
52.365 4.884096
52.35635 4.898864
52.35476 4.8406467
52.3664 4.8992
52.36663 4.893752
52.381035 4.8539753
52.348255 4.9173107
52.38001 4.8539157
52.380863 4.853747
52.380547 4.854185
52.38161 4.8555923
52.380913 4.854361
52.366776 4.8913407
52.358383 4.881052
52.374798 4.8767476
52.362247 4.883912
52.358356 4.8989153
52.296043 4.6638765
52.3625 4.9105453
52.374012 4.893492
52.378513 4.8997173
52.373924 4.877286
52.376347 4.8947234
52.365192 4.9116836
52.36462 4.8835516
52.37952 4.8946996
52.317223 4.6674485
52.30924 4.762187
52.363464 4.884706
52.361923 4.8828464
52.497852 4.9512124
52.360058 4.925846
52.393463 4.627392
52.309273 4.8645043
52.497852 4.9512124
52.309464 4.7567368
52.382378 4.893229
52.363686 4.8840814
52.396076 4.869523
52.3925 4.872379
52.35108 4.885138
52.366104 4.8995857
