52.314434 4.9325395
52.503723 4.956604
52.332714 5.0679207
52.362736 4.884517
52.358597 4.878925
52.37675 4.9052596
52.472008 4.843059
52.36262 4.8798227
52.378082 4.886389
52.43897 4.8244157
52.42584 4.910035
52.393463 4.627392
52.358444 4.915043
52.503975 5.0592766
52.36654 4.894648
52.37366 4.897864
52.317223 4.6674485
52.201878 4.88527
52.37379 4.881809
52.41364 4.657257
52.373695 4.9004607
52.364414 4.882709
52.30924 4.762187
52.382347 4.6387577
52.362247 4.883912
52.37937 4.897922
52.332348 5.0145936
52.378613 4.900546
52.34795 4.891303
52.388004 4.638376
52.438107 4.8139215
52.30924 4.762187
52.206123 4.866216
52.362247 4.883912
52.36609 4.896469
52.365845 4.8974185
52.3664 4.8908024
52.351624 4.8719616
52.377197 4.6276474
52.375233 4.9296427
52.51028 4.961668
52.312645 4.9440446
52.36137 4.9247503
52.472015 4.8000135
52.378613 4.900546
52.382122 4.8867702
52.36645 4.890474
52.365505 4.89588
52.356365 4.879314
52.35108 4.885138
52.30924 4.762187
52.351624 4.8719616
52.37005 4.8659673
52.358044 4.86763
52.37302 4.892628
52.370285 4.8849354
52.36422 4.882897
52.201878 4.88527
52.374447 4.8997226
52.43859 4.817505
52.377506 4.8942556
52.36363 4.882618
52.375565 4.8993692
52.36385 4.8838644
52.364807 4.8815346
52.379364 4.636881
52.466824 5.043004
52.414154 4.6440997
52.365 4.884096
52.35635 4.898864
52.35476 4.8406467
52.378513 4.8997173
52.365192 4.9116836
52.317223 4.6674485
52.30924 4.762187
52.363464 4.884706
52.361923 4.8828464
52.393463 4.627392
52.309464 4.7567368
52.363686 4.8840814
52.35108 4.885138
