52.378613 4.900546
52.308464 4.76635
52.382347 4.6387577
52.30924 4.762187
52.335976 4.8642254
52.378613 4.900546
52.31137 4.753957
52.384174 4.884729
52.358383 4.881052
52.3388 4.8733377
52.33448 4.868788
52.452778 4.827456
52.356247 4.8274665
52.451694 4.8187556
52.39359 4.629898
52.36961 4.8352294
52.364853 4.8626256
52.368324 4.909483
52.36228 4.91253
52.346508 4.9176264
52.37034 4.885793
52.37339 4.8939695
52.378036 4.8441124
52.358383 4.881052
52.38015 4.6360345
52.30924 4.762187
52.413567 4.6276226
52.303917 4.7628922
52.328396 4.9602094
52.36262 4.8798227
52.32419 5.113318
52.373417 4.8927784
52.510124 4.913347
52.34832 4.917345
52.36609 4.896469
52.366776 4.8913407
52.409233 4.9424047
52.353825 4.883099
52.38436 4.900782
52.358383 4.881052
52.31534 4.927597
52.38881 4.8386545
52.372852 4.7526627
52.45949 4.811048
52.289078 4.842338
52.328205 4.8020554
52.393997 4.6290746
52.3689 4.883692
52.380302 4.888526
52.381336 4.8992586
52.38436 4.900782
52.382862 4.8907585
52.357574 5.1828003
52.48602 4.671421
52.43897 4.8244157
52.378613 4.900546
52.380302 4.888526
52.393463 4.627392
52.358597 4.878925
52.399597 4.896709
52.37366 4.897864
52.363964 4.884457
52.346508 4.9176264
52.355125 4.880657
52.30924 4.762187
52.37274 4.883575
52.308136 4.7476816
52.35943 4.8653855
52.339973 4.854133
52.357018 4.8506393
52.356 4.895718
52.30975 4.770695
52.312115 5.050847
52.368412 4.9050846
52.36663 4.893752
52.44114 4.6536436
52.449184 4.8359475
52.348904 4.9260836
52.35802 4.8788953
52.30924 4.762187
52.375458 4.8947563
52.37742 4.631295
52.342083 4.707148
52.36314 4.8834605
52.472015 4.8000135
52.47722 4.6722364
52.37302 4.892628
52.362785 4.9494696
52.355747 4.891864
52.335133 4.913774
52.36199 4.9501014
52.355316 4.893196
52.37007 4.9416537
52.370285 4.8849354
52.358044 4.86763
52.370285 4.8849354
52.36422 4.882897
52.302063 4.9498343
52.35929 4.8029695
52.35929 4.8029695
52.378696 4.730807
52.237198 4.755474
52.36422 4.882897
52.368546 4.874503
52.30924 4.762187
52.30924 4.762187
52.378613 4.900546
52.364155 4.898269
52.296944 4.975405
52.31142 4.9840117
52.31136 4.760172
52.376617 4.9063816
52.327057 4.962291
52.354527 4.871821
52.356247 4.8274665
52.380238 4.63513
52.368324 4.909483
52.494774 4.686184
52.359676 4.8785176
52.48771 4.7990036
52.36585 4.892816
52.378613 4.900546
52.369 4.889
52.393997 4.6290746
52.391052 4.6487007
52.37538 4.8958535
52.459084 4.79899
52.353825 4.883099
52.378613 4.900546
52.37457 4.63001
52.340267 4.920695
52.424854 4.625028
52.45847 4.670863
52.364117 4.883276
52.38854 4.6424103
52.3388 4.8733377
52.3452 4.89533
52.201878 4.88527
52.368454 4.8887577
52.365448 4.919123
52.36563 4.919945
52.36469 4.917548
52.366394 4.919717
52.382294 4.633
52.317707 4.8724184
52.303833 4.951186
52.37533 4.895898
52.378613 4.900546
52.37567 4.88838
52.365433 4.902818
52.30924 4.762187
52.391407 4.8783345
52.36562 4.895848
52.38666 4.6436048
52.3626 4.8879614
52.495377 4.7508307
52.31279 5.04302
52.37155 4.92556
52.378613 4.900546
52.38253 4.8876877
52.393463 4.627392
52.312286 4.938641
52.378613 4.900546
52.358383 4.881052
52.356705 5.005752
52.376156 4.886229
52.35726 4.992549
52.3973 4.9518147
52.369045 4.895314
52.21353 4.860905
52.399597 4.896709
52.378613 4.900546
52.365513 4.8928103
52.294823 4.976035
52.36422 4.882897
52.487797 4.936061
52.365326 4.935935
52.366768 4.893239
52.482628 4.8018584
52.36067 4.9301057
52.359142 4.883773
52.43866 4.8174434
52.259983 4.686259
52.378613 4.900546
52.370384 4.894924
52.380962 4.888833
52.33237 4.898583
52.372566 4.9003205
52.36022 4.880579
52.327026 5.063405
52.343437 5.1748705
52.364456 4.8825755
52.378613 4.900546
52.373016 4.880344
52.366768 4.893239
52.38436 4.900782
52.357224 4.913973
52.34944 4.924682
52.361084 4.907454
52.363625 4.885032
52.390804 4.860577
52.473324 4.817867
52.364624 4.8812594
52.3628 4.910165
52.4308 4.6987014
52.37353 4.90464
52.409233 4.9424047
52.367256 4.898837
52.314434 4.9416947
52.38019 4.884229
52.354702 4.8934746
52.371452 4.8392305
52.368435 4.9020753
52.292847 4.7042284
52.38442 4.868664
52.36609 4.896469
52.30924 4.762187
52.374863 4.899439
52.366955 4.9136753
52.288105 4.8607826
52.39044 4.836683
52.31189 4.9471307
52.393997 4.6290746
52.351624 4.8719616
52.381767 4.9171486
52.323532 4.936563
52.39044 4.836683
52.372852 4.7526627
52.321354 4.8758073
52.36003 4.9265695
52.3465 4.9181347
52.36961 4.838203
52.361 4.9064846
52.30924 4.762187
52.30924 4.762187
52.366978 4.8932505
52.37339 4.8939695
52.30924 4.762187
52.37428 4.901244
52.378006 4.899028
52.36585 4.892816
52.372265 4.8888836
52.382042 4.9027777
52.36982 4.886647
52.374413 4.886958
52.374542 4.889231
52.348145 4.8772697
52.30924 4.762187
52.388905 4.8383527
52.391052 4.6487007
52.478745 4.66446
52.298088 4.9601126
52.376686 4.9222183
52.376686 4.9222183
52.3388 4.8733377
52.384003 4.769908
52.30924 4.762187
52.472015 4.8000135
52.36778 4.8865356
52.37031 4.8865557
52.324364 4.874185
52.349197 4.8773932
52.375782 4.907799
52.373287 4.8886395
52.308323 4.765234
52.310513 4.7554336
52.376686 4.9222183
52.404182 4.627497
52.547626 4.911406
52.35698 4.8915663
52.38085 4.820981
52.392784 4.8415375
52.356697 4.93195
52.37302 4.892628
52.292847 4.7042284
52.36652 4.9042544
52.414154 4.6440997
52.38435 4.884002
52.308315 5.125229
52.37569 4.888104
52.353825 4.883099
52.33181 4.97909
52.32502 4.9266214
52.35736 4.930544
52.33113 4.8769073
52.36562 4.895848
52.37339 4.8939695
52.397217 4.94013
52.30924 4.762187
52.375782 4.907799
52.346508 4.9176264
52.312374 4.94756
52.49455 5.072384
52.373383 4.876471
52.35702 4.789951
52.36422 4.882897
52.354164 4.8689876
52.30924 4.762187
52.374863 4.899439
52.30907 4.761908
52.440853 4.8250794
52.30924 4.762187
52.358597 4.878925
52.366444 4.897749
52.358383 4.881052
52.364044 4.8829722
52.365997 4.897156
52.312317 4.943976
52.36986 4.8812985
52.361126 4.900194
52.361267 4.899203
52.366867 4.8889484
52.370686 4.900168
52.302795 4.997099
52.397823 4.937422
52.380962 4.888833
52.301094 4.6966996
52.30924 4.762187
52.35829 4.8930297
52.368973 4.9023914
52.368435 4.9020753
52.373787 4.882223
52.44718 4.881457
52.373314 4.887957
52.381454 4.6366835
52.30924 4.762187
52.362247 4.883912
52.37339 4.8939695
52.36722 4.903761
52.333874 4.631783
52.383373 4.6124797
52.38916 4.611093
52.375782 4.907799
52.372677 4.8928
52.367504 4.892907
52.358974 4.804608
52.292862 4.947195
52.297188 4.987797
52.309055 4.761801
52.312256 4.945607
52.36861 4.9345913
52.378613 4.900546
52.382862 4.8907585
52.310707 4.9665713
