52.373417 4.8927784
52.37143 4.925981
52.30924 4.762187
52.30924 4.762187
52.261642 5.041997
52.43745 4.81089
52.3377 4.91695
52.388863 4.838311
52.303833 4.951186
52.37421 4.935007
52.30924 4.762187
52.34119 4.826124
52.503063 4.777259
52.388004 4.638376
52.3388 4.8733377
52.37582 4.659909
52.38753 4.640034
52.43944 4.821238
52.34876 4.89966
52.28601 4.948311
52.30924 4.762187
52.30924 4.762187
52.30924 4.762187
52.375675 4.887795
52.308537 4.9524627
52.371452 4.8392305
52.489876 4.7655044
52.328205 4.8020554
52.3388 4.8733377
52.337498 4.85651
52.390366 4.905143
52.367725 4.893669
52.337498 4.85651
52.448956 4.8133354
52.292904 4.961967
52.348305 4.8656344
52.314434 4.9416947
52.43944 4.821238
52.3377 4.91695
52.303833 4.951186
52.31231 5.0250435
52.293007 4.6991444
52.30924 4.762187
52.388905 4.8383527
52.334057 4.921894
52.378613 4.900546
52.31231 5.0250435
52.374203 4.936224
52.40526 4.888296
52.40526 4.888296
52.337498 4.85651
52.33983 4.8743224
52.341755 4.876107
52.37421 4.935007
52.40812 4.63891
52.50464 5.0721936
52.31231 5.0250435
52.346657 4.918141
52.31382 4.9469695
52.358227 4.915631
52.386772 4.9012213
52.385883 4.891518
52.373962 4.9168744
52.338722 4.9237742
52.368958 4.8885927
52.3377 4.91695
52.381325 4.891156
52.30402 5.1395993
52.337025 4.8729477
52.33324 4.8657694
52.301292 4.9466977
52.34588 4.916296
52.37172 4.902073
52.38534 4.706366
52.340717 4.889751
52.368546 4.874503
52.44185 4.839792
52.36422 4.882897
52.35637 4.955959
52.388905 4.8383527
52.391212 4.8564506
52.201878 4.88527
52.352867 4.893463
52.40526 4.888296
52.33983 4.8743224
52.309376 4.947158
52.374863 4.899439
52.37421 4.935007
52.308674 4.7689676
52.41439 4.643491
52.378613 4.900546
52.309685 4.761672
52.30924 4.762187
52.37952 4.8946996
52.36926 4.87402
52.383247 4.64947
52.30837 4.9526978
52.431217 4.853457
52.30924 4.762187
52.374863 4.899439
52.336468 4.8853755
52.309254 4.771725
52.35115 4.849337
52.307014 5.0402923
52.374863 4.899439
52.30924 4.762187
52.36019 4.9205446
52.30658 4.765221
52.375107 4.8839273
52.352695 4.8517942
