52.490593 4.6790757
52.40007 4.841618
52.46547 4.9587493
52.294342 4.70907
52.346508 4.9176264
52.307644 4.7704234
52.37625 4.911613
52.388847 4.8386564
52.365524 4.8981643
52.365997 4.897156
52.37864 4.871395
52.306805 4.638623
52.377846 4.844048
52.308186 4.769625
52.380875 4.6362786
52.36363 4.882618
52.358383 4.881052
52.358692 4.8860083
52.375366 4.8973885
52.37789 4.6373816
52.326515 4.879781
52.356213 4.928913
52.259228 5.041197
52.392082 4.8341227
52.35417 4.954953
52.340347 4.9175897
52.393463 4.627392
52.35352 4.862203
52.38118 4.6300077
52.36824 4.890635
52.321865 4.77475
52.369637 4.8505692
52.378613 4.900546
52.287563 4.873929
52.36154 4.9252653
52.23888 4.9733725
52.3377 4.91695
52.359615 4.6068335
52.4704 4.8396645
52.360115 4.9256296
52.388004 4.638376
52.39114 4.635753
52.35346 4.832451
52.3557 4.8265114
52.3795 4.8993444
52.358383 4.881052
52.35551 4.890753
52.363842 4.834299
52.38118 4.6300077
52.32171 5.0802565
52.347828 4.9540668
52.36824 4.890635
52.351063 5.004279
52.377617 4.90066
52.3388 4.8733377
52.369495 4.907069
52.3498 4.912382
52.378613 4.900546
52.38105 4.7923565
52.30924 4.762187
52.365864 4.8964643
52.36609 4.896469
52.378613 4.900546
52.301975 4.69246
52.35793 4.8562245
52.365738 4.8963885
52.33185 4.920427
52.344795 4.777963
52.32978 5.0671034
52.376686 4.9222183
52.486687 4.962561
52.24269 4.8167405
52.352898 4.6332293
52.36379 4.882677
52.352856 4.889798
52.336426 4.886663
52.371895 4.931182
52.36363 4.882618
52.370106 4.893545
52.29568 4.973456
52.370075 4.882363
52.35218 4.932931
52.293007 4.6991444
52.369766 4.881556
52.36422 4.882897
52.37302 4.892628
52.459743 5.1390696
52.302097 5.0357265
52.371326 4.8930864
52.314434 4.9325395
52.38118 4.6300077
52.36609 4.896469
52.36664 4.6514225
52.328583 4.927702
52.286507 4.96005
52.365616 4.8958044
52.35624 4.8942375
52.376205 4.894999
52.35452 4.8326325
52.38436 4.900782
52.340534 4.886412
52.328205 4.8020554
52.31534 4.927597
52.372627 4.89639
52.286507 4.96005
52.445107 4.863393
52.36893 4.870592
52.49352 4.9519157
52.358044 4.86763
52.36609 4.896469
52.36363 4.882618
52.358044 4.86763
52.36609 4.896469
52.342052 5.1582527
52.36609 4.896469
52.33979 4.6562386
52.335255 4.9045205
52.392532 4.8294353
52.378613 4.900546
52.370384 4.894924
52.373867 4.894226
52.358044 4.86763
52.36422 4.882897
52.36651 4.869441
52.362415 4.906048
52.328205 4.8020554
52.36422 4.882897
52.486687 4.962561
52.268696 4.748535
52.366764 4.893776
52.33581 4.87476
52.409233 4.9424047
52.320557 5.1405325
52.3116 4.847819
52.378513 4.899672
52.392612 4.820536
52.36363 4.882618
52.36363 4.882618
52.307644 4.7704234
52.381462 4.6359353
52.320683 4.873716
52.324245 4.884459
52.29367 4.9455
52.381523 4.636385
52.31332 5.0274506
52.517937 5.073212
52.35511 4.8908052
52.36663 4.9263177
52.364017 4.8931494
52.366447 4.8670487
52.375557 4.8978505
52.37366 4.897864
52.373768 4.89931
52.34122 5.132967
52.358044 4.86763
52.362415 4.906048
52.362415 4.906048
52.370285 4.8849354
52.382576 4.6375537
52.36422 4.882897
52.30924 4.762187
52.375782 4.907799
52.359318 4.8825765
52.359596 4.8832726
52.370285 4.8849354
52.343193 4.817434
52.37302 4.892628
52.36422 4.882897
52.35851 4.903604
52.377422 4.859705
52.32419 5.113318
52.369 4.889
52.375664 4.899269
52.371128 4.891938
52.386898 4.9086223
52.222374 4.9047985
52.36379 4.882677
52.38448 4.8751006
52.38586 4.873917
52.358044 4.86763
52.378613 4.900546
52.54307 4.892489
52.37302 4.892628
52.370285 4.8849354
52.351307 4.8561716
52.369503 4.851027
52.37806 4.8031754
52.49894 4.9546967
52.358383 4.881052
52.495186 4.9536004
52.354958 4.8379498
52.349213 4.857117
52.35325 4.832447
52.375866 4.896627
52.313457 4.768839
52.378613 4.900546
52.491936 4.938772
52.36609 4.896469
52.320557 5.1405325
52.301975 4.69246
52.3388 4.8733377
52.355865 4.8928504
52.37302 4.892628
52.36519 4.88566
52.308403 4.946612
52.366524 4.8951263
52.388004 4.638376
52.299686 5.0266776
52.321102 4.792591
52.378613 4.900546
52.438805 4.824924
52.363586 4.8883486
52.375866 4.896627
52.3498 4.912382
52.312115 5.050847
52.246025 4.826987
52.30304 4.6946793
52.304195 4.6936307
52.341034 4.8700957
52.339973 4.854133
52.303608 4.694012
52.29734 4.9472694
52.30388 4.693574
52.408733 4.6438
52.302555 4.6935053
52.303677 4.6931143
52.25253 4.962996
52.296944 4.975405
52.36363 4.882618
52.30306 4.692144
52.367123 4.871458
52.3716 4.88433
52.371296 4.8620067
52.376003 4.890869
52.32419 5.113318
52.299686 5.0266776
52.387924 4.6384406
52.302044 4.693034
52.35511 4.8908052
52.380627 4.890744
52.29595 4.9755588
52.30924 4.762187
52.339973 4.854133
52.373764 4.912273
52.30924 4.762187
52.429256 4.6847334
52.362957 4.885134
52.375782 4.907799
52.36363 4.882618
52.303467 4.8588324
52.35539 4.7797947
52.37302 4.892628
52.369335 4.893402
52.37082 4.9105883
52.30211 4.693541
52.36363 4.882618
52.312286 4.938641
52.303223 4.6936107
52.493908 5.073488
52.389088 4.8374133
52.383575 4.6426277
52.48575 4.9510036
52.296043 4.6638765
52.37339 4.8939695
52.378162 4.899444
52.370285 4.8849354
52.373764 4.912273
52.303608 4.694012
52.303715 4.6936593
52.30388 4.693574
52.30304 4.6946793
52.38182 4.629514
52.303677 4.6931143
52.36363 4.882618
52.36872 4.889201
52.3593 4.654806
52.351624 4.8719616
52.294613 4.9573903
52.403034 4.6554704
52.38331 4.888814
52.37756 4.9012136
52.302242 4.8617563
52.38145 4.636801
52.375034 4.8838243
52.36373 4.881715
52.331326 4.6294284
52.301853 4.6933575
52.510345 5.048993
52.345505 4.81133
52.295876 4.636114
52.363953 4.863231
52.36276 4.86065
52.302147 4.94974
52.364376 4.79589
52.368866 4.8852253
52.20014 4.896631
52.373306 4.900299
52.35539 4.7797947
52.358383 4.881052
52.36136 4.8994193
52.36894 4.902722
52.31523 4.955145
52.305008 4.8617907
52.3028 4.6922555
52.31226 4.7672467
52.39881 4.9374533
52.377552 4.9903893
52.377552 4.9903893
52.388004 4.638376
52.366375 4.896429
52.388905 4.8383527
52.35605 4.880085
52.389133 4.650492
52.35698 4.8915663
52.4308 4.6987014
52.30672 4.639045
52.409233 4.9424047
52.346092 4.8658705
52.351192 4.650208
52.360577 4.8829627
52.36363 4.882618
52.37433 4.900555
52.352657 4.884045
52.384388 4.9058137
52.31279 5.04302
52.313774 4.7683773
52.376907 4.897692
52.376907 4.897692
52.38865 4.6140957
52.30924 4.762187
52.309277 4.763331
52.350197 4.786173
52.364754 4.8899446
52.36363 4.882618
52.365524 4.8981643
52.37606 4.8972263
52.34504 4.9673223
52.388393 4.607358
52.382 4.7840695
52.360493 4.8769107
52.37665 4.8991356
52.386253 4.6473737
52.385265 4.64764
52.397102 4.663782
52.37669 4.6416817
52.344795 4.777963
52.304146 4.8841643
52.30924 4.762187
52.364254 4.890973
52.30476 4.7661166
52.344406 4.8365707
52.31189 4.9471307
52.337234 4.8849053
52.358044 4.86763
52.370285 4.8849354
52.30251 4.69712
52.499084 4.6997023
52.455906 5.0499825
52.336403 4.9315014
52.365433 4.902818
52.30924 4.762187
52.33944 4.7807794
52.268696 4.748535
52.35346 4.832451
52.31382 4.9469695
52.34426 4.7911177
52.388226 4.660392
52.315296 4.947061
52.481113 4.6703353
52.36363 4.882618
52.307957 4.9330487
52.358692 4.8860083
52.27105 4.726088
52.36422 4.882897
52.37733 4.8977532
52.351173 4.872093
52.350887 4.8232126
52.30469 5.0391006
52.32582 4.950639
52.378613 4.900546
52.36329 4.898483
52.30924 4.762187
52.373356 4.8625135
52.34832 4.917345
52.332806 4.871957
52.321426 4.8815
52.378613 4.900546
52.309814 4.8513503
52.303978 4.7535825
52.303116 4.7508945
52.30456 4.754496
52.363976 4.8983727
52.36242 4.903997
52.35426 4.906607
52.360966 4.908451
52.30924 4.762187
52.364998 4.895152
52.36957 4.892113
52.330383 4.9556923
52.359062 4.860101
52.43893 4.8259597
52.343193 4.817434
52.336212 4.929695
52.346508 4.9176264
52.367924 4.905552
52.314434 4.9416947
52.30924 4.762187
52.378613 4.900546
52.353626 4.84156
52.297024 4.706107
52.2935 5.080528
52.32608 5.1395845
52.334515 4.859873
52.386574 4.8779726
52.36693 5.1909113
52.374268 4.895685
52.35829 4.8930297
52.376205 4.894999
52.352463 4.90294
52.358273 4.891675
52.349953 4.918761
52.397186 4.848466
52.32886 4.794631
52.37007 4.9416537
52.30924 4.762187
52.338116 4.962446
52.36276 4.86065
52.371906 4.891962
52.376556 4.905753
52.379627 4.897564
52.36663 4.893752
52.36663 4.893752
52.311092 4.946384
52.517994 4.973612
52.307327 4.9479265
52.374268 4.895685
52.375034 4.8838243
52.404438 4.861434
52.48885 4.9655447
52.38976 4.8376355
52.35999 4.877248
52.368824 4.885731
52.30927 4.760702
52.30927 4.760702
52.3539 4.911837
52.36363 4.882618
52.309055 4.761801
52.31202 4.7572894
52.37335 4.890859
52.30924 4.762187
52.351646 4.8569694
52.378613 4.900546
52.316715 4.872082
52.30924 4.762187
52.37762 4.907399
52.361187 4.915082
52.358227 4.915631
52.346703 5.181274
52.517376 4.9835715
52.278603 4.832648
52.291054 4.7303867
52.198296 4.873039
52.33771 4.872407
52.376312 4.9059
52.309814 4.8513503
52.36375 4.657345
52.30924 4.762187
52.482628 4.8018584
52.392708 4.833108
52.30408 4.7501254
52.376686 4.9222183
52.313885 4.951669
52.376686 4.9222183
52.30408 4.7501254
52.314434 4.9325395
52.383476 4.734807
52.388004 4.638376
52.370384 4.894924
52.365437 4.8872
52.360867 4.9065433
52.36609 4.896469
52.30415 4.7624445
52.277218 4.7526383
52.405293 4.888176
52.36724 4.8912764
52.376953 4.920744
52.307842 4.756918
52.378613 4.900546
52.350285 5.181172
52.451534 5.034609
52.246025 4.826987
52.366108 4.897767
52.375664 4.888359
52.278603 4.832648
52.277218 4.7526383
52.277218 4.7526383
52.38086 4.968382
52.494534 4.967982
52.271385 4.9744873
52.376446 4.887934
52.417694 4.892857
52.37992 4.8845816
52.404064 4.6291676
52.378613 4.900546
52.295876 4.636114
52.388004 4.638376
52.3741 4.894402
52.36259 4.921457
52.30469 5.0391006
52.348637 4.831493
52.496067 5.0682807
52.276234 4.7479844
52.349113 4.9703298
52.48724 4.94931
52.487823 4.8121367
52.50016 4.768662
52.346508 4.9176264
52.308754 4.951873
52.36063 4.6483345
52.372665 4.891625
52.372528 4.8915563
52.362247 4.883912
52.340317 4.798909
52.39024 4.888828
52.309814 4.8513503
52.394722 4.837847
52.36363 4.882618
52.335976 4.8642254
52.34832 4.917345
52.37669 4.6416817
52.363842 4.834299
52.38069 4.646744
52.29777 4.7083387
52.513943 4.993645
52.36157 4.888153
52.37302 4.892628
52.356903 4.918481
52.331326 4.6294284
52.351265 4.923695
52.278603 4.832648
52.366337 4.896341
52.30942 4.7636566
52.30924 4.762187
52.36776 4.8897047
52.48885 4.9655447
52.304146 4.8841643
52.39103 4.905346
52.505817 5.071574
52.365284 4.8855586
52.369102 4.8902545
52.3388 4.8733377
52.37833 4.8453393
52.49668 4.9383974
52.49645 4.9384403
52.368855 4.888905
52.296604 4.9873786
52.302097 5.0357265
52.35325 4.832447
52.37734 4.9161105
52.365433 4.902818
52.368454 4.8887577
52.449608 4.6784
52.50493 4.7791
52.494152 4.96859
52.30339 4.8578324
52.37426 4.901214
52.382 4.7840695
52.351147 4.835895
52.3963 4.906093
52.38098 4.890326
52.30924 4.762187
52.380875 4.890577
52.311077 4.9474525
52.390045 4.887693
52.306644 4.7651954
52.392136 4.911219
52.367775 4.892553
52.293198 4.9942665
52.510506 4.9454207
52.486687 4.962561
52.346657 4.918141
52.36997 4.8795075
52.378155 4.89553
52.37865 4.8967266
52.30924 4.762187
52.350033 4.646553
52.38019 4.8208365
52.34615 4.864239
52.309895 4.7613826
52.37569 4.907863
52.21568 4.935007
52.34648 4.946541
52.360603 4.931379
52.388004 4.638376
52.37053 4.89317
52.343624 5.1524806
52.40047 4.6273546
52.35552 4.903367
52.365997 4.897156
52.400436 4.84257
52.3822 4.902987
52.408733 4.6438
52.495377 4.7508307
52.37023 4.8909516
52.360123 4.890593
52.507866 4.848029
52.371994 4.934033
52.36422 4.882897
52.373726 4.8903217
52.295876 4.636114
52.362167 4.882647
52.38086 4.968382
52.37801 4.786206
52.373634 4.8977566
52.492832 5.074263
52.318253 4.6412163
52.36832 4.938154
52.229694 5.032727
52.368904 4.8836536
52.37354 4.892176
52.314434 4.9325395
52.37323 4.897177
52.357746 4.8915873
52.361927 4.8828287
52.35698 4.891212
52.306164 4.642972
52.35698 4.891212
52.40404 4.6471095
52.364822 4.881478
52.369583 4.889353
52.343727 4.8042746
52.342083 4.707148
52.321102 4.792591
52.36067 4.9301057
52.354877 4.646769
52.334568 4.917971
52.331497 4.6291494
52.38039 4.640149
52.21353 4.860905
52.377083 4.897392
52.29734 4.9472694
52.353905 4.8907886
52.351803 4.7908807
52.348347 4.768865
52.36363 4.882618
52.356213 4.928913
52.354973 4.893395
52.297398 4.658869
52.38086 4.968382
52.358383 4.881052
52.20903 4.887462
52.369892 4.880976
52.36373 4.881715
52.349197 4.8773932
52.509018 4.9398575
52.359142 4.883773
52.368793 4.892637
52.368843 4.887894
52.351803 4.7908807
52.43866 4.8174434
52.357014 4.874725
52.386288 4.8735056
52.366394 4.8970003
52.384487 4.63604
52.357746 4.8915873
52.394005 4.879438
52.336014 5.066874
52.36414 4.8552375
52.499672 4.823659
52.37123 4.6501164
52.358044 4.86763
52.355923 4.875824
52.373154 4.8773
52.3716 4.88433
52.32905 5.145204
52.48724 4.94931
52.301533 5.0489144
52.36053 4.867716
52.380917 4.638101
52.433987 4.6259446
52.358273 4.891675
52.37965 4.6363196
52.38436 4.900782
52.309055 4.761801
52.36363 4.882618
52.375565 4.8993692
52.391132 4.648826
52.34426 4.7911177
52.36276 4.86065
52.374817 4.899048
52.37922 4.636001
52.35539 4.7797947
52.37561 4.8974442
52.36063 4.6483345
52.380615 4.637282
52.37561 4.8974442
52.37561 4.8974442
52.369194 4.8926816
52.372334 4.900005
52.368824 4.8904505
52.306892 5.045963
52.400455 4.6345224
52.378685 4.848375
52.358383 4.881052
52.34173 4.8899393
52.340717 4.889751
52.297157 5.161099
52.368378 4.928348
52.346508 4.9176264
52.268696 4.748535
52.378204 4.8458447
52.497852 4.9512124
52.38118 4.6300077
52.361084 4.907454
52.346508 4.9176264
52.360966 4.908451
52.309814 4.8513503
52.30849 4.8104024
52.36339 4.905237
52.37816 4.882282
52.381596 4.63244
52.349552 4.825235
52.284584 5.149586
52.30932 4.7694507
52.365997 4.897156
52.378613 4.900546
52.355717 4.664183
52.427757 4.8255544
52.378685 4.885027
52.392258 4.8366866
52.351425 5.171178
52.38796 4.925858
52.372665 4.891625
52.286507 4.96005
52.36363 4.882618
52.34648 4.921713
52.297157 5.161099
52.311092 4.946384
52.351 4.795233
52.37248 4.894113
52.401787 4.645449
52.487152 5.032531
52.378162 4.899444
52.31189 4.9471307
52.386253 4.6473737
52.384945 4.6483235
52.37669 4.6416817
52.345905 4.625244
52.363487 5.188646
52.33902 4.786455
52.37302 4.892628
52.37345 4.8867393
52.37898 4.750288
52.330383 4.9556923
52.332348 5.0145936
52.309685 4.761672
52.3388 4.8733377
52.393944 4.850645
52.370384 4.894924
52.386215 4.8717403
52.303177 4.935874
52.290337 4.7873473
52.34426 4.7911177
52.373505 4.6372175
52.371746 4.636979
52.346508 4.9176264
52.277008 4.752016
52.3694 4.8937
52.30314 4.751065
52.379868 4.751881
52.29231 4.715088
52.35432 4.8061156
52.357574 4.855882
52.36063 4.6483345
52.378613 4.900546
52.297073 4.637664
52.372967 4.8803387
52.494846 4.7640452
52.36928 4.901489
52.275494 4.8201833
52.388004 4.638376
52.360847 4.9055457
52.31286 4.8491335
52.378613 4.900546
52.364872 4.89337
52.21568 4.935007
52.34761 5.1854
52.32331 4.953038
52.359856 4.879259
52.34897 4.9170856
52.30924 4.762187
52.36003 4.9265695
52.351173 4.872093
52.341515 4.964715
52.394516 4.8383074
52.381325 4.891156
52.340687 4.88931
52.36902 4.8945165
52.383617 4.635807
52.35895 4.909213
52.373245 4.752271
52.379658 4.8991976
52.37581 4.9287844
52.336285 4.8865128
52.34232 5.1327505
52.358692 4.8860083
52.37033 4.885574
52.40459 4.9219213
52.27488 4.750986
52.54656 4.9573393
52.502544 4.9612594
52.357746 4.8915873
52.36585 4.892816
52.30924 4.762187
52.38816 4.6380544
52.342052 5.1582527
52.36663 4.893752
52.366867 4.8941545
52.496593 4.935631
52.36663 4.893752
52.36687 4.8939586
52.366093 4.8932166
52.366276 4.897666
52.30924 4.762187
52.365982 4.8936796
52.367046 4.894032
52.36422 4.882897
52.502544 4.9612594
52.36369 4.8532104
52.375572 4.8670826
52.357635 4.844386
52.497852 4.9512124
52.37891 4.851416
52.309814 4.8513503
52.363754 4.8840337
52.36379 4.882677
52.35746 4.906677
52.30924 4.762187
52.502544 4.9612594
52.37742 4.803035
52.32502 4.9266214
52.307617 4.806548
52.3377 4.91695
52.37838 4.660828
52.323444 4.9527035
52.340717 4.889751
52.336937 4.8720503
52.378613 4.900546
52.314766 4.8525043
52.211655 4.882393
52.45026 4.809531
52.439987 4.823678
52.30181 4.863829
52.285763 4.780353
52.303253 4.695392
52.391285 4.6488905
52.277008 4.752016
52.303833 4.951186
52.283688 4.8314633
52.278603 4.832648
52.37047 5.181581
52.37302 4.892628
52.36363 4.882618
52.33393 4.86465
52.323532 4.936563
52.303967 5.0692463
52.449184 4.8359475
52.35355 4.83317
52.31324 5.0244637
52.21568 4.935007
52.365425 4.9110885
52.325516 4.938517
52.35109 4.8738866
52.376686 4.9222183
52.484127 4.6675305
52.302063 4.9498343
52.344135 4.9173446
52.378613 4.900546
52.360023 4.891176
52.494846 4.7640452
52.30849 4.8104024
52.500095 4.9729815
52.34897 4.9170856
52.36465 4.8623834
52.388905 4.8383527
52.277893 4.785444
52.308693 4.7637005
52.376686 4.9222183
52.382996 4.801772
52.332043 4.8914747
52.276962 4.7470593
52.383476 4.734807
52.30907 4.761908
52.348553 4.892907
52.339462 4.8933716
52.3366 4.873519
52.367615 4.854269
52.365093 4.8594546
52.368633 4.9513707
52.41842 4.888055
52.30924 4.762187
52.341515 4.964715
52.312645 4.9440446
52.359245 4.925545
52.38436 4.900782
52.392708 4.833108
52.33176 4.9179726
52.33407 5.021889
52.357746 4.8915873
52.296776 4.871192
52.284584 5.149586
52.329105 4.956397
52.378613 4.900546
52.35812 4.647907
52.242874 4.821131
52.242653 4.8212886
52.243027 4.821206
52.257477 4.795058
52.367138 4.8894267
52.309814 4.8513503
52.37067 4.891573
52.361187 4.915082
52.386665 4.643596
52.302063 4.9498343
52.386665 4.643596
52.36363 4.882618
52.369614 4.8911743
52.38666 4.6436048
52.30924 4.762187
52.36363 4.882618
52.344406 4.8365707
52.30924 4.762187
52.34588 4.916296
52.37172 4.902073
52.30924 4.762187
52.37675 4.9052596
52.514133 4.972149
52.369007 4.892205
52.388905 4.8383527
52.35471 4.855333
52.365997 4.897156
52.314766 4.8525043
52.2923 4.85477
52.449184 4.8359475
52.34588 4.916296
52.3609 4.874668
52.312115 5.050847
52.330383 4.9556923
52.404507 4.85072
52.364872 4.89337
52.337765 4.872883
52.3504 4.786471
52.30924 4.762187
52.376205 4.894999
52.346508 4.9176264
52.309715 4.762042
52.346508 4.9176264
52.369305 4.8791223
52.277008 4.752016
52.343246 4.8530602
52.366776 4.8913407
52.26963 4.753081
52.27306 4.973089
52.372192 4.887555
52.296734 4.709755
52.29231 4.715088
52.3388 4.8733377
52.286182 4.726181
52.382908 4.629
52.37281 4.875697
52.421223 4.949314
52.34583 4.855129
52.340717 4.889751
52.357746 4.8915873
52.51501 4.7941685
52.36663 4.893752
52.380287 4.633281
52.491184 4.6965375
52.207237 4.866838
52.309055 4.761801
52.378613 4.900546
52.341793 4.889366
52.346508 4.9176264
52.36157 4.888153
52.438076 4.808692
52.38731 4.6680307
52.37366 4.897864
52.438107 4.8139215
52.37854 4.8997107
52.362675 4.893501
52.36724 4.8912764
52.36363 4.882618
52.36002 4.9052453
52.278603 4.832648
52.302994 4.8594913
52.373764 4.912273
52.457024 4.815819
52.376312 4.9059
52.312317 4.943976
52.36363 4.882618
52.355995 4.870701
52.2985 4.898545
52.496593 4.935631
52.49701 4.938805
52.37255 4.893922
52.373787 4.93501
52.286507 4.96005
52.3625 4.9105453
52.30924 4.762187
52.342552 4.8120584
52.373764 4.912273
52.30924 4.762187
52.30924 4.762187
52.293007 4.6991444
52.37366 4.897864
52.30924 4.762187
52.373245 4.752271
52.378613 4.900546
52.357574 4.855882
52.30924 4.762187
52.36363 4.882618
52.42435 4.6728544
52.3366 4.873519
52.4187 4.8268294
52.38118 4.6300077
52.38118 4.6300077
52.370003 4.877819
52.400967 4.8917055
52.382 4.7840695
52.351147 4.835895
52.363842 4.834299
52.312317 4.943976
52.33728 4.8897314
52.37363 4.903291
52.378613 4.900546
52.306114 4.678777
52.293198 4.9942665
52.2963 4.989056
52.38105 4.7923565
52.45026 4.809531
52.366425 4.895435
52.36947 4.8803687
52.37191 4.92639
52.32848 4.910323
52.37429 4.9367666
52.374344 4.905044
52.301975 4.69246
52.36654 4.8978467
52.388905 4.8383527
52.382347 4.6387577
52.3625 4.9105453
52.37302 4.892628
52.362186 4.882934
52.35143 4.935923
52.361294 4.6527615
52.35489 4.8898964
52.378624 4.8408256
52.372673 4.938665
52.40047 4.6273546
52.366886 4.894039
52.300827 4.664846
52.30164 4.6643386
52.36292 4.927329
52.36654 4.894648
52.314075 4.9328213
52.368073 4.88259
52.356 4.895718
52.36228 4.91253
52.309055 4.761801
52.30861 4.761968
52.38019 4.884229
52.308434 4.7618866
52.45866 5.030794
52.372627 4.8947525
52.3625 4.9105453
52.21531 4.926049
52.378094 4.883177
52.304413 4.75384
52.356 4.895718
52.388004 4.638376
52.386288 4.8735056
52.30924 4.762187
52.311153 4.7613072
52.372265 4.8898497
52.38069 4.821195
52.43851 4.825368
52.309055 4.761801
52.372425 4.897815
52.27719 5.143623
52.38105 4.7923565
52.360897 4.906707
52.302063 4.9498343
52.35642 4.8273754
52.3625 4.9105453
52.363323 4.898443
52.30903 4.7620583
52.37529 4.630534
52.380104 4.821453
52.35988 4.885161
52.309166 4.761908
52.512875 4.9988747
52.309055 4.7619042
52.30908 4.7616506
52.381252 4.822401
52.366055 4.8932214
52.30868 4.761727
52.30924 4.762187
52.271385 4.9744873
52.372356 4.888612
52.308926 4.761879
52.260963 4.7257433
52.370506 4.853722
52.51525 4.975806
52.381256 4.8213243
52.421425 4.656701
52.490692 5.064483
52.37925 4.636869
52.35622 4.896187
52.515755 4.960595
52.373245 4.752271
52.379475 4.8867702
52.369 4.889
52.37529 4.907347
52.361626 4.887225
52.4634 4.950415
52.325905 4.868632
52.38086 4.968382
52.37339 4.8939695
52.44136 4.875655
52.37302 4.892628
52.30924 4.762187
52.36609 4.896469
52.36002 4.9052453
52.35987 4.925549
52.29483 4.9435945
52.365997 4.897156
52.36663 4.9263177
52.378147 4.8969283
52.30179 4.8636
52.497852 4.9512124
52.38398 4.8846416
52.303062 4.8616214
52.37491 4.900132
52.37854 4.8997107
52.49674 4.977728
52.367462 4.8944407
52.32236 4.8572984
52.45626 5.035857
52.314075 4.9328213
52.37082 4.9105883
52.367424 4.8718424
52.372356 4.888612
52.225727 5.0067058
52.357746 4.8915873
52.357574 4.855882
52.37281 4.875697
52.35516 4.870851
52.378613 4.900546
52.21568 4.935007
52.34588 4.916296
52.35325 4.832447
52.36363 4.882618
52.343193 4.817434
52.366776 4.8913407
52.342052 5.1582527
52.36422 4.882897
52.31858 4.9414015
52.364117 4.883276
52.22338 4.9855933
52.367775 4.892553
52.379383 4.894141
52.349197 4.8773932
52.357067 4.891007
52.357746 4.8915873
52.347965 4.939433
52.495186 4.9536004
52.304146 4.8841643
52.36363 4.882618
52.360603 4.931379
52.415558 4.9115515
52.30924 4.762187
52.439274 4.8241043
52.30924 4.762187
52.41858 4.651562
52.314075 4.9328213
52.36609 4.896469
52.356613 4.928698
52.50493 4.7791
