52.36609 4.896469
52.379158 4.894717
52.336937 4.8720503
52.377953 4.630336
52.368145 4.9042583
52.36403 4.8822856
52.37302 4.892628
52.496067 5.0682807
52.373764 4.912273
52.38436 4.900782
52.359596 4.8832726
52.359756 4.8840194
52.359753 4.883852
52.35988 4.885161
52.35876 4.868565
52.378613 4.900546
52.297424 4.89977
52.35097 4.89152
52.34556 4.7800717
52.374165 4.9123526
52.3396 4.8731318
52.354057 4.882971
52.307587 4.7652984
52.308846 4.764912
52.312645 4.9440446
52.357746 4.8915873
52.30924 4.762187
52.321213 4.873036
52.4308 4.6987014
52.388905 4.8383527
52.36186 4.882817
52.333687 4.970365
52.336857 4.871995
52.50053 4.962883
52.33288 4.8940487
52.30924 4.762187
52.38436 4.900782
52.336857 4.871995
52.3819 4.6391277
52.4308 4.6987014
52.2999 4.9423165
52.38436 4.900782
52.401497 4.891021
52.382812 4.850873
52.361897 4.89913
52.47722 4.6722364
52.37861 4.883828
52.496067 5.0682807
52.30924 4.762187
52.30507 4.705014
52.374565 4.900618
52.41364 4.657257
52.30924 4.762187
52.521465 4.9636946
52.383408 4.877567
52.334328 5.0713277
52.299686 5.0266776
52.30924 4.762187
52.341755 4.876107
52.323364 4.990879
52.38331 4.888814
52.37421 4.935007
52.34064 4.623592
52.246986 4.835759
52.312847 4.929042
52.309055 4.761801
52.321636 4.663913
52.334328 5.0713277
52.41356 4.652476
52.363743 4.8814263
52.367683 4.8904552
52.36363 4.882618
52.379566 4.880568
52.30924 4.762187
52.32171 5.0802565
52.361927 4.8828287
52.46339 4.809834
52.299576 4.944975
52.30844 4.7653413
52.379704 4.6318183
52.34944 4.924682
52.510506 4.9450417
52.33407 5.021889
52.344845 4.8040695
52.375034 4.8838243
52.2777 4.838573
52.30924 4.762187
52.378613 4.900546
52.37021 4.851197
52.37302 4.892628
52.45702 5.104352
52.46354 5.0683007
52.30903 4.7620583
52.327854 4.854919
52.327854 4.854919
52.36276 4.86065
52.314434 4.9325395
52.4187 4.8268294
52.379547 4.8975525
52.30415 4.7624445
52.377247 4.9020886
52.460175 5.037282
52.367477 4.891565
52.367477 4.891565
52.440456 4.651914
52.440456 4.651914
52.505463 4.7658777
52.30924 4.762187
52.30924 4.762187
52.378826 4.630144
52.36235 4.881757
52.434853 4.6608343
52.364017 4.8931494
52.36422 4.882897
52.36964 4.8912344
52.314434 4.9325395
52.34976 5.014615
52.309055 4.761801
52.38118 4.6300077
52.3388 4.8733377
52.400967 4.8917055
52.306805 4.638623
52.36214 4.89172
52.26415 5.0455065
52.358383 4.881052
52.342083 4.707148
52.37952 4.8946996
52.297024 4.706107
52.38074 4.63818
52.37339 4.8939695
52.375732 4.895048
52.256397 5.107072
52.425743 4.646576
52.36623 4.896276
52.36548 4.89792
52.46547 4.9587493
52.38074 4.63818
52.38074 4.63818
52.418648 4.6170583
52.38057 4.6379824
52.371315 4.8954363
52.379627 4.897564
52.494846 4.7640452
52.30924 4.762187
52.30924 4.762187
52.299576 4.944975
52.346092 4.8658705
52.30924 4.762187
52.43858 4.834091
52.372356 4.885649
52.43858 4.834091
52.372063 4.899466
52.318226 4.9058585
52.372375 4.883895
52.362247 4.883912
52.427685 4.8205886
52.50813 4.9505305
52.312645 4.9440446
52.358406 4.8000946
52.373867 4.894226
52.362247 4.883912
52.311802 4.757526
52.30924 4.762187
52.355473 4.8957396
52.360115 4.6614695
52.37483 4.901261
52.365997 4.897156
52.297344 4.658837
52.30927 4.760702
52.510506 4.9450417
52.37906 4.8944416
52.379005 4.8944855
52.379158 4.894717
52.361797 4.7308407
52.362495 4.926277
52.356525 4.899882
52.30924 4.762187
52.398327 4.93576
52.30544 4.7630296
52.305958 4.7657275
52.30537 4.766235
52.341633 4.8877635
52.334328 5.0713277
52.312645 4.9440446
52.48476 4.7490044
52.312645 4.9440446
52.312645 4.9440446
52.30924 4.762187
52.340717 4.889751
52.361126 4.8868384
52.378613 4.900546
52.376175 4.925308
52.379063 4.893948
52.381317 4.885421
52.38436 4.900782
52.358383 4.881052
52.37742 4.631295
52.428104 4.819615
52.364174 4.8591757
52.421097 4.826637
52.371723 4.914837
52.371723 4.914837
52.34897 4.9170856
52.373764 4.912273
52.428104 4.819615
52.39052 4.6377726
52.37302 4.892628
52.400967 4.8917055
52.379395 4.8938227
52.380005 4.900125
52.30844 4.7653413
52.36462 4.8835516
52.35674 4.9524765
52.36462 4.8835516
52.367172 4.890624
52.367256 4.898837
52.37366 4.897864
52.35985 4.8769426
52.386215 4.8717403
52.378613 4.900546
52.34064 4.623592
52.33388 4.6317782
52.375732 4.895048
52.373234 4.879047
52.391277 4.6493654
52.331326 4.6294284
52.492832 5.074263
52.363415 4.8835516
52.364506 4.88099
52.36363 4.882618
52.389946 4.6267133
52.371178 4.912211
52.376694 4.896382
52.368458 4.900532
52.47298 4.847041
52.358578 4.87898
52.36422 4.882897
52.28856 4.850464
52.254154 5.033999
52.48693 4.9590263
52.312256 4.945607
52.366886 4.894039
52.371334 4.6402135
52.371944 4.638808
52.38436 4.900782
52.378613 4.900546
52.38069 4.646744
52.385265 4.64764
52.386253 4.6473737
52.358044 4.86763
52.38436 4.900782
52.486687 4.962561
52.30924 4.762187
52.388004 4.638376
52.440735 4.638969
52.441654 4.6359415
52.306328 5.0398493
52.386288 4.8735056
52.268696 4.748535
52.33859 4.978621
52.36363 4.882618
52.373867 4.894226
52.36363 4.882618
52.358044 4.86763
52.50053 4.962883
52.371204 4.898149
52.364098 4.8814487
52.360115 4.6614695
52.302097 5.0357265
52.35919 4.926108
52.427483 4.820845
52.31324 5.0244637
52.36422 4.882897
52.291122 5.1166763
52.367584 4.899065
52.383476 4.734807
52.32608 5.1395845
52.38436 4.900782
52.38479 4.6705465
52.264347 4.7065797
52.339245 4.8586435
52.431396 4.8219147
52.361492 4.899291
52.357124 4.8923182
52.305138 4.93298
52.33233 4.629557
52.324226 4.6535707
52.376205 4.894999
52.428795 4.824228
52.348366 4.917521
52.379726 4.9002028
52.363415 4.8835516
52.377773 4.900879
52.510185 5.044425
52.36363 4.882618
52.30924 4.762187
52.374775 4.891622
52.30097 5.0621047
52.295876 4.636114
52.302063 4.9498343
52.30873 4.8776608
52.428104 4.819615
52.38182 4.629514
52.37606 4.8972263
52.37366 4.897864
52.30934 4.765322
52.486687 4.962561
52.30924 4.762187
52.382942 4.889517
52.316307 4.956573
52.311153 4.7613072
52.36663 4.893752
52.381367 4.884738
52.36109 4.865554
52.36109 4.865554
52.336937 4.8720503
52.36363 4.882618
52.35346 4.832451
52.375137 4.894114
52.382378 4.893229
52.34122 5.132967
52.295784 4.752835
52.372334 4.900005
52.377983 4.8998594
52.30924 4.762187
52.292618 4.946833
52.365997 4.897156
52.36663 4.9263177
52.368214 4.9706583
52.29394 4.994422
52.36363 4.882618
52.35987 4.925549
52.49668 4.9383974
52.36479 4.9177275
52.378613 4.900546
52.361042 4.872321
52.36663 4.893752
52.36363 4.882618
52.495186 4.9536004
52.379673 4.655715
52.32419 5.113318
52.36661 4.63917
52.36063 4.6483345
52.364388 4.882767
52.373898 4.849332
52.44542 4.6363854
52.302063 4.9498343
52.37339 4.8939695
52.503006 4.7525954
52.358044 4.86763
52.365803 4.866683
52.341034 4.8700957
52.371746 4.636979
52.358547 4.8791265
52.36363 4.882618
52.36607 4.893412
52.37814 4.8992496
52.312256 4.945607
52.413326 4.616383
52.30924 4.762187
52.37899 4.9015803
52.403206 4.648817
52.338116 4.962446
52.24269 4.8167405
52.350483 4.6215587
52.364822 4.881478
52.318253 4.6412163
52.31189 4.9471307
52.361347 4.86767
52.358044 4.86763
52.45847 4.670863
52.378613 4.900546
52.286507 4.96005
52.378613 4.900546
52.366634 4.895906
52.367805 4.9127126
52.297398 4.658869
52.25778 4.991245
52.346508 4.9176264
52.37536 4.897292
52.35468 4.887748
52.364822 4.881478
52.30942 4.7636566
52.378296 4.897692
52.37606 4.8972263
52.37171 4.882975
52.309814 4.8513503
52.36019 4.9205446
52.30924 4.762187
52.36242 4.903997
52.361145 4.635202
52.35508 4.826725
52.297512 4.8996997
52.375034 4.8838243
52.38479 4.6705465
52.314434 4.9416947
52.36292 4.927329
52.38169 4.9083138
52.309685 4.761672
52.34574 4.8111644
52.314434 4.9416947
52.314434 4.9416947
52.387245 4.892765
52.314434 4.9416947
52.366768 4.893239
52.36664 4.6514225
52.367477 4.891565
52.415985 4.6152225
52.28908 4.8449645
52.36363 4.882618
52.314434 4.9416947
52.314434 4.9416947
52.314434 4.9416947
52.357582 4.8339415
52.380657 4.899366
52.463696 5.070662
52.429516 4.685037
52.46006 5.0369687
52.45803 5.100829
52.364807 4.8815346
52.342373 4.9247103
52.49061 5.065362
52.314434 4.9416947
52.314434 4.9416947
52.314434 4.9416947
52.314434 4.9416947
52.30924 4.762187
52.36305 4.923849
52.43914 4.8197317
52.314434 4.9416947
52.32878 4.853495
52.43866 4.8174434
52.37383 4.891491
52.358692 4.8860083
52.380306 4.633597
52.373764 4.912273
52.37864 4.631732
52.378613 4.900546
52.378613 4.900546
52.378704 4.9007177
52.378513 4.899672
52.289337 4.844284
52.368435 4.9020753
52.360603 4.931379
52.362114 4.9251895
52.346508 4.9176264
52.346584 4.9175515
52.357727 4.930372
52.344406 4.8365707
52.390934 4.607975
52.314434 4.9416947
52.277218 4.7526383
52.31189 4.9471307
52.314434 4.9416947
52.312714 4.9447947
52.314434 4.9416947
52.314434 4.9416947
52.410614 4.8933578
52.378613 4.900546
52.312256 4.945607
52.314434 4.9416947
52.314434 4.9416947
52.242874 4.821131
52.314434 4.9416947
52.356365 4.879314
52.3701 4.88691
52.314434 4.9416947
52.314434 4.9416947
52.30924 4.762187
52.402504 4.618582
52.36208 4.887929
52.297024 4.706107
52.314434 4.9416947
52.36422 4.882897
52.410076 4.751164
52.369 4.889
52.345505 4.81133
52.30924 4.762187
52.389088 4.8374133
52.31302 4.7655063
52.388905 4.8383527
52.45702 5.104352
52.359753 4.883852
52.484127 4.6675305
52.352917 4.93216
52.377552 4.9903893
52.37428 4.901244
52.378613 4.900546
52.314434 4.9416947
52.36872 4.889201
52.345505 4.81133
52.35948 4.93976
52.386574 4.8779726
52.343193 4.817434
52.31279 5.04302
52.410313 4.612683
52.34584 4.884378
52.37251 4.894219
52.306824 4.9835014
52.297398 4.658869
52.389095 4.919427
52.48356 5.084951
52.39236 4.9190345
52.30924 4.762187
52.378613 4.900546
52.280922 4.6743093
52.29084 4.6925545
52.48175 5.07666
52.293007 4.6991444
52.494534 4.967982
52.371746 4.636979
52.37047 5.181581
52.366955 4.9136753
52.30924 4.762187
52.314434 4.9416947
52.438107 4.8139215
52.364807 4.8815346
52.37746 4.9886727
52.380142 4.892204
52.400436 4.84257
52.395756 4.635456
52.363644 4.939691
52.388004 4.638376
52.366966 4.8888187
52.364933 4.8842382
52.36509 4.884308
52.391277 4.6493654
52.363415 4.8835516
52.363842 4.834299
52.339474 4.613603
52.364807 4.8815346
52.374207 4.9002194
52.38086 4.968382
52.34373 4.8916197
52.338238 4.6387773
52.38895 4.8379006
52.357582 4.8339415
52.35724 4.8340287
52.35617 4.833014
52.35449 4.834096
52.30863 4.7651253
52.350273 4.832989
52.345257 4.835701
52.34976 5.014615
52.34008 4.8239684
52.340572 4.829903
52.399597 4.896709
52.30924 4.762187
52.367626 4.9049344
52.369614 4.8911743
52.367462 4.8888087
52.36479 4.9177275
52.366955 4.9136753
52.38182 4.629514
52.444458 4.8373346
52.30924 4.762187
52.294823 4.976035
52.396698 4.788065
52.36663 4.893752
52.461807 4.643607
52.36363 4.882618
52.374245 4.884624
52.289253 4.853222
52.362156 4.8973317
52.47273 4.797425
52.492832 5.074263
52.371723 4.914837
52.35464 4.953194
52.30924 4.762187
52.334328 5.0713277
52.36259 4.645179
52.299686 5.0266776
52.314434 4.9416947
52.308434 4.7618866
52.38294 4.8779016
52.3756 4.9004946
52.292862 4.947195
52.364017 4.8931494
52.36467 4.658492
52.308952 4.7612896
52.30861 4.761968
52.373764 4.912273
52.346508 4.9176264
52.346584 4.9175515
52.378613 4.900546
52.363743 4.8814263
52.378704 4.9007177
52.43859 4.817505
52.41467 4.6309447
52.38436 4.900782
52.462658 4.897869
52.370487 4.757244
52.38105 4.7923565
52.434166 4.660008
52.36221 4.873112
52.370384 4.894924
52.394005 4.879438
52.32608 5.1395845
52.37421 4.8923373
52.344395 4.860012
52.45702 5.104352
52.37906 4.8944416
52.379005 4.8944855
52.365326 4.935935
52.352898 4.6332293
52.463387 4.9503684
52.269135 4.7518997
52.358383 4.881052
52.496395 4.9382687
52.272594 4.9772844
52.50945 4.945579
52.486687 4.962561
52.394524 4.6419168
52.39711 4.6431804
52.352894 4.881259
52.460403 5.035279
52.30924 4.762187
52.378826 4.894729
52.379005 4.894901
52.358044 4.86763
52.497852 4.9512124
52.371696 4.972708
52.488987 5.0640535
52.36414 4.8552375
52.34663 4.9199543
52.38449 4.8511915
52.36242 4.903997
52.364132 4.898226
52.38034 4.940157
52.383476 4.734807
52.500607 4.964427
52.311153 4.7613072
52.36585 4.881775
52.30924 4.762187
52.37713 4.6299057
52.37865 4.8967266
52.30924 4.762187
52.36646 4.8966403
52.379158 4.894717
52.365845 4.8974185
52.356586 4.878283
52.361485 4.891999
52.309055 4.7619042
52.30907 4.761908
52.311153 4.7613072
52.30907 4.761908
52.376396 4.8821034
52.30903 4.7620583
52.30868 4.761727
52.350033 4.646553
52.307644 4.7704234
52.371857 4.887476
52.379375 4.898885
52.378613 4.900546
52.35508 4.826725
52.35199 4.911293
52.38916 4.611093
52.283688 4.8314633
52.289326 4.668299
52.360146 4.6550813
52.381325 4.891156
52.50498 5.0836663
52.365433 4.902818
52.32978 5.0671034
52.404003 4.636028
52.353523 4.915521
52.302887 4.968412
52.366768 4.893239
52.40007 4.841618
52.391212 4.8564506
52.3785 4.8962655
52.30959 4.7722497
52.29928 5.039308
52.380005 4.900125
52.305077 4.766744
52.373585 4.892725
52.380936 4.8541145
52.317223 4.6674485
52.389595 4.78166
52.38455 4.865034
52.37569 4.907863
52.37366 4.897864
52.337215 4.9202013
52.300053 4.94505
52.37366 4.897864
52.38697 4.8700194
52.30924 4.762187
52.302097 5.0357265
52.513138 4.9563575
52.321697 4.801866
52.31279 5.04302
52.359 4.8842316
52.37043 4.912289
52.337215 4.9202013
52.309376 4.947158
52.378613 4.900546
52.29923 4.849494
52.38998 4.8378763
52.355316 4.861953
52.35126 4.871768
52.36609 4.896469
52.278603 4.832648
52.377968 4.878725
52.365437 4.885462
52.31389 5.0269313
52.362156 4.8756523
52.346508 4.9176264
52.393204 4.849225
52.3463 4.8344564
52.300003 4.955349
52.3773 4.920416
52.39976 4.844875
52.383694 4.629307
52.316307 4.956573
52.277218 4.7526383
52.39617 4.800768
52.37302 4.892628
52.358597 4.878925
52.371407 4.89427
52.289825 4.8405194
52.36271 5.183421
52.310715 4.763676
52.468197 4.663578
52.546608 4.9574304
52.304142 4.762691
52.54656 4.9573393
52.29503 4.94371
52.404182 4.627497
52.36568 4.890976
52.3544 4.897928
52.392838 4.872265
52.307587 4.7652984
52.39594 4.870019
52.368797 4.887959
52.220215 4.933462
52.201336 4.898384
52.30924 4.762187
52.390938 4.607241
52.309814 4.8513503
52.376556 4.905753
52.285942 4.810271
52.392708 4.833108
52.30924 4.762187
52.391212 4.8564506
52.37366 4.897864
52.30924 4.762187
52.370018 4.893272
52.378613 4.900546
52.354885 4.893229
52.365997 4.897156
52.36462 4.8835516
52.347828 4.9540668
52.39311 4.8864055
52.48724 4.94931
52.36733 4.871988
52.367344 4.872061
52.278603 4.832648
52.36363 4.882618
52.288197 4.8534193
52.36363 4.882618
52.363483 4.882385
52.363068 4.8818455
52.37123 4.6501164
52.30314 4.751065
52.277008 4.752016
52.35724 4.8747416
52.323643 4.936509
52.30924 4.762187
52.360897 4.906707
52.334213 4.8694754
52.36422 4.882897
52.35226 4.891191
52.342052 5.1582527
52.36363 4.882618
52.34426 4.7911177
52.37021 4.8501697
52.371 4.900555
52.382 4.7840695
52.350033 4.646553
52.2597 4.687042
52.36276 4.86065
52.299545 4.912528
52.38105 4.7923565
52.30924 4.762187
52.346344 4.946633
52.372265 4.8888836
52.36912 4.6473403
52.380405 4.847863
52.378613 4.900546
52.364597 4.883595
52.36462 4.8835516
52.363873 4.882447
52.345562 4.7636
52.342876 4.7739553
52.34118 4.7681966
52.293198 4.9942665
52.379868 4.751881
52.46547 4.9587493
52.376816 4.9050345
52.25778 4.991245
52.500095 4.9729815
52.364044 4.8829722
52.30924 4.762187
52.37591 4.894571
52.366978 4.8932505
52.357685 4.901626
52.311363 4.9871492
52.375416 4.8460436
52.36509 4.884308
52.371315 4.8954363
52.37669 4.6416817
52.40282 5.1742835
52.36422 4.882897
52.30924 4.762187
52.358276 4.654991
52.386253 4.6473737
52.309227 4.7621226
52.439598 4.819814
52.268696 4.748535
52.402782 4.656549
52.36663 4.893752
52.30924 4.762187
52.29883 5.153152
52.378613 4.900546
52.433483 4.6612287
52.30924 4.762187
52.318104 4.8753715
52.30924 4.762187
52.386013 4.8731766
52.376293 4.900592
52.349976 4.9185815
52.364735 4.8839765
52.421555 4.8844852
52.452778 4.827456
52.334763 4.709401
52.373093 4.753958
52.36073 4.904859
52.372696 4.900385
52.33737 4.816841
52.351173 4.872093
52.363644 4.939691
52.375687 4.8965087
52.309692 4.7727013
52.36947 4.8803687
52.30924 4.762187
52.33728 4.8897314
52.349213 4.857117
52.334274 4.956223
52.36492 4.88336
52.378613 4.900546
52.378513 4.899672
52.306377 5.0357585
52.50945 4.945579
52.30924 4.762187
52.486687 4.962561
52.362682 4.8848176
52.372696 4.900385
52.49284 4.95389
52.372658 4.900369
52.382042 4.9027777
52.372658 4.900369
52.371727 4.6085267
52.372658 4.900369
52.382904 4.6365495
52.37015 4.8824134
52.364506 4.88099
52.351 4.795233
52.36242 4.903997
52.380604 4.6383805
52.378613 4.900546
52.43866 4.8174434
52.366955 4.9136753
52.30924 4.762187
52.37031 4.8865557
52.30924 4.762187
52.38099 4.890335
52.292366 4.92754
52.31279 5.04302
52.376694 4.896382
52.36985 4.88932
52.286507 4.96005
52.38436 4.900782
52.374184 4.8908286
52.497852 4.9512124
52.31189 4.9471307
52.31189 4.9471307
52.352043 4.8562613
52.30924 4.762187
52.378124 4.878663
52.367657 4.871355
52.342083 4.707148
52.309227 4.7621226
52.35452 4.87222
52.374863 4.895882
52.373768 4.89931
52.314434 4.9416947
52.354305 4.8072047
52.313343 4.940397
52.31189 4.9471307
52.31369 4.939912
52.30924 4.762187
52.35657 4.897166
52.31369 4.939912
52.37302 4.892628
52.365433 4.902818
52.348366 4.917521
52.451508 5.0363135
52.375687 4.8965087
52.373375 4.894174
52.32515 4.868248
52.312256 4.945607
52.391277 4.6493654
52.383476 4.734807
52.316532 4.939642
52.365513 4.890643
52.38148 4.629969
52.381546 4.6301208
52.38155 4.6297655
52.316578 4.945372
52.378513 4.8997173
52.373634 4.8977566
52.388916 4.8379436
52.37263 4.8979926
52.31287 4.942786
52.31269 4.9448133
52.37367 4.899337
52.371746 4.636979
52.372963 4.9003444
52.52748 4.92831
52.368042 4.9163656
52.370342 4.88905
52.37366 4.897864
52.316532 4.939642
52.31287 4.942786
52.375362 4.897177
52.38616 4.8727045
52.500095 4.9729815
52.374863 4.895882
52.371098 4.879629
52.30924 4.762187
52.369225 4.654136
52.37366 4.897864
52.5023 4.7976265
52.30924 4.762187
52.300053 4.94505
52.38616 4.8727045
52.37592 4.92611
52.314434 4.9416947
52.328804 4.8519244
52.370625 4.9284577
52.316307 4.956573
52.34423 4.859757
52.314434 4.9416947
52.353374 5.0058184
52.296154 5.159394
52.378613 4.900546
52.314434 4.9416947
52.312626 4.945221
52.355003 4.874053
52.377422 4.859705
52.30924 4.762187
52.314434 4.9416947
52.30924 4.762187
52.46309 4.9520984
52.37366 4.897864
52.368443 4.887928
52.37581 4.9287844
52.314434 4.9416947
52.314434 4.9416947
52.314434 4.9416947
52.3402 4.6158156
52.4634 4.950415
52.360115 4.9256296
52.37302 4.892628
52.30924 4.762187
52.366344 4.9136276
52.307095 5.0429845
52.362022 4.891457
52.30924 4.762187
52.38252 4.903539
52.37339 4.8939695
52.31521 4.9425817
52.38479 4.6705465
52.314434 4.9416947
52.314434 4.9416947
52.36086 4.9325824
52.314434 4.9416947
52.378613 4.900546
52.378704 4.9007177
52.346508 4.9176264
52.384113 4.627677
52.384113 4.627677
52.36262 4.8798227
52.314434 4.9416947
52.314434 4.9416947
52.314434 4.9416947
52.314434 4.9416947
52.314434 4.9416947
52.314434 4.9416947
52.313854 4.941711
52.36363 4.882618
52.373596 4.8936796
52.346508 4.9176264
52.346775 4.917579
52.38107 4.890356
52.381256 4.8213243
52.365578 4.8664713
52.31287 4.942786
52.38042 4.8222256
52.314434 4.9416947
52.323643 4.936509
52.314434 4.9416947
52.32361 4.9369335
52.314434 4.9416947
52.314434 4.9416947
52.31189 4.9471307
52.312714 4.9447947
52.309685 4.761672
52.312607 4.9427824
52.314434 4.9416947
52.30924 4.762187
52.370754 4.8917274
52.30924 4.762187
52.314434 4.9416947
52.20708 4.8831654
52.3528 5.0051737
52.314434 4.9416947
52.314434 4.9416947
52.299686 5.0266776
52.30924 4.762187
52.342052 5.1582527
52.36708 4.8967237
52.28856 4.850464
52.314434 4.9416947
52.368755 4.889045
52.38001 4.639085
52.30924 4.762187
52.354424 4.7117615
52.340054 4.8223424
52.489376 4.933938
52.365997 4.897156
52.40025 4.9348717
52.339878 4.613331
52.350273 4.832989
52.375107 4.8839273
52.38142 4.6357603
52.314434 4.9416947
52.34064 4.623592
52.314434 4.9416947
52.37302 4.892628
52.314434 4.9416947
52.30924 4.762187
52.43384 4.6344495
52.314434 4.9416947
52.364155 4.8842926
52.424244 4.659045
52.39881 4.9374533
52.361626 4.887225
52.370453 4.8931084
52.36276 4.86065
52.28046 5.1424813
52.366505 4.9000535
52.38142 4.6357603
52.364735 4.8839765
52.314793 4.941331
52.372223 4.8888516
52.39806 4.938612
52.472282 4.815633
52.30844 4.7653413
52.31189 4.9471307
52.380936 4.8541145
52.38103 4.8543253
52.386574 4.8779726
52.34836 4.789169
52.323643 4.936509
52.38436 4.900782
52.312073 4.762107
52.376816 4.9050345
52.341755 4.876107
52.458992 5.10139
52.35432 4.8061156
52.35698 4.891212
52.358044 4.86763
52.34144 4.7925096
52.36663 4.9263177
52.364807 4.8815346
52.3083 5.0410604
52.38616 4.8727045
52.37885 4.896902
52.365997 4.897156
52.370384 4.894924
52.34844 4.9175177
52.314434 4.9416947
52.3625 4.9105453
52.48597 4.9504566
52.351173 4.872093
52.30844 4.765191
52.30924 4.762187
52.378418 4.895165
52.415558 4.9115515
52.356033 5.167509
52.30924 4.762187
52.294823 4.976035
52.309055 4.761801
52.30924 4.762187
52.29595 4.9755588
52.370346 4.8856573
52.362247 4.883912
52.40265 4.6350474
52.354214 4.8841095
52.293198 4.9942665
52.307285 4.7728515
52.30924 4.762187
52.37421 4.935007
52.361797 4.864395
52.50869 4.949451
52.370384 4.894924
52.43079 4.642569
52.41364 4.657257
52.314434 4.9416947
52.30924 4.762187
52.38436 4.900782
52.269264 4.7523246
52.37804 4.636053
52.38436 4.900782
52.364113 4.889336
52.311924 4.9465833
52.311924 4.9465833
52.38083 4.63678
52.326984 4.8685846
52.310593 4.763922
52.370396 4.8838453
52.37952 4.8946996
52.36663 4.893752
52.36422 4.882897
52.366768 4.893239
52.388393 4.607358
52.383476 4.734807
52.21605 4.8745394
52.36708 4.8967237
52.376022 4.9268074
52.38436 4.900782
52.37592 4.92611
52.30924 4.762187
52.494774 4.686184
52.370625 4.9284577
52.312943 4.943115
52.32085 4.8480177
52.31189 4.9471307
52.307304 4.856348
52.363174 4.879883
52.50862 4.9495335
52.3625 4.9105453
52.382244 4.887962
52.317738 4.654331
52.362247 4.883912
