52.371452 4.8392305
52.358044 4.86763
52.280945 4.875994
52.36609 4.896469
52.388905 4.635743
52.363964 4.884457
52.332714 5.0679207
52.355766 4.9004593
52.281 4.8364305
52.331978 4.89317
52.354797 4.856638
52.37366 4.897864
52.259983 4.686259
52.36363 4.882618
52.309055 4.761801
52.347786 4.9642477
52.373764 4.912273
52.376003 4.890869
52.46087 4.811379
52.309658 4.760213
52.309685 4.761672
52.24515 4.801913
52.336937 4.8720503
52.336937 4.8720503
52.42874 4.832851
52.33786 4.898132
52.38436 4.900782
52.378613 4.900546
52.309055 4.761801
52.414154 4.6440997
52.36363 4.882618
52.41336 4.68215
52.37339 4.8939695
52.254185 4.8072815
52.30924 4.762187
52.312256 4.945607
52.37339 4.8939695
52.336937 4.8720503
52.344124 5.1348333
52.432453 4.72471
52.378613 4.900546
52.347786 4.9642477
52.376312 4.9059
52.376617 4.9059696
52.351624 4.8719616
52.37675 4.9052596
52.391212 4.8564506
52.370384 4.894924
52.30777 4.9531603
52.340717 4.889751
52.309376 4.947158
52.301067 4.844468
52.33083 4.8524594
52.437027 4.8077703
52.28926 4.869014
52.37302 4.892628
52.37339 4.8939695
52.3746 4.897303
52.50432 4.9580345
52.31698 4.9793386
52.30924 4.762187
52.37569 4.888104
52.342094 4.868682
52.378613 4.900546
52.337364 4.8561378
52.36882 4.8891225
52.333527 5.144301
52.30924 4.762187
52.378613 4.900546
52.346508 4.9176264
52.30924 4.762187
52.332714 5.0679207
52.42874 4.832851
52.30415 5.146129
52.35755 5.1829233
52.369465 4.901366
52.37421 4.935007
52.208805 4.8871994
52.394005 4.879438
52.298874 4.645839
52.320557 5.1405325
52.487797 4.936061
52.358383 4.881052
52.348267 4.8841524
52.346344 4.946633
52.36928 4.901489
52.30924 4.762187
52.37359 4.89323
52.37383 4.891491
52.357048 4.8822265
52.286797 4.8491592
52.358383 4.881052
52.301445 4.8562145
52.30924 4.762187
52.35943 4.8653855
52.358383 4.881052
52.37021 4.8501697
52.358383 4.881052
52.3377 4.91695
52.31446 4.808922
52.349426 4.856697
52.30928 4.9476576
52.30408 4.7501254
52.390156 4.8917313
52.314434 4.9416947
52.33983 4.8743224
52.40526 4.888296
52.261642 5.041997
52.301067 4.844468
52.374413 4.886958
52.364506 4.88099
52.340717 4.889751
52.2647 4.762466
