52.388927 4.887294
52.37675 4.9052596
52.449184 4.8359475
52.371128 4.891938
52.36422 4.882897
52.35726 4.992549
52.378513 4.899672
52.378613 4.900546
52.38017 4.89215
52.385864 4.881485
52.36242 4.903997
52.50464 5.0721936
52.36462 4.8835516
52.30924 4.762187
52.30924 4.762187
52.378513 4.899672
52.309055 4.761801
52.36691 4.87016
52.37339 4.8939695
52.366287 4.882598
52.37029 4.892854
52.328205 4.8020554
52.4308 4.6987014
52.362247 4.883912
52.364933 4.8842382
52.36242 4.903997
52.393463 4.627392
52.393463 4.627392
52.379044 4.899291
52.369987 4.8845124
52.312954 4.7618437
52.472015 4.8000135
52.359207 4.8979177
52.369987 4.8845124
52.369987 4.8845124
52.369987 4.8845124
52.369987 4.8845124
52.376007 4.927763
52.369987 4.8845124
52.364536 4.882611
52.365513 4.8928103
52.364822 4.881478
52.36462 4.8835516
52.342445 4.8546267
52.35657 4.897166
52.351532 4.8192997
52.29603 4.899457
52.3744 4.910958
52.38436 4.900782
52.358692 4.87882
52.33737 4.816841
52.36167 4.8870106
52.387497 4.637734
52.38685 4.8689175
52.302914 4.8592033
52.34832 4.917345
52.39574 4.6256533
52.360783 4.882865
52.37349 4.885365
52.38719 4.6333475
52.510517 4.9441423
52.29886 4.653621
52.39346 4.922765
52.39346 4.922765
52.358597 4.878925
52.371243 4.89059
52.36928 4.901489
52.362217 4.873829
52.384106 4.868551
52.388004 4.638376
52.38182 4.629514
52.376816 4.9050345
52.35426 4.906607
52.369503 4.851027
52.38207 4.9202847
52.472015 4.8000135
52.363693 4.8883834
52.31219 4.9463797
52.37045 4.8954287
52.361927 4.8828287
52.377903 4.6312203
52.312256 4.945607
52.364506 4.88099
52.355137 4.928487
52.38685 4.8689175
52.370533 4.893045
52.362247 4.883912
52.33988 4.8730264
52.35283 4.856726
52.310066 4.761874
52.465023 4.81139
52.36242 4.903997
52.37457 4.63001
52.34393 4.853039
52.357067 4.891007
52.35464 4.953194
52.352867 4.894967
52.37223 4.8789263
52.36768 4.651769
52.511402 4.956572
52.36953 4.8778358
52.37107 4.882909
52.364273 4.8828864
52.364506 4.88099
52.37033 4.8936615
52.363842 4.834299
52.358013 4.992556
52.374546 4.88968
52.30924 4.762187
52.36663 4.893752
52.38377 4.880405
52.36999 4.881589
52.314075 4.9328213
52.37952 4.8946996
52.3691 4.87898
52.372063 4.899466
52.368206 4.8906894
52.301765 4.695569
52.37664 4.8821707
52.37019 4.8889484
52.374413 4.886958
52.349865 4.7858334
52.378613 4.900546
52.361687 4.882916
52.359013 4.8813324
52.348583 4.892768
52.378323 4.91282
52.383415 4.8858433
52.37366 4.897864
52.378277 4.636203
52.364807 4.8815346
