52.455135 5.037803
52.498165 4.9586616
52.33437 4.8890877
52.33378 4.9227386
52.424244 4.659045
52.336193 4.8799896
52.3388 4.8733377
52.386227 4.829833
52.371613 4.883178
52.314434 4.9325395
52.36422 4.882897
52.40118 4.6167254
52.35325 4.832447
52.30924 4.762187
52.296043 4.6638765
52.309765 4.762858
52.375416 4.8460436
52.294308 4.9679227
52.378323 4.91282
52.309814 4.8513503
52.38368 4.88883
52.296043 4.6638765
52.297344 4.658837
52.29532 4.65824
52.486687 4.962561
52.377644 4.7571287
52.497852 4.9512124
52.36415 4.884081
52.343983 4.856912
52.472904 4.6645775
52.35812 4.647907
52.376453 4.6344504
52.35325 4.832447
52.3691 4.87898
52.33079 4.852656
52.36329 4.919616
52.365284 4.8855586
52.3795 4.8999023
52.378613 4.900546
52.3778 4.885876
52.30164 4.6643386
52.391647 5.1855545
52.46087 4.8139157
52.34466 4.861293
52.378613 4.900546
52.50087 4.9931583
52.370285 4.8849354
52.36462 4.8835516
52.27519 4.6676183
52.30924 4.762187
52.366104 4.8995857
52.30924 4.762187
52.30924 4.762187
52.36349 4.9268456
52.312256 4.945607
52.363842 4.834299
52.36242 4.903997
52.36663 4.893752
52.344795 4.777963
52.449608 4.6784
52.3625 4.9105453
52.46547 4.9587493
52.30924 4.762187
52.360603 4.931379
52.378613 4.900546
52.30907 4.761908
52.364914 4.807958
52.38042 4.8222256
52.3388 4.8733377
52.312256 4.945607
52.377644 4.7571287
52.497852 4.9512124
52.378613 4.900546
52.360603 4.931379
52.394157 4.6454015
52.38182 4.629514
52.378613 4.900546
52.374393 4.974146
52.309708 4.646922
52.347 4.7512026
52.364822 4.864502
52.35922 4.914345
52.378613 4.900546
52.364506 4.88099
52.366776 4.8913407
52.440292 4.6507397
52.37582 4.884079
52.372334 4.900005
52.36373 4.881715
52.505463 4.7658777
52.3672 4.89642
52.280933 4.8555923
52.37047 5.181581
52.380054 4.8988295
52.510506 4.9450417
52.30924 4.762187
52.37356 4.637009
52.309055 4.761801
52.361057 4.916253
52.298687 4.862643
52.36241 4.8325996
52.37994 4.887539
52.391277 4.6493654
52.43851 4.825368
52.37007 4.9416537
52.35139 4.891279
52.2289 4.7447996
52.486687 4.962561
52.289253 4.853222
52.335133 4.913774
52.30924 4.762187
52.37633 4.897221
52.383476 4.734807
52.38436 4.900782
52.37034 4.885793
52.309814 4.8513503
52.339973 4.854133
52.34832 4.917345
52.37 4.8506284
52.362247 4.883912
52.371925 4.890461
52.362247 4.883912
52.364822 4.881478
52.4238 4.649553
52.425743 4.646576
52.30924 4.762187
52.41364 4.657257
52.41364 4.657257
52.428116 4.642304
52.41364 4.657257
52.410107 4.6506796
52.38685 4.8689175
52.36206 4.887361
52.362247 4.883912
52.374454 4.9039364
52.330074 5.069416
52.362247 4.883912
52.30924 4.762187
52.437496 4.860507
52.356003 4.892742
52.371925 4.890461
52.36403 4.8822856
52.361927 4.8828287
52.30924 4.762187
52.201336 4.898384
52.360603 4.931379
52.373966 4.896558
52.236824 4.8121486
52.383503 4.86374
52.30924 4.762187
52.364822 4.881478
52.30924 4.762187
52.268696 4.748535
52.366444 4.8906326
52.312515 4.939787
52.312256 4.945607
52.352196 4.891577
52.351566 4.8915553
52.357746 4.8915873
52.359505 4.8973384
52.36002 4.9052453
52.35139 4.891279
52.386692 4.636544
52.281788 4.825632
52.3648 4.881749
52.36654 4.894648
52.3648 4.881749
52.379704 4.6318183
52.30924 4.762187
52.35432 4.8061156
52.370045 4.884207
52.293007 4.6991444
52.510345 5.048993
52.376816 4.9050345
52.28248 4.706887
52.35726 4.992549
52.37302 4.892628
52.289455 4.7233005
52.366055 4.8932214
52.259983 4.686259
52.364216 4.877968
52.370285 4.8849354
52.30903 4.7620583
52.383053 4.688286
52.38118 4.820938
52.36663 4.893752
52.36422 4.882897
52.30924 4.762187
52.36422 4.882897
52.308945 4.761402
52.32158 4.7673264
52.365845 4.8974185
52.371174 4.915264
52.425743 4.646576
52.35139 4.891279
52.377537 4.8968897
52.363033 4.879678
52.36349 4.8843713
52.308914 4.765109
52.38436 4.900782
52.314434 4.9416947
52.40785 4.7706385
52.488987 5.0640535
52.364456 4.8825755
52.459118 5.03601
52.38182 4.629514
52.378613 4.900546
52.408943 4.6323833
52.502163 5.082366
52.41364 4.657257
52.301975 4.69246
52.38182 4.629514
52.378613 4.900546
52.364555 4.8837233
52.36363 4.882618
52.36483 4.880536
52.361633 4.650235
52.375565 4.900705
52.378613 4.900546
52.378613 4.900546
52.50924 4.9561496
52.364822 4.881478
52.36483 4.880536
52.371296 4.8620067
52.25873 4.688533
52.37833 4.8453393
52.37356 4.637009
52.343193 4.817434
52.309273 4.8645043
52.38182 4.629514
52.510426 4.94461
52.36349 4.9268456
52.370285 4.8849354
52.38689 4.841448
52.366768 4.893239
52.341763 4.79015
52.380882 4.85409
52.345135 5.1797185
52.296043 4.6638765
52.38398 4.8846416
52.375416 4.8460436
52.344795 4.777963
52.363842 4.834299
52.31097 4.8672223
52.376293 4.900592
52.403034 4.6554704
52.307667 4.7723794
52.34854 4.909014
52.197693 4.896641
52.37906 4.8944416
52.379158 4.894717
52.449184 4.8359475
52.497852 4.9512124
52.385887 4.873885
52.350033 4.646553
52.378613 4.900546
52.34889 4.937868
52.35919 4.926108
52.36276 4.86065
52.378613 4.900546
52.36438 4.8211274
52.376617 4.9059696
52.34504 4.9673223
52.437496 4.860507
52.255913 4.7831063
52.380928 4.8540187
52.309814 4.8513503
52.35567 4.9072948
52.30907 4.761908
52.318474 4.9368095
52.38074 4.63818
52.438354 4.8189425
52.35746 4.906677
52.300003 4.955349
52.373634 4.8977566
52.433434 4.9972773
52.388004 4.638376
52.500607 4.964427
52.362766 4.909838
52.344406 4.8365707
52.37356 4.637009
52.371746 4.636979
52.50945 4.945579
52.486687 4.962561
52.368855 4.888905
52.377644 4.7571287
52.29632 5.16138
52.355305 4.8397083
52.293198 4.9942665
52.497852 4.9512124
52.461407 4.7981696
52.38816 4.6380544
52.36718 4.8968225
52.388817 4.837964
52.35726 4.992549
52.308464 4.76635
52.33834 4.857389
52.303364 4.700279
52.39594 4.870019
52.378613 4.900546
52.380882 4.85409
52.380936 4.8541145
52.355537 4.9559765
52.36276 4.86065
52.37665 4.8991356
52.365997 4.897156
52.393204 4.849225
52.32978 5.0671034
52.46547 4.9587493
52.29923 4.849494
52.37477 4.890734
52.30924 4.762187
52.46547 4.9587493
52.50961 4.9686027
52.38042 4.8222256
52.383476 4.734807
52.366776 4.8913407
52.50945 4.945579
52.486687 4.962561
52.36585 4.89541
52.366146 4.880866
52.300003 4.955349
52.36002 4.9052453
52.34976 5.014615
52.499084 4.6997023
52.364807 4.8815346
52.380974 4.854115
52.50735 4.979642
52.3498 4.912382
52.376 4.6561866
52.376 4.6561866
52.294308 4.9679227
52.2765 4.7975564
52.3625 4.9105453
52.382145 4.85562
52.54307 4.892489
52.312115 5.050847
52.37366 4.897864
52.31427 4.751301
52.30924 4.762187
52.364117 4.883276
52.497852 4.9512124
52.36063 4.6483345
52.335564 4.848275
52.35256 4.9393134
52.493515 4.678921
52.388004 4.638376
52.36378 4.88399
52.32544 4.950864
52.307148 4.6525493
52.350536 4.898317
52.31189 4.9471307
52.376686 4.9222183
52.36276 4.86065
52.456066 4.837014
52.370018 4.893272
52.309708 4.646922
52.357574 4.855882
52.424244 4.659045
52.342167 4.890048
52.372143 4.875582
52.353477 4.855914
52.431458 4.874191
52.364933 4.88235
52.37366 4.897864
52.370018 4.893272
52.443935 4.8372674
52.364807 4.8815346
52.43113 4.812603
52.363503 4.884823
52.36003 4.9265695
52.383385 4.9173326
52.300003 4.955349
52.382812 4.850873
52.38085 4.854058
52.367294 4.895587
52.376175 4.8737254
52.374195 4.891885
52.293198 4.9942665
52.301105 4.665117
52.387886 4.6082497
52.371864 4.961772
52.339005 4.902133
52.448967 4.637786
52.360115 4.6614695
52.37378 4.8936367
52.364807 4.8815346
52.296356 4.7080708
52.33018 4.9902506
52.378613 4.900546
52.296043 4.6638765
52.30806 4.8795943
52.37267 4.900784
52.361492 4.899291
52.30924 4.762187
52.372955 4.908304
52.383476 4.734807
52.361668 4.882462
52.30863 4.810181
52.382908 4.629
52.37356 4.637009
52.371746 4.636979
52.364807 4.8815346
52.366405 4.8966594
52.36483 4.880536
52.314075 4.9328213
52.342445 4.8546267
52.378613 4.900546
52.24299 4.800567
52.36686 4.898664
52.403343 4.9611855
52.359596 4.890296
52.35108 4.854628
52.378613 4.900546
52.29923 4.849494
52.505993 4.752658
52.359596 4.890296
52.36276 4.86065
52.36003 4.9265695
52.365498 4.895525
52.355537 4.8915114
52.36422 4.882897
52.38114 4.638258
52.21568 4.935007
52.201336 4.898384
52.365498 4.895525
52.376816 4.9050345
52.38019 4.884229
52.367294 4.895587
52.38118 4.6300077
52.371727 4.6085267
52.366272 4.900202
52.37422 4.881526
52.367268 4.894523
52.38118 4.6300077
52.375874 4.900017
52.35926 4.8612
52.36212 4.89885
52.37366 4.897864
52.340717 4.889751
52.348022 4.8770385
52.30863 4.810181
52.374546 4.89202
52.37453 4.8728304
52.36483 4.880536
52.36483 4.880536
52.408943 4.6323833
52.346985 4.876897
52.36623 4.896276
52.367294 4.895587
52.378613 4.900546
52.354855 4.792954
52.381973 4.6391053
52.37838 4.883331
52.37875 4.63758
52.36214 4.89172
52.311153 4.7613072
52.382378 4.893229
52.30924 4.762187
52.34158 4.8114967
52.350273 4.832989
52.370136 4.8652444
52.382812 4.850873
52.3388 4.8733377
52.380985 4.854319
52.380863 4.853747
52.40404 4.6471095
52.357597 4.881878
52.341755 4.876107
52.37536 4.897388
52.37469 4.897307
