52.29651 4.915263
52.281 4.8517547
52.350735 4.8707833
52.507854 4.950954
52.342873 4.883985
52.363785 4.9363966
52.30924 4.762187
52.372356 4.885649
52.30466 5.038841
52.320744 4.871732
52.320744 4.871732
52.341515 4.964715
52.340717 4.889751
52.337887 4.783173
52.367653 5.190439
52.388004 4.638376
52.295685 4.8772388
52.380005 4.900125
52.30415 4.7624445
52.3498 4.912382
52.30924 4.762187
52.36462 4.8835516
52.36357 4.870809
52.358383 4.881052
52.34832 4.917345
52.389088 4.8374133
52.36661 4.8841915
52.357746 4.8915873
52.348267 4.8841524
52.340927 4.845775
52.308754 4.951873
52.363483 4.882385
52.499084 4.6997023
52.259983 4.686259
52.380207 4.639444
52.327057 4.962291
52.312798 4.9404078
52.365433 4.880206
52.34158 4.7922707
52.34144 4.7925096
52.373356 4.8625135
52.35095 5.183164
52.352753 4.903008
52.37345 4.8867393
52.403675 4.649749
52.307358 4.765243
52.358383 4.881052
52.36363 4.882618
52.259438 4.794903
52.38554 4.921714
52.28736 4.8461785
52.309017 4.761586
52.30155 4.750715
52.309017 4.761586
52.38916 4.611093
52.312252 4.9287686
52.27983 4.97517
52.356728 4.956875
52.242874 4.821131
52.242653 4.8212886
52.33399 4.9304276
52.391655 4.6651483
52.388905 4.8383527
52.300003 4.955349
52.398148 4.8372445
52.372627 4.8947525
52.372356 4.888612
52.33784 4.872075
52.306194 4.76532
52.35953 4.901781
52.375782 4.907799
52.339893 5.1317315
52.366524 4.897744
52.36363 4.882618
52.31816 4.852438
52.37529 4.907347
52.323345 4.8869386
52.370804 4.89809
52.30924 4.762187
52.329105 4.956397
52.387802 4.6332307
52.347736 4.9194913
52.508724 4.9482036
52.342564 4.7843957
52.329105 4.956397
52.30924 4.762187
52.489246 4.884263
52.372627 4.8947525
52.30924 4.762187
52.337135 4.873059
52.30529 4.766954
52.291603 4.6991873
52.29167 4.7004805
52.36422 4.882897
52.370384 4.894924
52.344162 4.8478136
52.388905 4.8383527
52.380577 4.627891
52.494404 4.952805
52.34825 4.82471
52.301975 4.69246
52.47532 4.6564574
52.338856 4.840996
52.35741 4.9100814
52.30924 4.762187
52.334515 4.859873
52.37908 4.7509356
52.376766 4.897883
52.37952 4.8946996
52.379868 4.751881
52.347538 4.8560534
52.34702 4.894993
52.378613 4.900546
52.36514 4.884677
52.351147 4.835895
52.342564 4.7843957
52.357582 4.8339415
52.362316 4.9108243
52.30587 4.836185
52.300003 4.955349
52.497852 4.9512124
52.316574 4.9324694
52.309376 4.947158
52.484585 4.6665716
52.301975 4.69246
52.32419 5.113318
52.299686 5.0266776
52.320557 5.1405325
52.320557 5.1405325
52.36609 4.896469
52.277008 4.752016
52.375782 4.907799
52.357746 4.8915873
52.365997 4.897156
52.389088 4.8374133
52.380005 4.900125
52.30924 4.762187
52.30924 4.762187
52.30924 4.762187
52.361897 4.89913
52.352547 4.889957
52.4346 4.6507573
52.453514 4.643433
52.439453 4.822048
52.378613 4.900546
52.388004 4.638376
52.40243 4.839906
52.305637 4.752727
52.374763 4.887623
52.377617 4.9013615
52.34832 4.917345
52.390083 4.8404217
52.380947 4.6389923
52.356 4.895718
52.35988 4.885161
52.296043 4.6638765
52.345554 5.0170355
52.36363 4.882618
52.377174 4.919696
52.378555 4.875399
52.30924 4.762187
52.365326 4.935935
52.365997 4.897156
52.341583 4.8679814
52.36363 4.882618
52.30924 4.762187
52.309277 4.763331
52.30924 4.762187
52.37446 4.900503
52.3765 4.622741
52.35402 5.168842
52.38433 4.870044
52.302376 4.920425
52.38064 4.8843884
52.37952 4.8946996
52.30164 4.6643386
52.30166 4.66353
52.30166 4.6629305
52.36663 4.893752
52.359 4.8842316
52.30924 4.762187
52.30924 4.762187
52.357483 4.9106436
52.301567 4.6643577
52.310314 4.765277
52.356 4.895718
52.332424 4.6290784
52.360657 4.8653975
52.45847 4.670863
52.37278 4.928353
52.49665 4.7098875
52.320744 4.871732
52.362106 4.881234
52.313457 4.768839
52.380657 4.899366
52.20014 4.896631
52.38118 4.6300077
52.291447 4.6897564
52.296856 4.888237
52.36663 4.893752
52.35432 4.8061156
52.379498 4.638296
52.35782 4.87662
52.371338 4.891996
52.301617 4.91947
52.296043 4.6638765
52.37633 4.897221
52.51786 4.985917
52.354687 4.770341
52.379765 4.8865614
52.33505 4.922243
52.36877 4.63823
52.38436 4.900782
52.387924 4.8378253
52.38436 4.900782
52.364117 4.883276
52.357727 4.930372
52.37302 4.892628
52.336937 4.8720503
52.357014 4.874725
52.370216 4.895168
52.36167 4.8870106
52.3396 4.8731318
52.338516 4.7778134
52.20424 4.872069
52.363216 4.6261787
52.3599 4.8981643
52.38439 4.858576
52.374207 4.9002194
52.334633 4.862051
52.30924 4.762187
52.358578 4.87898
52.37933 4.896001
52.380005 4.900125
52.373383 4.9384212
52.49284 4.95389
52.342445 4.8546267
52.367626 4.9049344
52.30924 4.762187
52.390934 4.6675324
52.49352 4.9519157
52.31324 5.0244637
52.340717 4.889751
52.30413 4.749243
52.38645 4.8429785
52.30924 4.762187
52.314434 4.9325395
52.36609 4.896469
52.40348 4.8890033
52.386913 4.6382475
52.3015 4.75066
52.50735 4.979642
52.301605 4.7507763
52.33243 4.965181
52.37069 4.8981404
52.340717 4.889751
52.37082 4.898046
52.346508 4.9176264
52.36991 4.9539037
52.362904 4.885136
52.35909 4.80491
52.37332 4.906606
52.292847 4.7042284
52.358597 4.878925
52.35202 5.001601
52.357258 4.891235
52.36776 4.8897047
52.292847 4.7042284
52.291256 4.984145
52.302097 5.0357265
52.500607 4.9933276
52.35744 4.930185
52.369465 4.901366
52.371864 4.961772
52.30913 4.9461775
52.362244 4.880557
52.390934 4.6675324
52.343407 4.8465586
52.366768 4.893239
52.369465 4.901366
52.292847 4.7042284
52.340885 4.829961
52.31184 4.756839
52.30924 4.762187
52.371307 4.881084
52.361927 4.8828287
52.37302 4.892628
52.35952 4.80553
52.335117 4.9191923
52.35744 4.930185
52.30924 4.762187
52.35744 4.930185
52.35744 4.930185
52.30408 4.7501254
52.37421 4.935007
52.35736 4.930544
52.35736 4.930544
52.340252 4.8747077
52.40459 4.9219213
52.307594 4.757449
52.297024 4.706107
52.326653 4.874916
52.380947 4.6389923
52.391212 4.8564506
52.368256 4.6280313
52.30924 4.762187
52.45267 4.6523314
52.318253 4.6412163
52.350388 4.8325253
52.336052 4.9305344
52.382042 4.9027777
52.38109 4.8997965
52.38436 4.900782
52.337566 4.8744535
52.37698 4.894722
52.435368 4.8163376
52.342564 4.7843957
52.365 4.884096
52.3909 4.9045343
52.384777 4.859038
52.302116 4.870306
52.30924 4.762187
52.451534 5.034609
52.366276 4.88617
52.30924 4.762187
52.380005 4.900125
52.30924 4.762187
52.357746 4.8915873
52.388172 4.638419
52.375107 4.8839273
52.334213 4.866686
52.307587 4.7652984
52.357746 4.8915873
52.336937 4.8720503
52.30164 4.6643386
52.301567 4.6643577
52.357746 4.8915873
52.294613 4.9573903
52.400967 4.8917055
52.419724 4.631381
52.303833 4.951186
52.339993 4.8887014
52.373764 4.912273
52.26963 4.753081
52.376266 4.940645
52.444458 4.8373346
52.383476 4.734807
52.358383 4.881052
52.45662 5.0321274
52.383476 4.734807
52.289825 4.8405194
52.358383 4.881052
52.38479 4.6705465
52.358597 4.878925
52.504456 4.78252
52.373734 4.8903217
52.30907 4.761908
52.37335 4.890859
52.384693 4.6699305
52.509567 4.9493318
52.390495 4.648775
52.374596 4.88396
52.371304 4.8937054
52.30924 4.762187
52.291157 4.7340775
52.215942 4.874711
52.21353 4.860905
52.473343 4.821698
52.38109 4.912734
52.311153 4.7613072
52.336937 4.8720503
52.30164 4.6643386
52.301647 4.664114
52.3526 4.8890977
52.33673 4.870767
52.293827 4.8746862
52.365997 4.897156
52.335976 4.8642254
52.379436 4.633098
52.372265 4.8898497
52.380005 4.900125
52.366955 4.9136753
52.414154 4.6440997
52.36378 4.622927
52.31474 4.6963477
52.31471 4.6999683
52.311356 4.699223
52.3783 4.8993874
52.410442 4.6343675
52.30924 4.762187
52.509243 4.94786
52.37453 4.8728304
52.40029 4.925966
52.304573 4.762148
52.357994 4.8908043
52.32236 4.8572984
52.336937 4.8720503
52.301785 4.6957283
52.328804 4.8519244
52.321613 5.08354
52.38479 4.6705465
52.36992 4.9008894
52.367905 4.8956
52.37339 4.8939695
52.439255 4.8210244
52.362484 4.8987007
52.378613 4.900546
52.313385 4.941337
