52.37952 4.8946996
52.30924 4.762187
52.37779 4.905469
52.372566 4.9003205
52.296043 4.6638765
52.30924 4.762187
52.314434 4.9325395
52.314434 4.9325395
52.302647 4.862493
52.378613 4.900546
52.472946 4.668224
52.299686 5.0266776
52.364 4.936677
52.30924 4.762187
52.39659 4.8696203
52.434273 4.6442604
52.38131 4.8893824
52.309708 4.646922
52.51298 4.946443
52.363647 4.9111853
52.23481 4.834344
52.434853 4.6608343
52.375816 4.856504
52.373837 4.8833156
52.38904 4.838515
52.36363 4.882618
52.36694 4.912172
52.388905 4.8383527
52.297897 4.9461184
52.308323 4.765234
52.382904 4.6365495
52.449184 4.8359475
52.36422 4.882897
52.373608 4.8923388
52.378613 4.900546
52.380302 4.888526
52.356365 4.879314
52.296043 4.6638765
52.297344 4.658837
52.327263 4.9311447
52.361797 4.7308407
52.375866 4.896627
52.31279 5.04302
52.37223 4.8949103
52.370285 4.8849354
52.378613 4.900546
52.386288 4.8735056
52.378613 4.900546
52.33834 4.857389
52.43858 4.834091
52.376423 4.9001384
52.36706 4.895987
52.369194 4.8926816
52.370148 4.910626
52.366405 4.8966594
52.36663 4.893752
52.378277 4.636203
52.348473 4.8851457
52.369987 4.8845124
52.372265 4.8888836
52.291973 4.854305
52.452778 4.827456
52.346325 4.952278
52.278503 4.7438974
52.373505 4.6372175
52.37356 4.637009
52.371746 4.636979
52.307423 4.7718635
52.367805 4.9127126
52.359207 4.8979177
52.367046 4.894032
52.354214 4.8841095
52.34978 4.893716
52.377373 4.887233
52.374454 4.9039364
52.359207 4.8979177
52.341034 4.8700957
52.359207 4.8979177
52.308323 4.765234
52.363842 4.834299
52.359207 4.8979177
52.364536 4.882611
52.38479 4.859048
52.362247 4.883912
52.363316 4.8835683
52.369987 4.8845124
52.309708 4.646922
52.369987 4.8845124
52.369987 4.8845124
52.357803 4.656363
52.369987 4.8845124
52.359207 4.8979177
52.38479 4.859048
52.369987 4.8845124
52.37183 4.896035
52.371727 4.6085267
52.301216 4.66369
52.359207 4.8979177
52.342506 4.795377
52.312256 4.945607
52.436207 4.6497273
52.377617 4.6421666
52.329308 4.6698356
52.33834 4.857389
52.31275 4.84907
52.217636 4.936657
52.314434 4.9325395
52.278065 4.8457847
52.426094 4.651632
52.36242 4.903997
52.346745 4.911146
52.37 4.8506284
52.449184 4.8359475
52.378613 4.900546
52.390045 4.887693
52.381058 5.183567
52.362247 4.883912
52.364323 4.841186
52.364536 4.882611
52.383476 4.734807
52.348583 4.892768
52.348473 4.8851457
52.342052 5.1582527
52.342052 5.1582527
52.382908 4.629
52.367775 4.892553
52.381615 4.62977
52.342052 5.1582527
52.342052 5.1582527
52.30924 4.762187
52.384922 4.874858
52.314434 4.9325395
52.307644 4.7704234
52.309658 4.760213
52.307423 4.7718635
52.506763 4.9533815
52.40282 5.1742835
52.376396 4.8821034
52.43661 4.856409
52.3691 4.87898
52.320744 5.140833
52.377075 4.913139
52.30924 4.762187
52.364822 4.881478
52.342052 5.1582527
52.36363 4.882618
52.38685 4.8689175
52.376175 4.8737254
52.370625 4.9284577
52.384254 4.868124
52.376686 4.9222183
52.306377 5.0357585
52.30924 4.762187
52.30924 4.762187
52.371204 4.898149
52.356365 4.879314
52.376953 4.920744
52.364506 4.88099
52.379044 4.899291
52.380615 4.637282
52.3388 4.8733377
52.371727 4.6085267
52.376568 4.921317
52.375034 4.8838243
52.3802 4.88451
52.36034 4.900995
52.236824 4.8121486
52.362247 4.883912
52.37172 4.902073
52.307304 4.856348
52.36228 4.91253
52.37594 4.89309
52.356613 4.890548
52.379498 4.638296
52.309685 4.761672
52.391052 4.6487007
52.36363 4.882618
52.373837 4.8833156
52.376205 4.894999
52.46547 4.9587493
52.36836 4.889045
52.360783 4.882865
52.38436 4.900782
52.362247 4.883912
52.366955 4.9136753
52.356365 4.879314
52.314434 4.9325395
52.314434 4.9325395
52.497852 4.9512124
52.38182 4.629514
52.35432 4.8061156
52.449936 5.036446
52.508465 4.953117
52.25873 4.688533
52.30924 4.762187
52.36242 4.903997
52.379005 4.8944855
52.361797 4.864395
52.379158 4.894717
52.375843 4.900639
52.34071 4.932334
52.354214 4.8841095
52.30924 4.762187
52.359833 4.8660154
52.308434 4.7618866
52.362766 4.909838
52.36242 4.903997
52.37689 4.881885
52.369804 4.893456
52.361042 4.872321
52.375034 4.8838243
52.346325 4.952278
52.357574 4.855882
52.335495 4.887843
52.34832 4.917345
52.30924 4.762187
52.289803 4.724255
52.365738 4.8963885
52.372463 4.876068
52.36003 4.9265695
52.348404 5.1523714
52.302063 4.9498343
52.348904 4.893739
52.434853 4.6608343
52.35711 4.9180465
52.438107 4.8139215
52.402782 4.656549
52.509766 4.9479585
52.362247 4.883912
52.37736 4.888737
52.36013 4.864862
52.373863 4.9003778
52.346325 4.952278
52.372665 4.891625
52.373898 4.849332
52.359596 4.890296
52.397038 4.624408
52.416283 4.6156793
52.36556 4.8957953
52.35145 4.9126697
52.376568 4.921317
52.356365 4.879314
52.366177 4.8985343
52.36013 4.864862
52.363457 4.881803
52.385998 4.6421957
52.444458 4.8373346
52.30924 4.762187
52.308693 4.7637005
52.38354 4.863875
52.378796 4.885484
52.379665 4.893229
52.30849 4.8104024
52.38133 4.638617
52.378765 4.849833
52.380882 4.85409
52.378548 4.8502707
52.30924 4.762187
52.37867 4.848983
52.369213 4.883794
52.3625 4.9105453
52.381405 4.6362333
52.37047 5.181581
52.26991 4.973579
52.378613 4.900546
52.35539 4.7797947
52.3624 4.891923
52.302097 5.0357265
52.355347 4.928691
52.366535 4.890217
52.30924 4.762187
52.36654 4.894648
52.379665 4.632035
52.376896 4.8820324
52.3802 4.88451
52.371925 4.890461
52.365013 4.863464
52.377117 4.633266
52.358383 4.881052
52.307644 4.7704234
52.354237 4.9128304
52.30924 4.762187
52.397038 4.624408
52.375816 4.856504
52.30907 4.761908
52.30924 4.762187
52.376686 4.9222183
52.37569 4.907863
52.314075 4.9328213
52.33298 4.7364416
52.36242 4.903997
52.377705 4.635758
52.358597 4.878925
52.38341 4.64713
52.370453 4.8931084
52.382957 4.6402473
52.3625 4.9105453
52.36242 4.903997
52.37571 4.900653
52.378082 4.886389
52.361492 4.899291
52.343983 4.856912
52.278065 4.968928
52.359985 4.863564
52.376686 4.9222183
52.308186 4.769625
52.356987 4.891047
52.30734 4.773345
52.31269 4.9448133
52.372223 4.8888516
52.30924 4.762187
52.296043 4.6638765
52.30924 4.762187
52.35725 4.891111
52.373234 4.879047
52.383408 4.877567
52.370384 4.894924
52.373505 4.900213
52.35888 4.807346
52.30924 4.762187
52.37183 4.896035
52.353123 4.931743
52.364807 4.8815346
52.373234 4.879047
52.364506 4.88099
52.363594 4.882972
52.45698 5.1046643
52.434853 4.6608343
52.379894 4.637631
52.3694 4.8937
52.36465 4.8836
52.364807 4.8815346
52.37379 4.881809
52.50612 4.9850297
52.37668 4.889649
52.364506 4.88099
52.389133 4.650492
52.37885 4.8906746
