52.37771 4.9151587
52.378613 4.900546
52.37529 4.630534
52.49739 5.072246
52.328205 4.8020554
52.4308 4.6987014
52.409233 4.9424047
52.358044 4.86763
52.370285 4.8849354
52.328205 4.8020554
52.36422 4.882897
52.37302 4.892628
52.30924 4.762187
52.29431 4.9580016
52.3648 4.881749
52.393463 4.627392
52.37972 4.6319127
52.328205 4.8020554
52.4308 4.6987014
52.328205 4.8020554
52.317772 4.958906
52.370285 4.8849354
52.409233 4.9424047
52.503975 5.0592766
52.349976 4.9185815
52.549133 4.914826
52.37252 4.9008465
52.36706 4.895987
52.382347 4.6387577
52.328205 4.8020554
52.4308 4.6987014
52.317772 4.958906
52.286507 4.96005
52.30924 4.762187
52.36609 4.896469
52.358044 4.86763
52.358044 4.86763
52.37302 4.892628
52.30924 4.762187
52.370834 4.9006414
52.358044 4.86763
52.370285 4.8849354
52.36609 4.896469
52.32419 5.113318
52.30924 4.762187
52.304333 4.7497954
52.371346 4.845244
52.321354 4.8758073
52.30924 4.762187
52.358597 4.878925
52.30924 4.762187
52.30924 4.762187
52.278065 4.8457847
52.39044 4.825087
52.363914 4.8786592
52.38697 4.8700194
52.312645 4.9440446
52.21353 4.860905
52.37972 4.6319127
52.381653 4.8734236
52.31543 4.996018
52.382347 4.6387577
52.291157 4.7340775
52.37359 4.89323
52.31695 4.9556065
52.374413 4.886958
52.309685 4.761672
52.370285 4.8849354
52.381916 4.8732543
52.309654 4.7732806
52.37281 4.875697
52.30924 4.762187
52.36609 4.896469
52.20729 4.865484
52.366444 4.8906326
52.21353 4.860905
52.30924 4.762187
52.364807 4.8815346
52.382908 4.629
52.38019 4.8208365
52.361687 4.882916
52.38131 4.6650453
52.380627 4.6376348
52.382862 4.8907585
52.37003 4.877444
52.37731 4.894154
52.373844 4.885568
52.503975 5.0592766
52.30924 4.762187
