52.408733 4.6438
52.377144 4.881951
52.37971 4.633822
52.46547 4.9587493
52.375916 4.900335
52.36376 4.883829
52.259228 5.041197
52.382233 4.9063077
52.20708 4.8831654
52.38398 4.8846416
52.357086 4.9082065
52.367138 4.8894267
52.38182 4.629514
52.36063 4.6483345
52.38368 4.9300942
52.362247 4.883912
52.3641 4.883214
52.36422 4.882897
52.312645 4.9440446
52.375366 4.8973885
52.36663 4.893752
52.36716 4.8893666
52.378513 4.899672
52.353256 4.8822427
52.433434 4.9972773
52.368855 4.8889413
52.289455 4.7233005
52.37892 4.894183
52.34976 5.014615
52.37469 4.897307
52.372395 4.894494
52.51008 4.9481626
52.457985 4.8148956
52.36422 4.882897
52.201336 4.898384
52.378323 4.91282
52.497852 4.9512124
52.36276 4.86065
52.382347 4.6387577
52.303364 4.700279
52.312256 4.945607
52.37202 4.890926
52.356903 4.8878
52.38042 4.8222256
52.507908 4.966378
52.386677 4.869504
52.37123 4.6501164
52.38155 4.6297655
52.368904 4.8836536
52.46547 4.9587493
52.36726 4.900647
52.312256 4.945607
52.34504 4.9673223
52.38105 4.7923565
52.35747 4.926745
52.362247 4.883912
52.376045 4.7966294
52.309093 5.0425916
52.375362 4.897177
52.378593 4.8458695
52.37277 4.900986
52.367294 4.895587
52.362247 4.883912
52.361145 4.635202
52.363758 4.884758
52.35592 4.7666373
52.35726 4.992549
52.378613 4.900546
52.287563 4.873929
52.377644 4.7571287
52.306824 4.9835014
52.378613 4.900546
52.360603 4.931379
52.36645 4.8955007
52.381256 4.8213243
52.38042 4.8222256
52.497852 4.9512124
52.297512 4.8996997
52.30924 4.762187
52.388004 4.638376
52.38697 4.8700194
52.312645 4.9440446
52.34373 4.8916197
52.388004 4.638376
52.364895 4.884521
52.308434 4.7618866
52.308952 4.7612896
52.36422 4.882897
52.404472 4.641123
52.365997 4.897156
52.366962 4.852679
52.361607 4.882322
52.43859 4.817505
52.439274 4.8241043
52.341034 4.8700957
52.31279 5.04302
52.46547 4.9587493
52.301975 4.69246
52.37425 4.872483
52.359 4.8842316
52.366146 4.880866
52.312645 4.9440446
52.309464 4.7567368
52.314434 4.9325395
52.357746 4.8915873
52.354877 4.646769
52.20242 4.8721585
52.38148 4.629969
52.38182 4.629514
52.37767 4.914193
52.360115 4.6614695
52.350033 4.646553
52.36466 4.882366
52.337826 4.812267
52.340054 4.8223424
52.307148 4.7558904
52.35724 4.8340287
52.379005 4.894901
52.357582 4.8339415
52.378826 4.894729
52.390083 4.8404217
52.37366 4.897864
52.365593 4.946057
52.312645 4.9440446
52.511 4.962305
52.493515 4.678921
52.372627 4.8947525
52.313576 5.037918
52.30924 4.762187
52.30861 4.761968
52.296043 4.6638765
52.301567 4.6643577
52.494846 4.7640452
52.383476 4.734807
52.370365 4.8844514
52.491867 5.0655475
52.391647 5.1855545
52.363842 4.834299
52.48885 4.9655447
52.38042 4.8222256
52.366104 4.8995857
52.36586 4.884789
52.414154 4.6440997
52.360115 4.9256296
52.361145 4.635202
52.377644 4.7571287
52.378613 4.900546
52.30924 4.762187
52.36378 4.88399
52.382908 4.629
52.31279 5.04302
52.30907 4.761908
52.488987 5.0640535
52.311153 4.7613072
52.392838 4.872265
52.289455 4.7233005
52.35449 4.834096
52.35724 4.8340287
52.370384 4.894924
52.376133 4.895419
52.31279 5.04302
52.358597 4.878925
52.367607 5.190568
52.3694 4.8937
52.37949 4.9255795
52.366768 4.893239
52.36363 4.882618
52.360115 4.9256296
52.38436 4.900782
52.301765 4.695569
52.372425 4.897815
52.357258 4.891235
52.366226 4.8618345
52.388905 4.8383527
52.357296 4.8970165
52.40423 4.6951995
52.381428 4.6354246
52.349163 4.621178
52.388905 4.8383527
52.38398 4.8846416
52.3574 4.8442197
52.312256 4.945607
52.258923 4.6893177
52.3625 4.9105453
52.36136 4.8994193
52.363705 4.903044
52.373604 4.895542
52.37366 4.897864
52.364807 4.8815346
52.380302 4.888526
52.414154 4.6440997
52.36654 4.894648
52.3664 4.8992
52.36663 4.893752
52.381035 4.8539753
52.348255 4.9173107
52.38001 4.8539157
52.380863 4.853747
52.380547 4.854185
52.38161 4.8555923
52.380913 4.854361
52.366776 4.8913407
52.358383 4.881052
52.374798 4.8767476
52.362247 4.883912
52.358356 4.8989153
52.296043 4.6638765
52.3625 4.9105453
52.374012 4.893492
52.373924 4.877286
52.376347 4.8947234
52.36462 4.8835516
52.37952 4.8946996
52.497852 4.9512124
52.360058 4.925846
52.309273 4.8645043
52.497852 4.9512124
52.382378 4.893229
52.396076 4.869523
52.3925 4.872379
52.366104 4.8995857
