52.4187 4.8268294
52.363483 4.882385
52.366608 4.897601
52.42959 4.6850038
52.354427 4.882482
52.341084 4.962748
52.365326 4.935935
52.385315 4.851746
52.300545 4.845924
52.382347 4.6387577
52.324272 4.653702
52.313843 5.042865
52.355305 4.8397083
52.30924 4.762187
52.309105 4.9304876
52.336117 4.8894653
52.329254 4.785297
52.309105 4.943825
52.378613 4.900546
52.30013 4.8687606
52.405712 4.809237
52.379612 4.871863
52.42959 4.6850038
52.337566 4.8744535
52.365063 4.935739
52.314304 4.863124
52.358044 4.86763
52.36455 4.87115
52.378613 4.900546
52.288937 4.8396277
52.303978 4.7535825
52.358383 4.881052
52.302628 4.756985
52.304604 4.754175
52.511402 4.956572
52.382927 4.630545
52.303993 4.761837
52.331974 4.887099
52.45847 4.670863
52.511723 4.9586196
52.376263 4.891453
52.34135 4.869908
52.51356 4.992981
52.51644 4.9937434
52.371944 4.638808
52.371334 4.6402135
52.34022 4.873933
52.370163 4.6537657
52.347736 4.9194913
52.376686 4.9222183
52.373573 4.8930063
52.373573 4.893787
52.310028 4.947011
52.301975 4.692437
52.392517 4.8481216
52.363644 4.939691
52.301853 4.6933575
52.31695 5.0206738
52.294445 4.958254
52.28593 4.913383
52.36167 4.8870106
52.303066 4.762838
52.369164 4.6138816
52.310028 4.9504566
52.364098 4.8814487
52.38078 4.628341
52.378613 4.900546
52.34959 4.874019
52.349987 4.911498
52.306805 4.638623
52.363316 4.8835683
52.277218 4.7526383
52.416145 4.826007
52.385315 4.851746
52.342026 4.9646525
52.302097 5.0357265
52.378613 4.900546
52.3377 4.91695
52.368042 4.9163656
52.37172 4.902073
52.301975 4.69246
52.361042 4.872321
52.364853 4.8626256
52.357803 4.656363
52.347736 4.9194913
52.337135 4.873059
52.356 4.895718
52.27887 4.750246
52.38584 4.848029
52.37487 4.895569
52.334213 4.866686
52.334213 4.866686
52.4187 4.8268294
52.30924 4.762187
52.307384 4.9472294
52.344902 4.917378
52.36517 4.864078
52.380043 4.891987
52.35293 4.882982
52.41771 4.826691
52.40137 4.891188
52.29928 5.039308
52.342564 4.7843957
52.36363 4.882618
52.301987 4.692631
52.34725 4.8560805
52.353645 4.8417945
52.280518 4.9650407
52.356495 5.184295
52.384735 4.638047
52.385616 4.835697
52.373486 4.8182783
52.30924 4.762187
52.371407 4.89427
52.376003 4.890869
52.372307 4.651104
52.294964 4.683051
52.30836 4.7652435
52.371334 4.6402135
52.37032 4.659221
52.308464 4.76635
52.347 4.7512026
52.337566 4.8744535
52.51974 4.9900784
52.51974 4.9900784
52.368286 4.9342694
52.35441 4.929313
52.35476 4.889155
52.314434 4.9416947
52.391212 4.8564506
52.34022 4.873933
52.327164 4.962555
52.342564 4.7843957
52.513634 5.0439897
52.295467 4.6996527
52.511402 4.956572
52.357067 4.839987
52.340885 4.829961
52.451412 4.819558
52.357582 4.8339415
52.310028 4.9504566
52.30924 4.762187
52.3388 4.8733377
52.314434 4.9416947
52.364017 4.8931494
52.368042 4.9163656
52.307327 4.9479265
52.387802 4.6332307
52.4187 4.8268294
52.357746 4.8915873
52.36899 4.9338675
52.308952 4.7612896
52.36902 4.8945165
52.304413 4.75384
52.35988 4.885161
52.338223 4.857384
52.34588 4.916296
52.358383 4.881052
52.31252 4.944277
52.34832 4.917345
52.357567 4.876509
52.314796 4.935181
52.309685 4.761672
52.354786 4.8407364
52.358383 4.881052
52.34832 4.917345
52.378613 4.900546
52.342564 4.7843957
52.323643 4.936509
52.392532 4.8294353
52.49286 5.074369
52.382545 4.92201
52.36568 4.890976
52.391212 4.8564506
52.246918 4.83578
52.35994 4.909446
52.259777 4.787507
52.408344 4.829356
52.494774 4.686184
52.386288 4.8735056
52.382942 4.889517
52.30924 4.762187
52.351093 4.87905
52.30924 4.762187
52.384235 4.9295287
52.363316 4.9300556
52.406788 4.801755
52.35726 4.992549
52.29767 4.911097
52.26062 4.787442
52.312714 4.9447947
52.294613 4.9573903
52.37797 4.9153414
52.34054 4.6159544
52.319263 4.866989
52.305634 4.9509616
52.309685 4.761672
52.358044 4.86763
52.30408 4.7501254
52.391655 4.6651483
52.344135 4.9173446
52.377445 4.9074984
52.34959 4.874019
52.348362 4.9156876
52.373993 4.89421
52.35343 4.895101
52.360947 4.8935623
52.368042 4.9163656
52.344357 4.893079
52.378513 4.899672
52.30924 4.762187
52.42939 4.638158
52.20662 4.871986
52.373486 4.8182783
52.306805 4.638623
52.36722 4.903761
52.345776 4.884753
52.345776 4.884753
52.366962 4.852679
52.370167 4.896691
52.38766 4.659864
52.35895 4.909213
52.376686 4.9222183
52.360867 4.9065433
52.351803 4.7908807
52.51395 5.040016
52.30924 4.762187
52.36742 4.8943896
52.284584 5.149586
52.30924 4.762187
52.392254 4.6260166
52.34832 4.917345
52.346508 4.9176264
52.308113 4.944577
52.34588 4.916296
52.43155 4.8715463
52.34588 4.916296
52.257343 4.7919464
52.30408 4.7501254
52.378513 4.899672
52.36208 4.887929
52.35209 4.865195
52.307053 4.769201
52.376686 4.9222183
52.308952 4.7612896
52.306824 4.9835014
52.390053 4.905224
52.414776 4.8642826
52.49581 4.938322
52.30924 4.762187
52.36722 4.903761
52.3089 4.7614574
52.38584 4.848029
52.371944 4.638808
52.371334 4.6402135
52.276962 4.7470593
52.372562 4.629772
52.363483 4.882385
52.258575 4.685433
52.370163 4.6537657
52.43219 4.8144445
52.34825 4.82471
52.290516 4.7212
52.392612 4.820536
52.328266 4.7330456
52.35888 4.807346
52.2923 4.85477
52.388905 4.8383527
52.419724 4.631381
52.30924 4.762187
52.32544 4.950864
52.376312 4.9059
52.30924 4.762187
52.51299 4.960085
52.348347 4.857616
52.33372 4.8886333
52.346508 4.9176264
52.388096 4.821274
52.436348 4.915201
52.30785 5.142803
52.303825 4.69344
52.378613 4.900546
52.486687 4.962561
52.380524 4.8993874
52.36363 4.882618
52.349987 4.911498
52.30408 4.7501254
52.378613 4.900546
52.28055 4.838935
52.357456 4.930698
52.36265 4.88567
52.382957 4.671632
52.359394 4.878161
52.364536 4.8924947
52.374454 4.9039364
52.31189 4.9471307
52.30751 4.759012
52.387806 4.838472
52.36276 4.86065
52.343384 4.8465533
52.35698 4.8915663
52.36002 4.9052453
52.410313 4.847445
52.337498 4.85651
52.289066 4.840178
52.33706 4.9287434
52.30924 4.762187
52.29166 4.7013216
52.357132 4.874527
52.334213 4.866686
52.372627 4.8947525
52.34588 4.916296
52.37125 4.927411
52.31534 4.927597
52.37358 4.887872
52.294556 4.768647
52.296856 4.888237
52.390053 4.905224
52.377747 4.9161243
52.376686 4.9222183
52.291256 4.984145
52.350796 4.841223
52.37444 4.891335
52.377983 4.8998594
52.30415 4.8710203
52.388016 4.8426533
52.497704 4.7568197
52.325512 4.930141
52.30924 4.762187
52.30873 4.763207
52.336758 4.77815
52.309097 4.947598
52.43567 4.6770678
52.363415 4.8835516
52.353893 4.9304814
52.37569 4.888104
52.29503 4.94371
52.34588 4.916296
52.376625 4.922054
52.34063 4.9192023
52.309265 4.7603483
52.331573 4.857295
52.30924 4.762187
52.201878 4.88527
52.376625 4.922054
52.303833 4.951186
52.37069 4.8981404
52.48724 4.94931
52.378613 4.900546
52.37082 4.898046
52.361195 4.8994327
52.2923 4.85477
52.304146 4.8841643
52.450054 5.0365825
52.36333 4.892177
52.306805 4.638623
52.30924 4.762187
52.51144 4.7796516
52.30924 4.762187
52.372627 4.8947525
52.380043 4.891987
52.323925 4.8660097
52.304558 4.7618933
52.36568 4.890976
52.337135 4.873059
52.367775 4.892553
52.379414 4.874276
52.288235 4.8397217
52.358044 4.86763
52.30907 4.761908
52.358578 4.87898
52.30924 4.762187
52.36567 4.8856115
52.347717 5.184978
52.343193 4.817434
52.288937 4.8396277
52.334328 5.0713277
52.43443 4.652612
52.43443 4.652612
52.31389 5.0269313
52.343407 4.8465586
52.36292 4.927329
52.30408 4.7501254
52.366962 4.852679
52.343548 4.8463225
52.353832 4.8411098
52.36116 4.665672
52.380947 4.6389923
52.33332 4.8651857
52.30924 4.762187
52.368042 4.9163656
52.387753 4.638527
52.373764 4.912273
52.35115 4.864902
52.38731 4.6377864
52.292847 4.7042284
52.380974 4.854115
52.380936 4.8541145
52.38084 4.8540854
52.380985 4.854319
52.346508 4.9176264
52.387405 4.638513
52.46363 4.7706256
52.307957 4.9330487
52.307644 4.7704234
52.388004 4.638376
52.378613 4.900546
52.303825 4.69344
52.31389 5.0269313
52.364117 4.883276
52.279446 4.763719
52.509987 4.9587436
52.36462 4.8835516
52.511723 4.9586196
52.30942 4.7636566
52.305138 4.93298
52.364277 4.933502
52.292103 4.720516
52.34014 4.917523
52.339893 5.1317315
52.30924 4.762187
52.344772 4.8558764
52.306805 4.638623
52.306744 4.6379933
52.306744 4.6379933
52.294613 4.9573903
52.404182 4.627497
52.376698 4.6336765
52.511723 4.9586196
52.41364 4.657257
52.378613 4.900546
52.308754 4.951873
52.37033 4.8936615
52.43387 4.6512957
52.496593 4.935631
52.341755 4.876107
52.363216 4.6261787
52.457024 4.815819
52.357597 4.881878
52.36994 4.836476
52.30924 4.762187
52.50086 5.0539823
52.49411 5.069598
52.348362 4.9156876
52.346508 4.9176264
52.358383 4.881052
52.307957 4.9330487
52.38816 4.6380544
52.38895 4.8379006
52.461143 4.645222
52.38905 4.838426
52.38032 4.632584
52.388767 4.8381376
52.38876 4.838081
52.390083 4.8404217
52.378036 4.8441124
52.3128 4.9385247
52.385315 4.851746
52.303833 4.951186
52.35442 4.83348
52.30924 4.762187
52.33448 4.868788
52.350273 4.832989
52.34008 4.8239684
52.38816 4.6380544
52.32464 4.794159
52.358383 4.881052
52.517994 4.973612
52.50086 5.0539823
52.334633 4.862051
52.38812 4.8419666
52.262413 4.777571
52.314434 4.9416947
52.30924 4.762187
52.339916 4.873086
52.340717 4.889751
52.359142 4.883773
52.37125 4.927411
52.30924 4.762187
52.481113 4.6703353
52.30518 4.9457426
52.378613 4.900546
52.303257 4.945607
52.324226 4.6535707
52.341755 4.876107
52.3366 4.873519
52.378613 4.900546
52.36302 4.891963
52.285305 4.8407855
52.34156 4.827142
52.312366 5.043529
52.314434 4.9416947
52.30849 4.8104024
52.309055 4.761801
52.358383 4.881052
52.390083 4.8404217
52.290516 4.7212
52.373383 4.853311
52.30924 4.762187
52.39505 4.618478
52.359016 4.9087834
52.329105 4.956397
52.340885 4.829961
52.301975 4.69246
52.37862 4.908056
52.29595 4.9755588
52.31165 5.0434566
52.35293 4.882982
52.36551 4.8986015
52.3599 4.8981643
52.359016 4.9087834
52.294823 4.976035
52.35728 4.88048
52.30849 4.8104024
52.340717 4.889751
52.51356 4.992981
52.35988 4.885161
52.3662 4.899119
52.30849 4.8104024
52.30924 4.762187
52.377747 4.9161243
52.30729 4.947624
52.388016 4.84128
52.351425 5.171178
52.367615 4.854269
52.30924 4.762187
52.38422 4.884563
52.30924 4.762187
52.303833 4.951186
52.34923 4.854692
52.371113 4.8928013
52.3156 4.9473605
52.341755 4.876107
52.36373 4.9783382
52.378613 4.900546
52.38085 4.820981
52.34825 4.82471
52.37366 4.897864
52.33766 4.8710647
52.436485 4.8597884
52.3388 4.8733377
52.302097 5.0357265
52.31324 5.0244637
52.46006 5.0369687
52.38085 4.820981
52.424984 4.909227
52.34188 4.888922
52.334667 4.869049
52.29264 4.8546596
52.359142 4.883773
52.382206 4.887107
52.406643 4.632223
52.392708 4.833108
52.497704 4.7568197
52.310917 4.812827
52.34798 4.904556
52.370533 4.893045
52.35441 4.929313
52.356613 4.928698
52.357746 4.8915873
52.375107 4.8839273
52.35988 4.885161
52.368042 4.9163656
52.32048 4.881018
52.34008 4.8239684
52.372356 4.888612
52.30924 4.762187
52.33728 4.8897314
52.32048 4.881018
52.31695 5.0206738
52.291256 4.984145
52.358044 4.86763
52.378613 4.900546
52.374264 4.8992157
52.29826 5.042128
52.30924 4.762187
52.215942 4.874711
52.340107 4.8743315
52.513943 4.993645
52.37854 4.8997107
52.36499 4.9602146
52.382412 4.8056874
52.450054 5.0365825
52.306805 4.638623
52.36363 4.882618
52.302097 5.0357265
52.35859 4.925558
52.327274 4.96239
52.360115 4.9256296
52.360115 4.9256296
52.348415 4.917514
52.496593 4.935631
52.30924 4.762187
52.340717 4.889751
52.355534 4.898156
52.457024 4.815819
52.344902 4.917378
52.358044 4.86763
52.299686 5.0266776
52.358337 4.89911
52.30924 4.762187
52.358356 4.8989153
52.358356 4.8989153
52.422157 4.881282
52.37958 4.6311235
52.381638 4.6358337
52.451923 4.634522
52.36341 4.877662
52.309685 4.761672
52.36363 4.882618
52.30924 4.762187
52.376648 4.6312094
52.355724 4.9281015
52.376686 4.9222183
52.376686 4.9222183
52.352135 4.7990966
52.38655 4.891423
52.378727 4.761365
52.382942 4.889517
52.313957 4.7510815
52.346325 4.952278
52.388905 4.8383527
52.311172 4.760813
52.33728 4.8897314
52.328163 4.8547153
52.37127 4.8937764
52.35859 4.925558
52.360115 4.9256296
52.350273 4.832989
52.37591 4.9256945
52.24251 4.797441
52.343327 4.8899727
52.376675 4.6297503
52.363323 4.898443
52.372852 4.7526627
52.39855 4.8522825
52.35432 4.8061156
52.31279 5.04302
52.312366 5.043529
52.336937 4.8720503
52.34356 4.8866415
52.35539 4.7797947
52.379868 4.751881
52.31816 4.852438
52.397106 4.9393396
52.30924 4.762187
52.312893 4.7613773
52.38052 4.891
52.32171 5.0802565
52.31534 4.927597
52.308525 4.707019
52.343033 4.887892
52.337883 4.6240373
52.37339 4.8939695
52.50504 4.9516478
52.36797 4.8914104
52.35988 4.885161
52.308693 4.7637005
52.361305 4.9006534
52.309685 4.761672
52.28046 5.1424813
52.30924 4.762187
52.29734 4.9472694
52.39729 4.939803
52.36363 4.882618
52.308693 4.7637005
52.37335 4.890859
52.340717 4.889751
52.30907 4.761908
52.36594 4.8967323
52.335667 4.974639
52.351673 4.857247
52.397923 4.940423
52.30924 4.762187
52.388004 4.638376
52.309967 5.14596
52.30924 4.762187
52.309547 5.1450777
52.436226 4.6516843
52.30879 5.015051
52.436226 4.6516843
52.49589 4.754941
52.30924 4.762187
52.30844 4.7653413
