35.69234 139.69016
35.658367 139.70242
35.689484 139.6919
35.692066 139.69058
35.65363 139.5676
35.690556 139.70593
35.698597 139.77303
35.66249 139.69562
35.729866 139.71095
35.7115 139.77669
35.735138 139.8612
35.549927 139.55719
35.690857 139.73592
35.76244 139.83667
35.690712 139.69112
35.74836 139.80388
35.692425 139.73523
35.66319 139.73213
35.713696 139.77919
35.607536 139.66884
35.538933 139.6804
35.69164 139.69098
35.658524 139.70132
35.690804 139.70027
35.60979 139.7497
35.716167 139.78091
35.702415 139.73283
35.69409 139.82617
35.817646 139.66959
35.65163 139.54625
35.63585 139.83725
35.537815 139.68304
35.63228 139.71225
35.632465 139.7124
35.66686 139.75577
35.657185 139.69469
35.690804 139.70027
35.661106 139.66853
35.60993 139.82565
35.575466 139.7347
35.740913 139.71677
35.791878 139.64587
35.692974 139.70282
35.73002 139.7918
35.655617 139.75674
35.70462 139.61998
35.700256 139.48026
35.691257 139.69557
35.637295 139.6844
35.668224 139.60114
35.729866 139.71095
35.80236 139.71768
35.628227 139.73871
35.733208 139.6987
35.737926 139.76103
35.66696 139.75838
35.58479 139.59422
35.708847 139.73497
35.73438 139.79424
35.60009 139.61246
35.663292 139.73294
35.7367 139.79659
35.628937 139.73566
35.64768 139.71059
35.698597 139.77303
35.689507 139.69737
35.655663 139.654
35.815655 139.70436
35.737873 139.65453
35.729866 139.71095
35.679787 139.7685
35.704834 139.61778
35.586864 139.70593
35.538555 139.6808
35.62812 139.73798
35.66127 139.70465
35.656147 139.69545
35.741688 139.76164
35.71301 139.77583
35.646267 139.69818
35.766552 139.6301
35.740868 139.81206
35.58691 139.70575
35.690804 139.70027
35.692394 139.72287
35.688465 139.80623
35.607494 139.66882
35.71153 139.7926
35.784157 139.67906
35.845623 139.64697
35.68104 139.76688
35.72477 139.55658
35.76919 139.64536
35.60229 139.72086
35.67909 139.77881
35.745712 139.81908
35.56465 139.71669
35.669273 139.83762
35.61988 139.72838
35.573395 139.65843
35.574543 139.65833
35.659004 139.69533
35.67273 139.70375
35.606712 139.66905
35.62546 139.72394
35.64004 139.59874
35.790325 139.57916
35.690407 139.70029
35.695896 139.69997
35.77904 139.83025
35.706516 139.71895
35.617817 139.74945
35.763435 139.67648
35.689976 139.69824
35.681816 139.78459
35.700256 139.48026
35.67436 139.77765
35.698032 139.81357
35.643215 139.66295
35.658516 139.77643
35.6115 139.62662
35.747574 139.84018
35.688755 139.69705
35.57573 139.65965
35.696304 139.52202
35.576576 139.57384
35.712902 139.7039
35.710327 139.71245
35.6473 139.74474
35.705345 139.78188
35.64436 139.69963
35.849583 139.67097
35.662186 139.7345
35.57526 139.6573
35.72777 139.77097
35.688416 139.69705
35.64434 139.75562
35.662354 139.697
35.67237 139.73816
35.765728 139.84767
35.734573 139.49141
35.777603 139.63293
35.671238 139.61636
35.658504 139.72975
35.633896 139.5311
35.673744 139.66725
35.608555 139.67018
35.749645 139.80515
35.584877 139.58199
35.625603 139.63329
35.7777 139.6308
35.758762 139.8566
35.66183 139.60751
35.706078 139.47742
35.645733 139.74757
35.521294 139.63054
35.65787 139.69879
35.704998 139.6336
35.73617 139.65967
35.705284 139.66562
35.730267 139.74216
35.659004 139.69533
35.691013 139.68677
35.689102 139.6877
35.732937 139.70978
35.6567 139.70154
35.65694 139.70251
35.70068 139.71918
35.658524 139.70132
35.656696 139.70146
35.64501 139.67372
35.562393 139.71701
35.70884 139.66487
35.693657 139.70248
35.676334 139.78603
35.762096 139.82492
35.70873 139.66496
35.676292 139.73676
35.68535 139.77922
35.621502 139.70453
35.685432 139.77911
35.685776 139.7794
35.69472 139.81592
35.67298 139.76772
35.690804 139.70027
35.732117 139.76671
35.531326 139.6969
35.646553 139.71022
35.68379 139.65823
35.69017 139.69917
35.701088 139.74321
35.749565 139.8046
35.660892 139.71527
35.74978 139.80547
35.63368 139.71552
35.665585 139.73904
35.707104 139.78127
35.661037 139.66838
35.693913 139.70233
35.690483 139.70805
35.690483 139.70805
35.760235 139.72221
35.660892 139.71527
35.60138 139.72688
35.670204 139.74982
35.536922 139.63496
35.593792 139.60565
35.729027 139.71109
35.690804 139.70027
35.658516 139.70134
35.53119 139.6942
35.670967 139.65878
35.570015 139.71591
35.69168 139.69551
35.538345 139.6815
35.670753 139.65868
35.66047 139.70244
35.69064 139.6954
35.817646 139.66959
35.65617 139.54443
35.777332 139.7209
35.669876 139.61572
35.53694 139.63487
35.68583 139.66823
35.845436 139.64711
35.67111 139.60912
35.732353 139.88057
35.690804 139.70027
35.749645 139.80515
35.668224 139.60114
35.670094 139.75969
35.691017 139.6869
35.688717 139.69989
35.690346 139.69978
35.725525 139.76321
35.658745 139.69913
35.690804 139.70027
35.690804 139.70027
35.69213 139.69728
35.671314 139.7533
35.689777 139.7708
35.689777 139.7708
35.742496 139.78119
35.682434 139.77393
35.658524 139.70132
35.667614 139.63184
35.672 139.4798
35.71176 139.68492
35.766125 139.80922
35.579666 139.66347
35.620815 139.56972
35.52311 139.69148
35.66669 139.75813
35.733692 139.74028
35.690563 139.70857
35.70447 139.6231
35.586864 139.70593
35.666718 139.75676
35.828426 139.80347
35.659492 139.66751
35.791878 139.64587
35.729866 139.71095
35.660892 139.71527
35.56431 139.71481
35.61764 139.56662
35.679836 139.78006
35.843185 139.80074
35.67213 139.72491
35.730354 139.71056
35.672783 139.72403
35.658745 139.69913
35.69643 139.81395
35.665756 139.89449
35.57371 139.65775
35.66942 139.7651
35.832066 139.73425
35.75329 139.7097
35.798264 139.5998
35.60686 139.62288
35.698597 139.77303
35.84519 139.6457
35.65189 139.5444
35.693005 139.70155
35.65189 139.5444
35.659813 139.70035
35.655617 139.75674
35.703697 139.62251
35.669186 139.76546
35.693756 139.76137
35.77753 139.82782
35.599953 139.6106
35.73061 139.47655
35.84768 139.66914
35.632042 139.65883
35.737926 139.76103
35.658524 139.70132
35.70149 139.77594
35.785347 139.64001
35.74418 139.60406
35.66669 139.75813
35.66319 139.73213
35.561832 139.71255
35.682762 139.76404
35.66151 139.72952
35.584663 139.74075
35.643246 139.67001
35.64806 139.7102
35.7721 139.5199
35.741688 139.76164
35.76235 139.82367
35.698956 139.65837
35.629013 139.68571
35.706017 139.64775
35.60792 139.66939
35.66342 139.72906
35.72777 139.77097
35.657887 139.54245
35.748306 139.56767
35.65596 139.54327
35.648365 139.70338
35.614445 139.56638
35.655468 139.74707
35.815655 139.70436
35.61396 139.56734
35.686005 139.73067
35.60546 139.73232
35.751762 139.58578
35.61311 139.56934
35.613083 139.56949
35.70503 139.66449
35.61268 139.5699
35.53694 139.63487
35.70954 139.81181
35.81629 139.70494
35.562584 139.71527
35.77326 139.52055
35.70619 139.65057
35.773235 139.52061
35.77305 139.52106
35.773956 139.5215
35.730427 139.70746
35.70074 139.77188
35.697586 139.82608
35.658566 139.74548
35.82692 139.8049
35.812714 139.77061
35.662083 139.73436
35.751118 139.8319
35.724545 139.61465
35.70457 139.6344
35.659424 139.74129
35.659122 139.68283
35.521362 139.6304
35.634727 139.71277
35.665615 139.8574
35.728703 139.80263
35.62536 139.72318
35.55412 139.60452
35.660652 139.69844
35.758392 139.70645
35.662952 139.73302
35.64604 139.70726
35.715546 139.77945
35.70087 139.78867
35.7685 139.87085
35.663513 139.73293
35.668667 139.67763
35.735653 139.65352
35.70248 139.47998
35.66037 139.6978
35.731293 139.74095
35.688717 139.61629
35.645813 139.67017
35.840786 139.73447
35.61923 139.72975
35.642715 139.66753
35.649826 139.75555
35.695934 139.81139
35.64539 139.71199
35.660965 139.72409
35.70185 139.77498
35.52991 139.69987
35.671856 139.76755
35.646706 139.71085
35.71558 139.80032
35.644474 139.69821
35.76345 139.53601
35.690483 139.70805
35.725594 139.77663
35.695415 139.70317
35.660965 139.72409
35.648407 139.66026
35.73386 139.75504
35.696472 139.61305
35.68671 139.79436
35.577347 139.5838
35.576576 139.57384
35.733543 139.75456
35.712437 139.77768
35.72852 139.77467
35.660892 139.69798
35.66045 139.6964
35.74171 139.81499
35.60138 139.72688
35.54896 139.78418
35.601368 139.71864
35.66197 139.75612
35.665157 139.7698
35.628025 139.73804
35.54506 139.76903
35.742252 139.81056
35.660305 139.69843
35.691517 139.6984
35.69428 139.70337
35.644314 139.6991
35.575027 139.75879
35.67498 139.76321
35.692493 139.70113
35.611393 139.62396
35.69152 139.70125
35.549 139.78444
35.749645 139.80515
35.636806 139.74663
35.658195 139.70203
35.690804 139.70027
35.712902 139.7039
35.69044 139.69992
35.64694 139.74867
35.559734 139.71442
35.626644 139.60449
35.67967 139.77083
35.711224 139.75655
35.75477 139.6067
35.628227 139.73871
35.611603 139.62634
35.632812 139.88031
35.73023 139.71117
35.55138 139.7884
35.653984 139.59903
35.69494 139.78453
35.578777 139.73407
35.693893 139.70132
35.54506 139.76903
35.67994 139.76822
35.690334 139.83562
35.7032 139.57991
35.665115 139.71246
35.727703 139.77098
35.66717 139.60207
35.689434 139.69748
35.67994 139.76822
35.73162 139.49365
35.55138 139.7884
35.615746 139.72012
35.69958 139.76523
35.75933 139.80276
35.665775 139.75827
35.660965 139.72409
35.68321 139.76889
35.550858 139.78192
35.61955 139.72762
35.690804 139.70027
35.690804 139.70027
35.7024 139.57875
35.700253 139.48026
35.696594 139.79842
35.749332 139.8051
35.69031 139.84593
35.550003 139.78647
35.66247 139.7325
35.76133 139.70552
35.660202 139.5233
35.61988 139.72838
35.619698 139.72855
35.748707 139.80481
35.689526 139.84454
35.7002 139.50629
35.700436 139.50494
35.63347 139.66165
35.692787 139.69882
35.684727 139.77483
35.705585 139.7519
35.788254 139.61292
35.779858 139.56555
35.59714 139.7446
35.701904 139.67575
35.690804 139.70027
35.70216 139.67348
35.65243 139.54395
35.64868 139.79005
35.692184 139.69711
35.624557 139.73909
35.628006 139.73795
35.62812 139.73795
35.683277 139.77724
35.550594 139.78412
35.705376 139.64986
35.65189 139.5444
35.55207 139.64734
35.747574 139.84018
35.808468 139.75275
35.55243 139.64749
35.626186 139.7128
35.701344 139.50644
35.55272 139.64731
35.628952 139.74078
35.706425 139.84251
35.681282 139.76607
35.628418 139.73987
35.73069 139.71237
35.695965 139.75807
35.643982 139.65523
35.578445 139.57495
35.578693 139.57365
35.72777 139.77097
35.643364 139.68968
35.76634 139.84782
35.689285 139.69823
35.69313 139.70132
35.756912 139.87563
35.658524 139.70132
35.73498 139.71667
35.70583 139.6658
35.7565 139.8753
35.691917 139.70569
35.815445 139.58719
35.70231 139.74503
35.794502 139.79079
35.713223 139.77608
35.680573 139.76828
35.712902 139.7039
35.75514 139.58412
35.55138 139.7884
35.815655 139.70436
35.765076 139.7357
35.664577 139.75452
35.63313 139.5169
35.712902 139.7039
35.633896 139.5311
35.690804 139.70027
35.713642 139.70317
35.55138 139.7884
35.750866 139.8669
35.697933 139.5237
35.71115 139.77356
35.541183 139.57555
35.845436 139.64711
35.70692 139.61693
35.752434 139.73813
35.730385 139.56593
35.705772 139.61983
35.802124 139.71799
35.671577 139.74126
35.568665 139.5534
35.745888 139.8563
35.66879 139.70477
35.845436 139.64711
35.71014 139.8134
35.627254 139.8956
35.829712 139.6243
35.710762 139.8129
35.55138 139.7884
35.549736 139.78244
35.748474 139.84686
35.681133 139.76782
35.55138 139.7884
35.673744 139.66725
35.743996 139.81157
35.748726 139.84697
35.667614 139.63184
35.553085 139.64668
35.700363 139.48015
35.68599 139.78244
35.686 139.78134
35.66836 139.6504
35.684258 139.69978
35.668793 139.63298
35.719967 139.7273
35.728104 139.77127
35.628967 139.74097
35.690804 139.70027
35.66413 139.52701
35.63759 139.55453
35.674904 139.76164
35.689526 139.84454
35.68171 139.62753
35.66439 139.73369
35.572266 139.74971
35.61988 139.72838
35.55138 139.7884
35.662144 139.7328
35.54896 139.78418
35.561394 139.5921
35.660275 139.7231
35.737926 139.76103
35.681133 139.76686
35.712948 139.70403
35.55138 139.7884
35.732616 139.76799
35.75136 139.54591
35.732117 139.76671
35.547756 139.78514
35.691017 139.70392
35.698597 139.77303
35.682785 139.64755
35.64286 139.73404
35.69013 139.69748
35.55138 139.67172
35.815655 139.70436
35.674973 139.77708
35.552574 139.73927
35.71679 139.85826
35.77137 139.69978
35.670677 139.70253
35.67512 139.64316
35.72777 139.77097
35.553474 139.5785
35.63368 139.71552
35.644314 139.6991
35.736515 139.74683
35.768753 139.70227
35.628227 139.73871
35.73625 139.74709
35.662876 139.73146
35.628025 139.73804
35.66155 139.76959
35.737873 139.65453
35.654648 139.53027
35.69985 139.76378
35.698864 139.71437
35.690804 139.70027
35.688717 139.69989
35.550003 139.78647
35.71115 139.77356
35.822216 139.5752
35.690804 139.70027
35.775223 139.786
35.69924 139.76268
35.768753 139.70227
35.77466 139.78584
35.69703 139.82768
35.764526 139.77055
35.63522 139.71683
35.6721 139.73796
35.777225 139.79045
35.848 139.71068
35.698597 139.77303
35.693836 139.70464
35.705837 139.72112
35.66279 139.75963
35.69869 139.77422
35.587746 139.62778
35.728104 139.77127
35.617985 139.77507
35.558834 139.6478
35.62851 139.73833
35.529266 139.6999
35.73023 139.71117
35.715733 139.86093
35.687393 139.65579
35.71349 139.76349
35.66355 139.73274
35.562477 139.71605
35.737926 139.76103
35.591774 139.60185
35.61138 139.74414
35.698597 139.77303
35.69605 139.75124
35.58486 139.58295
35.529476 139.69983
35.55863 139.55151
35.609913 139.74281
35.646877 139.70995
35.67352 139.77663
35.732117 139.76671
35.713696 139.77751
35.671394 139.76173
35.66688 139.76971
35.689068 139.69751
35.61988 139.72838
35.635246 139.71693
35.71325 139.79231
35.62521 139.77562
35.563908 139.71071
35.73186 139.76674
35.67147 139.47981
35.7866 139.61095
35.6866 139.70099
35.66735 139.59422
35.719677 139.65352
35.71016 139.77235
35.66249 139.69562
35.6565 139.70102
35.749645 139.80515
35.697838 139.64902
35.689518 139.77203
35.66163 139.66655
35.6905 139.7
35.778366 139.72147
35.70086 139.73984
35.678673 139.74022
35.683876 139.68265
35.715546 139.77945
35.603928 139.67184
35.667824 139.71503
35.562477 139.71605
35.698597 139.77303
35.70291 139.77168
35.694393 139.69281
35.69687 139.79745
35.730274 139.71138
35.763435 139.67648
35.67737 139.75175
35.72129 139.77815
35.750866 139.8669
35.55138 139.67172
35.67938 139.78387
35.730354 139.71056
35.65227 139.72223
35.55151 139.67052
35.702778 139.73885
35.621502 139.70453
35.673615 139.74135
35.66543 139.78476
35.718563 139.69496
35.750282 139.70987
35.6831 139.76405
35.763718 139.67595
35.54945 139.603
35.672043 139.76418
35.7115 139.77669
35.713696 139.77919
35.655617 139.75674
35.658974 139.69946
35.60616 139.73547
35.659573 139.72859
35.701305 139.74126
35.63261 139.69205
35.531326 139.6969
35.71158 139.81557
35.690804 139.70027
35.716698 139.69405
35.729866 139.71095
35.67601 139.47937
35.604424 139.7018
35.68304 139.70216
35.658524 139.70132
35.70066 139.74182
35.69328 139.69952
35.577206 139.7142
35.728947 139.7908
35.73002 139.7918
35.710857 139.75293
35.822216 139.5752
35.653713 139.70407
35.551273 139.6764
35.661148 139.69798
35.73438 139.79424
35.65564 139.75674
35.60237 139.70645
35.690804 139.70027
35.858875 139.75368
35.579857 139.64427
35.65218 139.5463
35.73201 139.4822
35.7367 139.79659
35.688602 139.69894
35.6826 139.78575
35.72414 139.76562
35.647053 139.70242
35.674805 139.73738
35.714073 139.69275
35.669785 139.76497
35.724876 139.6134
35.61764 139.56662
35.69167 139.77087
35.843185 139.80074
35.663246 139.73228
35.662457 139.69731
35.776024 139.83447
35.690804 139.70027
35.67498 139.76321
35.740868 139.81206
35.70583 139.6658
35.742744 139.81331
35.664093 139.75551
35.71401 139.70447
35.703148 139.5802
35.63368 139.71552
35.745083 139.81714
35.7721 139.5199
35.745712 139.81908
35.56465 139.71669
35.626102 139.72441
35.712234 139.69186
35.705135 139.66826
35.77326 139.52055
35.644142 139.69829
35.790504 139.57944
35.69145 139.68773
35.709988 139.6678
35.646687 139.67761
35.693127 139.77786
35.646687 139.67761
35.630146 139.74043
35.69235 139.88606
35.644314 139.6991
35.607536 139.73283
35.71337 139.77634
35.76955 139.87045
35.683857 139.78549
35.693237 139.89754
35.7115 139.77669
35.770237 139.64558
35.667614 139.63184
35.704674 139.65091
35.733017 139.76746
35.70583 139.6658
35.777287 139.88023
35.701904 139.67575
35.712536 139.77528
35.72777 139.77097
35.712074 139.69193
35.69747 139.68286
35.696472 139.61305
35.646282 139.70638
35.693882 139.70465
35.622307 139.69789
35.715088 139.68726
35.70613 139.8438
35.69643 139.81395
35.614635 139.56618
35.62568 139.66974
35.694206 139.70503
35.70185 139.77498
35.563683 139.71507
35.63323 139.5317
35.709938 139.69493
35.61396 139.56734
35.710278 139.69298
35.66377 139.73228
35.693977 139.70465
35.61311 139.56934
35.612904 139.5695
35.61268 139.5699
35.731155 139.7286
35.62104 139.56946
35.717632 139.81311
35.785347 139.64001
35.561478 139.72343
35.564323 139.65405
35.620235 139.57004
35.621502 139.70453
35.56152 139.72331
35.70179 139.76979
35.64324 139.66762
35.729866 139.71095
35.60138 139.72688
35.601868 139.70811
35.694878 139.70128
35.70174 139.58209
35.61661 139.57187
35.697117 139.801
35.67126 139.61736
35.55412 139.60452
35.709515 139.69359
35.61457 139.57188
35.69021 139.7076
35.766624 139.84766
35.61394 139.57199
35.658566 139.74548
35.64863 139.71062
35.613926 139.70035
35.663982 139.73053
35.694225 139.70453
35.70185 139.77498
35.61923 139.72975
35.690384 139.7219
35.76868 139.87105
35.75056 139.83534
35.66089 139.66766
35.646004 139.69765
35.662228 139.72354
35.66444 139.73135
35.66227 139.69931
35.669666 139.70665
35.58105 139.64142
35.713177 139.70547
35.70173 139.77202
35.647385 139.72276
35.663982 139.73053
35.711563 139.70982
35.713238 139.79237
35.55304 139.64674
35.698376 139.77289
35.808468 139.75275
35.67263 139.60925
35.70075 139.77191
35.669155 139.63313
35.703686 139.57922
35.645607 139.71153
35.661922 139.69762
35.708187 139.69423
35.70453 139.77798
35.706814 139.69443
35.672783 139.60855
35.712635 139.70064
35.694393 139.70209
35.64436 139.69963
35.67753 139.78246
35.6892 139.70891
35.658215 139.69702
35.701794 139.69583
35.701714 139.69641
35.621777 139.74036
35.70146 139.69888
35.675373 139.77686
35.673885 139.6079
35.70152 139.69746
35.70089 139.80948
35.70621 139.61798
35.706062 139.61818
35.56184 139.71883
35.68898 139.79626
35.693092 139.69951
35.704536 139.69757
35.64689 139.70236
35.704777 139.70036
35.64453 139.71518
35.704437 139.69946
35.6657 139.72258
35.626568 139.72441
35.699017 139.77463
35.703255 139.70085
35.701393 139.7007
35.69963 139.7689
35.705284 139.66562
35.64833 139.7109
35.585327 139.66885
35.748585 139.7107
35.726093 139.71317
35.705338 139.66522
35.705284 139.66562
35.73634 139.73386
35.62477 139.71954
35.658215 139.69702
35.664116 139.73381
35.676113 139.7135
35.701454 139.7048
35.701233 139.70454
35.701145 139.70502
35.700985 139.70453
35.672707 139.79375
35.679714 139.8313
35.6602 139.69588
35.64819 139.71027
35.636555 139.7346
35.64506 139.88751
35.636276 139.73322
35.635834 139.73135
35.6634 139.73402
35.635757 139.73137
35.662186 139.7345
35.688225 139.78163
35.637035 139.62105
35.73244 139.53601
35.707134 139.7854
35.65617 139.69403
35.647053 139.70242
35.668633 139.80496
35.605576 139.73436
35.628895 139.73772
35.66164 139.73523
35.73236 139.70964
35.630295 139.7378
35.605507 139.73434
35.634007 139.7374
35.70185 139.77498
35.634357 139.73662
35.632984 139.73578
35.725594 139.77663
35.66015 139.75696
35.65649 139.69933
35.74171 139.81499
35.652935 139.54417
35.728615 139.7744
35.660965 139.72409
35.69161 139.70847
35.698597 139.77303
35.544746 139.76855
35.53565 139.72617
35.75576 139.73357
35.756096 139.73332
35.84055 139.69543
35.840786 139.73447
35.695896 139.69997
35.547756 139.78514
35.76133 139.70552
35.836246 139.69872
35.729866 139.71095
35.66268 139.73108
35.690804 139.70027
35.660652 139.69844
35.681282 139.76607
35.633644 139.53526
35.65687 139.73529
35.69133 139.69922
35.531326 139.6969
35.788216 139.61269
35.733456 139.73949
35.671932 139.75955
35.628178 139.73788
35.74954 139.58653
35.67967 139.77083
35.545113 139.76721
35.684708 139.64047
35.658215 139.69702
35.55138 139.7884
35.727364 139.53925
35.62794 139.7386
35.56223 139.69928
35.550003 139.78647
35.558197 139.69676
35.555058 139.69566
35.6567 139.75383
35.54874 139.78436
35.61988 139.72838
35.699017 139.77463
35.673744 139.66725
35.699017 139.77463
35.531326 139.6969
35.698597 139.77303
35.672565 139.48466
35.71337 139.77634
35.699017 139.77463
35.578777 139.73407
35.749645 139.80515
35.685543 139.78853
35.585327 139.66885
35.550594 139.78342
35.699017 139.77463
35.532753 139.70074
35.730022 139.71114
35.553085 139.64842
35.65851 139.70132
35.76133 139.70552
35.547573 139.78491
35.659485 139.70021
35.74568 139.7297
35.70397 139.57912
35.680305 139.76784
35.699017 139.77463
35.68321 139.76889
35.730625 139.71132
35.700253 139.48026
35.658195 139.70203
35.681377 139.76608
35.611614 139.62645
35.733456 139.73949
35.628178 139.73788
35.66483 139.70883
35.628227 139.73871
35.82747 139.66032
35.550003 139.78647
35.53112 139.69507
35.67993 139.76819
35.628227 139.73871
35.54892 139.78452
35.69066 139.70026
35.691715 139.69864
35.653984 139.59903
35.729347 139.71817
35.75399 139.58267
35.698597 139.77303
35.580223 139.6621
35.643856 139.52531
35.737057 139.48825
35.655518 139.75673
35.749035 139.56989
35.733208 139.6987
35.729866 139.71095
