35.718887 139.77646
35.67212 139.88664
35.57958 139.57301
35.683155 139.82587
35.670082 139.68529
35.675114 139.75961
35.698597 139.77303
35.719322 139.70753
35.6657 139.72258
35.682747 139.75569
35.564762 139.71452
35.585804 139.65271
35.629868 139.79427
35.71113 139.60774
35.611603 139.62634
35.63368 139.71552
35.72841 139.72064
35.529568 139.69643
35.620785 139.56992
35.607536 139.66884
35.808563 139.8438
35.730133 139.72583
35.699463 139.76572
35.690804 139.70027
35.626434 139.63393
35.704967 139.75304
35.637836 139.50471
35.583553 139.67319
35.65055 139.72136
35.658524 139.70132
35.631725 139.79153
35.529896 139.6971
35.665054 139.71246
35.585804 139.65271
35.69397 139.74722
35.670677 139.70253
35.607647 139.73474
35.66863 139.7049
35.777275 139.72112
35.692265 139.70522
35.68805 139.69205
35.660133 139.6993
35.634655 139.7124
35.564617 139.55319
35.648365 139.70338
35.6221 139.77774
35.69885 139.76984
35.685257 139.70947
35.572895 139.66722
35.63368 139.71552
35.66939 139.70352
35.784332 139.65762
35.77768 139.72125
35.675438 139.7629
35.703854 139.59952
35.55133 139.67513
35.71045 139.60692
35.682617 139.76433
35.666706 139.7306
35.532753 139.70074
35.694393 139.69281
35.66629 139.47705
35.752434 139.73813
35.682972 139.61736
35.6671 139.73145
35.753086 139.73956
35.634953 139.88618
35.75536 139.716
35.73078 139.71243
35.751476 139.77689
35.66146 139.66866
35.536766 139.70288
35.729233 139.71823
35.698597 139.77303
35.56351 139.6789
35.671215 139.765
35.652084 139.54553
35.695503 139.75171
35.712955 139.7037
35.532944 139.69577
35.672783 139.72403
35.663433 139.70392
35.709988 139.6678
35.689022 139.71323
35.684193 139.7005
35.81951 139.76782
35.579075 139.735
35.67721 139.64217
35.729397 139.60179
35.666443 139.77231
35.71406 139.77408
35.690804 139.70027
35.575146 139.66856
35.629868 139.79427
35.60727 139.60571
35.63368 139.71552
35.738342 139.67833
35.585346 139.67484
35.665596 139.69846
35.671627 139.48096
35.706314 139.61891
35.693203 139.74983
35.71109 139.79636
35.69336 139.78238
35.667103 139.70642
35.57573 139.65965
35.694233 139.7562
35.58469 139.74077
35.646877 139.70995
35.69515 139.68604
35.787853 139.72223
35.701756 139.63445
35.644253 139.69905
35.64766 139.69676
35.584663 139.74075
35.6078 139.55772
35.6863 139.66696
35.532543 139.69194
35.60497 139.67146
35.699017 139.77463
35.68331 139.6154
35.669918 139.7032
35.62575 139.66177
35.63368 139.71552
35.69197 139.70253
35.663166 139.68277
35.71522 139.80293
35.658524 139.70132
35.676914 139.67686
35.674656 139.76071
35.605373 139.67125
35.6975 139.5827
35.667248 139.70892
35.692688 139.70366
35.57573 139.65965
35.691483 139.75314
35.63514 139.88437
35.709988 139.6678
35.750446 139.73888
35.84776 139.66911
35.607166 139.67029
35.644207 139.70082
35.669537 139.52475
35.699615 139.7714
35.533764 139.72946
35.642807 139.70021
35.695503 139.75171
35.6758 139.68086
35.64388 139.69951
35.706 139.57892
35.675053 139.76332
35.828835 139.8042
35.699757 139.57341
35.643124 139.74146
35.632866 139.71318
35.60356 139.50844
35.683273 139.76888
35.606895 139.66943
35.678738 139.63649
35.57409 139.67464
35.5602 139.71404
35.66873 139.76273
35.585804 139.65271
35.644207 139.70082
35.644314 139.6991
35.58428 139.67413
35.644207 139.70082
35.707134 139.6666
35.553734 139.68312
35.685257 139.70947
35.675053 139.76332
35.571434 139.68611
35.698338 139.77304
35.67867 139.74017
35.86239 139.66136
35.71585 139.51268
35.61501 139.54222
35.699883 139.77242
35.672043 139.76418
35.655518 139.75673
35.688503 139.70724
35.659573 139.72859
35.71202 139.7984
35.70857 139.66585
35.550003 139.78647
35.585804 139.65271
35.66791 139.73604
35.71252 139.77615
35.691856 139.63333
35.67211 139.89153
35.63441 139.79161
35.688503 139.70724
35.71328 139.71426
35.64914 139.69937
35.665367 139.72638
35.551105 139.7883
35.644207 139.70082
35.69258 139.7012
35.67842 139.76326
35.71364 139.76065
35.710037 139.8107
35.584072 139.74005
35.644314 139.6991
35.658905 139.70258
35.627888 139.7407
35.664806 139.7126
35.699883 139.77242
35.644207 139.70082
35.808807 139.84343
35.750446 139.73888
35.66762 139.75873
35.629868 139.79427
35.58049 139.66187
35.71119 139.79782
35.673523 139.76273
35.66863 139.7049
35.65887 139.66733
35.71522 139.80293
35.60574 139.7353
35.70176 139.57877
35.629868 139.79427
35.66691 139.74052
35.713036 139.71545
35.583767 139.72998
35.699757 139.57341
35.632618 139.70842
35.63144 139.79895
35.706 139.57892
35.673534 139.68202
35.54506 139.76903
35.691334 139.75267
35.699883 139.77242
35.63006 139.62233
35.661243 139.68678
35.544815 139.76888
35.67039 139.70712
35.684708 139.64047
35.57131 139.68562
35.644207 139.70082
35.60413 139.50613
35.66856 139.74123
35.670677 139.70253
35.712067 139.79645
35.713085 139.72496
35.540447 139.68335
35.641567 139.71533
35.637436 139.7252
35.705013 139.58054
35.672638 139.90652
35.66582 139.69968
35.67968 139.80806
35.697815 139.7752
35.589417 139.66872
35.6933 139.69202
35.74307 139.74638
35.74307 139.74638
35.6444 139.86159
35.665268 139.75766
35.642998 139.86034
35.63006 139.62233
35.682617 139.76433
35.670677 139.70253
35.62821 139.73842
35.665886 139.83388
35.717693 139.75801
35.668453 139.90576
35.685257 139.70947
35.562344 139.71379
35.721375 139.55745
35.71202 139.7984
35.667442 139.70625
35.695503 139.75171
35.578243 139.55821
35.697346 139.81262
35.562477 139.71605
35.695065 139.74783
35.69397 139.74722
35.670677 139.70253
35.70482 139.57916
35.65844 139.74544
35.57573 139.65965
35.66645 139.69858
35.71214 139.71866
35.625557 139.70705
35.589096 139.72722
35.72992 139.716
35.690804 139.70027
35.54917 139.78479
35.71378 139.75996
35.752434 139.73813
35.62776 139.7161
35.67152 139.76329
35.670704 139.69664
35.741 139.54068
35.62893 139.74092
35.692688 139.70366
35.717396 139.77135
35.71198 139.72327
35.647404 139.67784
35.587822 139.72629
35.603596 139.5085
35.76176 139.76656
35.661335 139.7144
35.612232 139.62776
35.697067 139.74191
35.585804 139.65271
35.690804 139.70027
35.699883 139.77242
35.603043 139.50922
35.681248 139.76749
35.585346 139.67484
35.698338 139.77151
35.7238 139.71341
35.671383 139.76556
35.750446 139.73888
35.66674 139.70819
35.674835 139.7644
35.749104 139.54349
35.690468 139.69783
35.70304 139.57986
35.67255 139.90215
35.62628 139.7707
35.661114 139.69966
35.712948 139.70403
35.702206 139.58035
35.751072 139.73726
35.5532 139.64682
35.688786 139.69789
35.688564 139.6979
35.751026 139.54555
35.71301 139.77583
35.690205 139.7082
35.800133 139.73004
35.682972 139.61736
35.66249 139.48564
35.7032 139.57991
35.71328 139.71426
35.694424 139.74307
35.585804 139.65271
35.660873 139.58598
35.70858 139.80463
35.548695 139.78448
35.64756 139.70152
35.66497 139.73103
35.609505 139.7295
35.690804 139.70027
35.661007 139.71577
35.681377 139.76608
35.705585 139.7519
35.64914 139.69937
35.799995 139.68442
35.530952 139.69768
35.68331 139.6154
35.729855 139.71504
35.66921 139.76318
35.750446 139.73888
35.69836 139.77293
35.633858 139.71593
35.698597 139.77303
35.683384 139.70154
35.681377 139.76608
35.658524 139.70132
35.709988 139.6678
35.64388 139.69951
35.713696 139.77751
35.69767 139.7735
35.675144 139.75975
35.698597 139.77303
35.73357 139.73927
35.712875 139.7961
35.651875 139.72508
35.70947 139.64392
35.699017 139.77463
35.603176 139.50891
35.68517 139.73096
35.689846 139.70296
35.63031 139.64389
35.707355 139.64975
35.55138 139.7884
35.699432 139.77164
35.699406 139.77112
35.671635 139.69475
35.590736 139.66548
35.660202 139.5233
35.68355 139.76654
35.682346 139.7599
35.644314 139.6991
35.66158 139.58571
35.692787 139.85019
35.701294 139.70004
35.688503 139.70724
35.750744 139.54526
35.658524 139.70132
35.658997 139.73193
35.698494 139.77219
35.523113 139.69276
35.630295 139.79533
35.548695 139.78448
35.5532 139.64682
35.701294 139.70004
35.688778 139.70369
35.716766 139.51859
35.716927 139.80408
35.73095 139.7154
35.60303 139.50842
35.685955 139.61917
35.863415 139.71751
35.554893 139.7881
35.668488 139.70538
35.670704 139.69664
35.667133 139.74039
35.687706 139.70213
35.7032 139.57991
35.650375 139.6959
35.705433 139.649
35.583775 139.73996
35.69442 139.70042
35.64914 139.69937
35.699497 139.7711
35.682747 139.75569
35.729866 139.71095
35.757664 139.59679
35.584282 139.7406
35.60979 139.7497
35.63679 139.87827
35.77444 139.56834
35.629868 139.79427
35.668995 139.7004
35.679478 139.74173
35.690754 139.74751
35.71048 139.81331
35.70738 139.64963
35.749645 139.80515
35.683636 139.76155
35.675053 139.76332
35.715874 139.58937
35.752434 139.73813
35.729866 139.71095
35.751415 139.63928
35.67015 139.70287
35.694424 139.74307
35.6432 139.70134
35.690903 139.70004
35.646137 139.82742
35.705376 139.64986
35.807854 139.84503
35.644302 139.69916
35.690792 139.6865
35.670704 139.69664
35.667038 139.7002
35.681282 139.76607
35.67498 139.76321
35.681297 139.76703
35.681377 139.76608
35.670704 139.69664
35.670677 139.70253
35.64388 139.69951
35.630146 139.74043
35.65978 139.69902
35.715508 139.52051
35.69139 139.74995
35.55138 139.7884
35.693203 139.74983
35.729866 139.71095
35.66669 139.75813
35.69397 139.74722
35.68932 139.70045
35.658524 139.70132
35.66464 139.71243
35.644684 139.81079
35.694424 139.74307
35.579075 139.735
35.6265 139.66632
35.6265 139.66632
35.67231 139.75407
35.670242 139.68288
35.665787 139.73096
35.65633 139.75728
35.82518 139.55147
35.658745 139.69913
35.750446 139.73888
35.705585 139.7519
35.69899 139.81647
35.659824 139.6982
35.670677 139.70253
35.65701 139.75255
35.656406 139.79526
35.634506 139.71336
35.628967 139.74097
35.70372 139.75352
35.713413 139.77606
35.695503 139.75171
35.690533 139.75595
35.664593 139.7846
35.645927 139.7168
35.670704 139.69664
35.665676 139.65082
35.77444 139.56834
35.67231 139.75407
35.53883 139.68127
35.54923 139.78421
35.54873 139.75403
35.70154 139.77106
35.66669 139.75813
35.794407 139.53557
35.54904 139.7523
35.690125 139.75964
35.62679 139.63292
35.652927 139.70801
35.69926 139.77391
35.66297 139.66722
35.658566 139.74548
35.74954 139.58653
35.605854 139.54076
35.681377 139.76608
35.75477 139.6067
35.750927 139.80466
35.66225 139.7749
35.68383 139.7446
35.68599 139.74495
35.65761 139.79845
35.658558 139.74548
35.714264 139.72662
35.667133 139.74039
35.74054 139.61697
35.656235 139.70302
35.678837 139.76794
35.712635 139.7043
35.67044 139.70741
35.6916 139.7047
35.69515 139.68604
35.6969 139.70262
35.770252 139.86803
35.699017 139.77463
35.815735 139.70792
35.628227 139.73871
35.668518 139.7583
35.69023 139.70343
35.68124 139.73477
35.684334 139.70251
35.670704 139.69664
35.71226 139.72525
35.714485 139.51674
35.655617 139.75674
35.679928 139.76358
35.681377 139.76608
35.66732 139.70691
35.706272 139.68546
35.699047 139.77522
35.7032 139.57991
35.70736 139.77461
35.698807 139.77478
35.585804 139.65271
35.670647 139.70741
35.690804 139.70027
35.668045 139.8005
35.706272 139.68546
35.70406 139.60294
35.7115 139.77669
35.690544 139.70355
35.534893 139.702
35.57491 139.66324
35.69832 139.77481
35.658566 139.74548
35.67108 139.68196
35.618813 139.6729
35.66002 139.66727
35.704956 139.58041
35.668854 139.69403
35.62535 139.5189
35.661587 139.66748
35.74505 139.64531
35.702515 139.77197
35.53072 139.69626
35.54639 139.78522
35.660725 139.69644
35.55138 139.7884
35.71406 139.77408
35.72359 139.68327
35.695503 139.75171
35.659817 139.70038
35.700104 139.77397
35.530827 139.69803
35.66716 139.60231
35.694607 139.70216
35.682243 139.76427
35.71435 139.71101
35.711857 139.77402
35.72938 139.70972
35.66873 139.65092
35.531326 139.6969
35.635193 139.76752
35.72974 139.71164
35.69834 139.77312
35.647015 139.74838
35.629257 139.73875
35.71723 139.61426
35.698597 139.77303
35.64796 139.74559
35.697334 139.70425
35.665787 139.73096
35.71406 139.77408
35.751884 139.6397
35.696404 139.53796
35.699757 139.57341
35.74953 139.80586
35.693424 139.74388
35.701748 139.54199
35.68091 139.7684
35.657337 139.69714
35.658524 139.70132
35.6296 139.7107
35.674236 139.75908
35.66019 139.698
35.779716 139.69406
35.704613 139.57706
35.674385 139.76541
35.6669 139.61368
35.660313 139.72995
35.675438 139.7629
35.69354 139.90015
35.69914 139.57695
35.681248 139.76749
35.659584 139.69872
35.681118 139.7725
35.588432 139.72792
35.53021 139.67827
35.574364 139.65834
35.544746 139.76855
35.66032 139.66731
35.690903 139.69974
35.690804 139.70027
35.675495 139.76485
35.539577 139.66324
35.794556 139.79208
35.583767 139.72998
35.779232 139.62949
35.661938 139.7068
35.65761 139.79845
35.54107 139.64928
35.66353 139.69957
35.762344 139.51895
35.67069 139.76547
35.664555 139.73035
35.701153 139.57832
35.828426 139.80342
35.670822 139.62206
35.69643 139.81395
35.614628 139.52824
35.52964 139.69678
35.69732 139.81267
35.712406 139.70683
35.675438 139.7629
35.699017 139.77463
35.70547 139.7605
35.681133 139.76782
35.554558 139.603
35.73314 139.7465
35.564026 139.58044
35.576656 139.65936
35.657234 139.72346
35.649315 139.75911
35.64434 139.75562
35.550236 139.7842
35.63745 139.75618
35.70385 139.57692
35.682617 139.77554
35.628124 139.7512
35.69308 139.76772
35.69834 139.77312
35.69804 139.76541
35.70583 139.6658
35.588543 139.73738
35.60264 139.69055
35.5914 139.74284
35.626434 139.63393
35.58326 139.74704
35.607185 139.6667
35.61893 139.72815
35.658913 139.69551
35.690804 139.70027
35.690804 139.70027
35.683914 139.86353
35.712902 139.7039
35.537865 139.74184
35.61005 139.57347
35.629868 139.79427
35.69163 139.70186
35.729866 139.71095
35.626446 139.88182
35.690582 139.70416
35.66284 139.75992
35.562256 139.71515
35.80527 139.69879
35.705738 139.57736
35.665165 139.73123
35.701294 139.70004
35.564514 139.71489
35.645924 139.82692
35.698597 139.77303
35.690804 139.70027
35.60356 139.50844
35.668537 139.70538
35.588432 139.72792
35.61823 139.72679
35.681133 139.76782
35.691147 139.70152
35.658623 139.69556
35.663933 139.78229
35.729347 139.71817
35.67305 139.77061
35.73437 139.562
35.617188 139.56456
35.62851 139.73833
35.53764 139.73311
35.70144 139.76813
35.703682 139.71347
35.68165 139.74315
35.69587 139.75816
35.60967 139.71164
35.600723 139.61005
35.55068 139.78232
35.670197 139.70284
35.66146 139.66866
35.694695 139.60507
35.550182 139.78958
35.733456 139.73949
35.660725 139.69756
35.698597 139.77303
35.72777 139.54
35.670704 139.69664
35.717396 139.77135
35.698315 139.69756
35.699905 139.77002
35.614944 139.57693
35.722622 139.70401
35.549896 139.78954
35.69836 139.77293
35.698597 139.77303
35.69423 139.70445
35.687416 139.70213
35.688652 139.70264
35.53858 139.73586
35.685257 139.70947
35.65926 139.72719
35.695652 139.76068
35.667805 139.76108
35.699017 139.77463
35.62679 139.63292
35.626312 139.66823
35.69296 139.55803
35.65491 139.7962
35.7075 139.66469
35.53664 139.73438
35.534756 139.73543
35.536755 139.73505
35.71184 139.71892
35.626404 139.88771
35.537674 139.73311
35.667427 139.70758
35.534325 139.73392
35.65797 139.57503
35.57917 139.55952
35.695866 139.75224
35.535034 139.73056
35.53764 139.73311
35.748978 139.58566
35.534767 139.73114
35.680096 139.76622
35.61005 139.57347
35.69945 139.76518
35.786583 139.87314
35.698597 139.77303
35.658684 139.79572
35.727905 139.71353
35.69597 139.76137
35.67288 139.8953
35.72568 139.71951
35.64406 139.82475
35.66731 139.75914
35.69602 139.77522
35.677002 139.76277
35.6979 139.7724
35.64406 139.82475
35.665367 139.72638
35.72951 139.7194
35.56069 139.56783
35.672863 139.73605
35.644314 139.6991
35.69218 139.70296
35.729347 139.71817
35.588432 139.72792
35.707073 139.6647
35.70319 139.52914
35.616898 139.56474
35.62961 139.77644
35.74949 139.71823
35.60413 139.50613
35.607094 139.67076
35.533764 139.72946
35.790318 139.72176
35.709526 139.66515
35.777832 139.72089
35.53459 139.73051
35.58904 139.72743
35.703514 139.75354
35.630577 139.77664
35.612026 139.62793
35.647053 139.70242
35.693962 139.7372
35.707355 139.64975
35.675495 139.47241
35.69024 139.69836
35.705585 139.7519
35.670704 139.69664
35.54506 139.76903
35.71624 139.70293
35.675053 139.76332
35.62575 139.66177
35.68962 139.70251
35.681004 139.76384
35.702423 139.7449
35.66688 139.73016
35.705807 139.68233
35.65846 139.6953
35.655518 139.75673
35.650486 139.72157
35.65815 139.69852
35.730515 139.69978
35.766575 139.8471
35.660492 139.66843
35.68831 139.80028
35.660633 139.69875
35.644314 139.6991
35.553272 139.72972
35.703186 139.57983
35.605396 139.74167
35.5536 139.72984
35.70482 139.57916
35.607124 139.6224
35.701107 139.70282
35.7032 139.57991
35.67547 139.7629
35.69643 139.81395
35.66523 139.73056
35.696907 139.8145
35.672043 139.76418
35.700428 139.77176
35.708317 139.81036
35.73251 139.67056
35.787445 139.60823
35.729477 139.71199
35.701046 139.7718
35.655605 139.73595
35.65737 139.73228
35.731842 139.71
35.717957 139.73697
35.665497 139.75964
35.659004 139.69533
35.703434 139.57706
35.62893 139.74092
35.651875 139.72508
35.68706 139.77292
35.684097 139.88194
35.688225 139.79903
35.59694 139.73936
35.681004 139.76384
35.659485 139.70021
35.66732 139.70691
35.55366 139.57912
35.71146 139.76006
35.658745 139.69913
35.708344 139.7723
35.698494 139.77219
35.65907 139.70012
35.656235 139.70302
35.66866 139.76137
35.702213 139.77072
35.55337 139.57893
35.646084 139.71426
35.664593 139.7846
35.715088 139.82425
35.661846 139.69981
35.662956 139.78128
35.660313 139.50954
35.626083 139.78116
35.698597 139.77303
35.68699 139.77307
35.661587 139.66748
35.66327 139.784
35.660633 139.69875
35.66225 139.7749
35.672264 139.76662
35.69086 139.70485
35.64036 139.70428
35.69218 139.70296
35.693 139.69531
35.662716 139.78137
35.645924 139.82692
35.70094 139.77055
35.67435 139.76704
35.660725 139.69756
35.661083 139.69853
35.691315 139.69368
35.577084 139.65881
35.733707 139.73915
35.66188 139.70105
35.551655 139.78093
35.66199 139.70184
35.655617 139.75674
35.633186 139.71591
35.721172 139.752
35.777225 139.79045
35.670773 139.70586
35.691017 139.70168
35.704445 139.59993
35.698597 139.77303
35.700104 139.77397
35.7348 139.7987
35.61192 139.63881
35.731125 139.71864
35.698326 139.77177
35.68069 139.76816
35.698597 139.77303
35.665115 139.76114
35.630146 139.74043
35.690998 139.73558
35.699497 139.7711
35.699417 139.59814
35.70736 139.77461
35.587746 139.62778
35.587746 139.62778
35.650383 139.72208
35.70231 139.74503
35.837273 139.7231
35.702602 139.5609
35.685673 139.77399
35.616047 139.55331
35.6492 139.74292
35.72176 139.72568
35.731636 139.7084
35.660522 139.69704
35.665585 139.73904
35.668636 139.70563
35.62929 139.68486
35.68321 139.76889
35.729984 139.71088
35.66202 139.69797
35.690407 139.70029
35.711365 139.7116
35.729767 139.70413
35.704517 139.6345
35.632885 139.87819
35.66441 139.71202
35.658524 139.70132
35.822716 139.5755
35.698597 139.77303
35.70427 139.75194
35.66537 139.72923
35.729866 139.71095
35.607105 139.73479
35.69127 139.6944
35.66866 139.76137
35.65916 139.54364
35.649727 139.69344
35.532944 139.69577
35.658524 139.70132
35.54506 139.76903
35.69115 139.75697
35.646553 139.71022
35.631664 139.64478
35.729477 139.71199
35.681686 139.76465
35.729866 139.71095
35.705376 139.64986
35.704357 139.58546
35.658817 139.73216
35.82272 139.57487
35.552727 139.696
35.68116 139.76944
35.690804 139.70027
35.555058 139.69566
35.628227 139.73871
35.70595 139.71783
35.644066 139.69905
35.65585 139.70116
35.55943 139.71477
35.55138 139.7884
35.701912 139.73798
35.701385 139.74484
35.647976 139.743
35.665115 139.71246
35.69423 139.70445
35.532307 139.69707
35.729633 139.70943
35.531326 139.6969
35.70074 139.77188
35.695335 139.70262
35.668945 139.70403
35.530987 139.69662
35.700703 139.74146
35.71351 139.77612
35.660313 139.72957
35.658524 139.70132
35.60584 139.51486
35.822216 139.5752
35.68403 139.77444
35.689404 139.69714
35.620815 139.56972
35.66867 139.70596
35.66664 139.74028
35.68468 139.76605
35.530987 139.69662
35.56253 139.57237
35.74798 139.56783
35.656574 139.70065
35.670513 139.70633
35.699017 139.77463
35.729866 139.71095
35.667694 139.77066
35.69115 139.75697
35.677135 139.71837
35.689114 139.70744
35.70231 139.74503
35.642242 139.73393
35.69002 139.6992
35.701443 139.74426
35.658524 139.70132
35.691673 139.70334
35.643 139.65504
35.701344 139.74394
35.665874 139.89305
35.72902 139.70456
35.65907 139.69891
35.544746 139.76855
35.7071 139.75293
35.690727 139.7583
35.66708 139.7574
35.68164 139.76898
35.729633 139.7132
35.62885 139.73799
35.759247 139.67383
35.7587 139.6894
35.660652 139.69844
35.628647 139.73851
35.632812 139.88031
35.584793 139.5833
35.672504 139.76501
35.67994 139.76822
35.674656 139.76071
35.700474 139.77248
35.66783 139.89102
35.692684 139.75269
35.633045 139.66107
35.588432 139.72792
35.690125 139.70227
35.694054 139.74948
35.690804 139.70027
35.704643 139.61938
35.698597 139.77303
35.586384 139.72795
35.586384 139.72803
35.608112 139.66939
35.672043 139.76418
35.64326 139.69867
35.69412 139.69281
35.65233 139.69775
35.664845 139.72978
35.5602 139.71404
35.71041 139.71051
35.68112 139.76633
35.681377 139.76608
35.685104 139.76471
35.69261 139.75551
35.69158 139.69695
35.667038 139.71104
35.587627 139.59229
35.702362 139.60078
35.691246 139.70052
35.689247 139.69719
35.658978 139.70099
35.642693 139.69905
35.712902 139.7039
35.669254 139.68027
35.660294 139.72928
35.676685 139.78021
35.690804 139.70027
35.668423 139.76051
35.687366 139.70383
35.670677 139.70253
35.66205 139.69926
35.670677 139.70253
35.655735 139.70354
35.653595 139.54399
35.580967 139.72765
35.68952 139.70854
35.65907 139.70058
35.749645 139.80515
35.720478 139.67833
35.66099 139.69756
35.676643 139.76506
35.7032 139.57991
35.59974 139.61023
35.681183 139.76376
35.672607 139.76724
35.70197 139.54604
35.656013 139.73512
35.68352 139.76657
35.660194 139.69687
35.63974 139.72217
35.633224 139.66167
35.68078 139.76646
35.73023 139.71117
35.658524 139.70132
35.730354 139.71056
35.664146 139.71188
35.656517 139.70535
35.619698 139.72855
35.673267 139.66685
35.637608 139.70433
35.69218 139.70296
35.691257 139.6996
35.60429 139.50726
35.690804 139.70027
35.620483 139.77226
35.627064 139.88309
35.699406 139.77112
35.66554 139.70395
35.699432 139.77164
35.628864 139.66212
35.721302 139.76662
35.710762 139.71262
35.655987 139.7928
35.691296 139.73547
35.659134 139.701
35.690804 139.70027
35.726902 139.51338
35.65688 139.75433
35.62575 139.66177
35.670544 139.71785
35.70195 139.5603
35.683285 139.76637
35.697315 139.81265
35.626083 139.78116
35.577667 139.55779
35.6958 139.70195
35.679214 139.67708
35.63114 139.88101
35.6825 139.77472
35.698032 139.81357
35.666477 139.73027
35.70122 139.56015
35.690784 139.70636
35.737873 139.65453
35.69001 139.70589
35.69001 139.70589
35.67315 139.76706
35.70462 139.61998
35.642963 139.71304
35.645733 139.74757
35.62559 139.66365
35.5369 139.63452
35.655518 139.75673
35.728207 139.71341
35.651875 139.72508
35.711357 139.77576
35.69091 139.70195
35.718887 139.77646
35.670326 139.76324
35.711327 139.77545
35.71037 139.77466
35.66751 139.69682
35.693375 139.70375
35.693375 139.70375
35.672985 139.76178
35.71109 139.79636
35.54892 139.78452
35.69836 139.77293
35.698597 139.77303
35.604073 139.50764
35.603134 139.7081
35.667725 139.70023
35.69661 139.76099
35.672325 139.8159
35.699017 139.77463
35.5532 139.64682
35.6916 139.7047
35.65515 139.79301
35.64742 139.80368
35.692688 139.70366
35.70024 139.77022
35.706047 139.66597
35.555115 139.5823
35.706463 139.61917
35.68772 139.70213
35.690468 139.69783
35.684746 139.77179
35.690804 139.70027
35.676113 139.7135
35.698597 139.77303
35.54892 139.78452
35.66319 139.73213
35.62436 139.88803
35.665257 139.73103
35.702705 139.56084
35.702206 139.58035
35.524742 139.64561
35.691315 139.69368
35.665367 139.72638
35.668488 139.70538
35.661587 139.66748
35.58174 139.74828
35.531887 139.69542
35.585255 139.72647
35.709255 139.71909
35.603596 139.5085
35.73168 139.72949
35.689877 139.70227
35.62741 139.63531
35.663074 139.66798
35.672337 139.7675
35.684708 139.64047
35.7032 139.57991
35.726234 139.59207
35.669033 139.70549
35.65239 139.6605
35.71067 139.77309
35.66899 139.67972
35.762344 139.51895
35.626404 139.88771
35.58873 139.73181
35.72996 139.7109
35.690346 139.69978
35.698597 139.77303
35.697372 139.81357
35.616898 139.56474
35.66473 139.76166
35.655518 139.75673
35.699017 139.77463
35.62559 139.66365
35.650665 139.72215
35.65556 139.73633
35.65469 139.75708
35.64877 139.70409
35.67421 139.76299
35.630627 139.88315
35.64657 139.70566
35.686092 139.73029
35.659836 139.79233
35.75207 139.7868
35.647194 139.7099
35.679478 139.74173
35.59051 139.73322
35.695896 139.69997
35.675144 139.75975
35.659676 139.6729
35.662945 139.70818
35.7477 139.56812
35.690804 139.70027
35.6633 139.70824
35.78227 139.79857
35.713646 139.79434
35.585327 139.66885
35.608967 139.66858
35.664097 139.69917
35.68104 139.76688
35.728596 139.71977
35.688004 139.69899
35.699528 139.76506
35.715378 139.77582
35.700157 139.78064
35.70094 139.77055
35.713696 139.77751
35.672043 139.76418
35.60303 139.50842
35.658524 139.70132
35.69836 139.74004
35.692696 139.69109
35.672264 139.76662
35.692696 139.69109
35.62521 139.77562
35.68245 139.68547
35.699272 139.76503
35.712902 139.7039
35.70528 139.57756
35.59701 139.74503
35.64571 139.71196
35.69754 139.78418
35.59714 139.7446
35.731766 139.7068
35.64831 139.71112
35.693657 139.75868
35.693657 139.75868
35.626404 139.88771
35.673695 139.763
35.646877 139.70995
35.622623 139.71667
35.702316 139.57935
35.732857 139.70923
35.66751 139.69682
35.66324 139.73836
35.62521 139.77562
35.729866 139.71095
35.607296 139.66867
35.665115 139.71246
35.60389 139.50758
35.684216 139.6618
35.66669 139.75813
35.672535 139.69077
35.702465 139.57872
35.647373 139.69449
35.673744 139.66725
35.658566 139.74548
35.705727 139.79228
35.628777 139.73877
35.655537 139.70035
35.66601 139.70972
35.565453 139.65152
35.668266 139.69038
35.668636 139.70563
35.669167 139.65018
35.669167 139.65018
35.689587 139.6978
35.674477 139.69328
35.656868 139.75455
35.612137 139.71071
35.63016 139.8788
35.62833 139.77464
35.715206 139.63069
35.623604 139.8872
35.65469 139.75708
35.60248 139.50665
35.702072 139.77142
35.70093 139.77065
35.698196 139.77553
35.67198 139.76396
35.690582 139.70253
35.597 139.74527
35.66998 139.7634
35.688484 139.69925
35.726196 139.71388
35.668686 139.70592
35.6734 139.76736
35.729233 139.90709
35.62521 139.77562
35.678127 139.72234
35.69082 139.70218
35.702057 139.76794
35.65887 139.66733
35.703506 139.62283
35.66753 139.70688
35.641968 139.82507
35.607445 139.71231
35.709755 139.79626
35.690468 139.75458
35.677208 139.7375
35.67421 139.76299
35.64224 139.82553
35.66899 139.67972
35.596992 139.7454
35.710823 139.79657
35.674236 139.75908
35.77945 139.6738
35.710823 139.79657
35.6624 139.69756
35.62592 139.78223
35.69719 139.8051
35.779716 139.69406
35.667248 139.70892
35.65581 139.70389
35.671665 139.76653
35.672386 139.70958
35.657 139.75865
35.657 139.75865
35.668488 139.70538
35.673695 139.763
35.55138 139.7884
35.65564 139.75674
35.668644 139.65048
35.53518 139.63257
35.676575 139.73717
35.698338 139.77151
35.743465 139.54568
35.66985 139.703
35.68127 139.77684
35.72048 139.89038
35.670784 139.71352
35.66598 139.526
35.690804 139.70027
35.779037 139.72356
35.645924 139.82692
35.682556 139.77457
35.59609 139.74231
35.672325 139.73654
35.62521 139.77562
35.60309 139.50789
35.691677 139.70467
35.69091 139.70195
35.66751 139.69682
35.670704 139.69664
35.700596 139.81656
35.7006 139.81653
35.693787 139.69785
35.626404 139.88771
35.64914 139.69937
35.655617 139.75674
35.66697 139.76697
35.77574 139.73094
35.687416 139.70213
35.672863 139.73605
35.714394 139.7985
35.67015 139.70287
35.663292 139.71117
35.62521 139.77562
35.64224 139.82553
35.667202 139.69667
35.632652 139.88066
35.683384 139.70154
35.62521 139.77562
35.58753 139.73569
35.631714 139.88094
35.703827 139.57957
35.656116 139.75658
35.66249 139.48564
35.672405 139.73601
35.696365 139.7614
35.586655 139.73215
35.659584 139.69872
35.531326 139.6969
35.531326 139.6969
35.646877 139.70995
35.698917 139.4813
35.690804 139.70027
35.714146 139.80336
35.65518 139.75133
35.655617 139.75674
35.62519 139.77542
35.68257 139.77472
35.703506 139.5802
35.66645 139.69858
35.681953 139.7012
35.698494 139.7725
35.670677 139.70253
35.70427 139.77072
35.66751 139.69682
35.65572 139.73915
35.62851 139.73833
35.705585 139.7519
35.71035 139.80904
35.693203 139.74983
35.67498 139.76321
35.71035 139.80904
35.62664 139.88109
35.709454 139.8085
35.65518 139.75133
35.64314 139.71451
35.676647 139.76366
35.704967 139.61844
35.681133 139.76686
35.649284 139.70665
35.62521 139.77562
35.66272 139.73268
35.679398 139.75774
35.584846 139.72606
35.67253 139.73537
35.54506 139.76903
35.658524 139.70132
35.630634 139.87994
35.669212 139.70433
35.72777 139.77097
35.697933 139.77605
35.655388 139.73665
35.697266 139.81018
35.6916 139.7047
35.710587 139.82378
35.656094 139.7349
35.655647 139.75674
35.559723 139.71437
35.6909 139.70532
35.606915 139.66673
35.5602 139.71404
35.64224 139.82553
35.71406 139.77408
35.704765 139.7527
35.670784 139.71352
35.732944 139.88167
35.646324 139.68082
35.55127 139.78758
35.689323 139.69777
35.66845 139.70573
35.664753 139.75545
35.62436 139.88803
35.631195 139.70941
35.71679 139.85826
35.63419 139.53514
35.691307 139.696
35.628223 139.68588
35.706425 139.84251
35.66866 139.76137
35.74907 139.58641
35.697586 139.82608
35.662704 139.66736
35.72073 139.683
35.74954 139.58653
35.690804 139.70027
35.754967 139.76823
35.66278 139.66852
35.63089 139.79144
35.696106 139.79253
35.670677 139.70253
35.697414 139.78471
35.533154 139.69633
35.727993 139.80975
35.645733 139.74757
35.698597 139.77303
35.627026 139.7744
35.69152 139.70125
35.68171 139.76772
35.65609 139.74214
35.751408 139.54536
35.699017 139.77463
35.64144 139.72252
35.69643 139.81395
35.587337 139.62943
35.66981 139.76398
35.56101 139.71494
35.682476 139.76451
35.751476 139.5448
35.6933 139.69202
35.70622 139.64877
35.67968 139.80806
35.68212 139.80034
35.70074 139.77188
35.70648 139.64915
35.698517 139.77367
35.698597 139.77303
35.66074 139.6974
35.587746 139.62778
35.76955 139.87045
35.646324 139.68082
35.680218 139.68697
35.701614 139.7426
35.66233 139.69815
35.646877 139.70995
35.532944 139.69577
35.698597 139.77303
35.659847 139.50482
35.659817 139.70038
35.664425 139.699
35.66998 139.7634
35.691856 139.77092
35.680965 139.79825
35.626434 139.63393
35.606606 139.68533
35.65955 139.69824
35.681377 139.76608
35.658745 139.69913
35.659813 139.69925
35.859215 139.65616
35.705585 139.7519
35.665054 139.71246
35.68008 139.72023
35.66669 139.75813
35.670887 139.47961
35.550995 139.73286
35.750744 139.54526
35.681377 139.76608
35.705585 139.7519
35.690804 139.70027
35.62645 139.72343
35.53282 139.69514
35.691677 139.70467
35.529568 139.69643
35.630146 139.74043
35.69602 139.77522
35.632874 139.87895
35.562344 139.71379
35.632618 139.70842
35.70935 139.5737
35.741962 139.64793
35.777832 139.72089
35.690903 139.70004
35.62521 139.77562
35.858738 139.65729
35.703136 139.7715
35.530987 139.69662
35.701225 139.70052
35.69092 139.7057
35.671215 139.765
35.68352 139.76657
35.690903 139.70004
35.690903 139.70004
35.822216 139.5752
35.670677 139.70253
35.646294 139.71043
35.62645 139.72343
35.577084 139.65881
35.577084 139.65881
35.64907 139.71065
35.62408 139.73254
35.64224 139.82553
35.62645 139.72343
35.69107 139.70432
35.71374 139.70332
35.788216 139.61269
35.681133 139.76782
35.646877 139.70995
35.65851 139.70132
35.6746 139.7777
35.777603 139.63293
35.702705 139.56084
35.667896 139.86255
35.66625 139.75899
35.67086 139.62181
35.64907 139.71065
35.663086 139.70062
35.66114 139.69893
35.695385 139.75835
35.692566 139.6987
35.62868 139.73938
35.645855 139.70831
35.67088 139.76427
35.532684 139.70056
35.647053 139.70242
35.68277 139.77084
35.631016 139.64381
35.701942 139.74364
35.64659 139.71109
35.682278 139.68684
35.621513 139.74051
35.63414 139.87952
35.57779 139.55855
35.735474 139.67393
35.62854 139.73927
35.646324 139.68082
35.563858 139.71536
35.729866 139.71095
35.742054 139.64911
35.68097 139.78078
35.69252 139.70435
35.730354 139.71056
35.701202 139.70268
35.673695 139.763
35.68898 139.79626
35.729866 139.71095
35.7855 139.86542
35.659344 139.70235
35.666187 139.80373
35.70821 139.72086
35.714558 139.70299
35.660286 139.70549
35.627785 139.77284
35.762993 139.53748
35.66582 139.69968
35.711178 139.79692
35.7789 139.7213
35.780235 139.7223
35.662514 139.73413
35.6929 139.70518
35.787445 139.60823
35.66399 139.70703
35.659817 139.70038
35.661198 139.70064
35.705376 139.64986
35.706665 139.71687
35.633675 139.8815
35.661583 139.70293
35.743954 139.67863
35.703568 139.64807
35.779667 139.6897
35.526848 139.70253
35.67786 139.76483
35.730164 139.7159
35.52671 139.69472
35.780357 139.67636
35.6738 139.70428
35.692688 139.70366
35.66303 139.7011
35.690804 139.70027
35.625237 139.88753
35.703033 139.76964
35.55138 139.7884
35.60023 139.75514
35.696365 139.7614
35.539577 139.66324
35.531326 139.6969
35.54107 139.64928
35.57293 139.70367
35.672512 139.47972
35.71391 139.77675
35.673393 139.76077
35.627125 139.88745
35.690804 139.70027
35.562492 139.58794
35.630554 139.68622
35.729317 139.71475
35.65851 139.70132
35.62521 139.77562
35.53105 139.68439
35.68958 139.70146
35.707027 139.66643
35.661587 139.66748
35.707027 139.66643
35.69691 139.7935
35.668247 139.70418
35.64711 139.709
35.63368 139.71552
35.646027 139.70883
35.700375 139.7702
35.57607 139.5587
35.664536 139.63869
35.62645 139.72343
35.57958 139.57301
35.632812 139.88031
35.81315 139.58333
35.66317 139.66939
35.690804 139.70027
35.659073 139.69865
35.681377 139.76608
35.724304 139.71121
35.691032 139.7025
35.66985 139.703
35.668724 139.70593
35.65824 139.57385
35.698597 139.77303
35.701496 139.69633
35.712902 139.7039
35.662987 139.66885
35.72612 139.7126
35.66225 139.7749
35.689995 139.77814
35.70031 139.75618
35.695324 139.76257
35.700737 139.77188
35.587543 139.7305
35.611385 139.55487
35.67151 139.71678
35.687057 139.78003
35.686295 139.69484
35.67228 139.75832
35.654526 139.7628
35.62463 139.72955
35.689945 139.6964
35.661514 139.72946
35.70369 139.62576
35.673172 139.7364
35.692955 139.69254
35.67127 139.74709
35.628227 139.73871
35.589615 139.72766
35.62851 139.73833
35.66762 139.75873
35.58186 139.7218
35.583065 139.723
35.60682 139.65321
35.583534 139.72374
35.694508 139.79161
35.660526 139.6984
35.665142 139.76115
35.626072 139.8761
35.631344 139.8826
35.731533 139.70946
35.698677 139.77422
35.56253 139.57237
35.699017 139.77463
35.679855 139.7688
35.675213 139.77037
35.663223 139.71283
35.704033 139.79114
35.595547 139.50903
35.6314 139.88126
35.652084 139.72647
35.672993 139.49294
35.837273 139.7231
35.672787 139.48462
35.729355 139.71176
35.630386 139.87958
35.64687 139.71075
35.63016 139.8788
35.67613 139.6432
35.731503 139.71082
35.670135 139.764
35.69071 139.6994
35.761124 139.8519
35.7051 139.63527
35.662857 139.71086
35.65581 139.70389
35.68749 139.60002
35.66549 139.7611
35.729866 139.71095
35.672543 139.72511
35.729347 139.71817
35.731693 139.71288
35.660427 139.70439
35.7124 139.49649
35.667896 139.69019
35.661057 139.66914
35.6589 139.70326
35.729347 139.71834
35.63169 139.88197
35.695385 139.75835
35.692127 139.70316
35.532784 139.69548
35.72876 139.71939
35.6824 139.77386
35.661114 139.69966
35.66464 139.86357
35.660393 139.72903
35.658524 139.70132
35.658745 139.69913
35.534893 139.702
35.658146 139.75008
35.613148 139.627
35.62502 139.77531
35.634136 139.8811
35.675358 139.77185
35.6824 139.77386
35.729546 139.71394
35.71032 139.49695
35.697815 139.77377
35.6705 139.70662
35.7015 139.7712
35.6589 139.70326
35.699505 139.57475
35.66625 139.73122
35.76397 139.68706
35.668636 139.70563
35.57958 139.57301
35.698994 139.77293
35.685696 139.74164
35.666325 139.70506
35.694695 139.60507
35.666946 139.77057
35.74084 139.61678
35.70472 139.62157
35.646553 139.71022
35.6746 139.7777
35.700737 139.77188
35.692837 139.70583
35.698597 139.77303
35.688805 139.76225
