35.65908 139.69887
35.701736 139.52483
35.565826 139.63892
35.65928 139.77458
35.680355 139.77057
35.65585 139.70116
35.67268 139.72539
35.70096 139.53003
35.703938 139.73422
35.607132 139.73477
35.73201 139.4822
35.637436 139.7252
35.66279 139.75963
35.658566 139.74548
35.698597 139.77303
35.681004 139.76384
35.664196 139.71376
35.679836 139.78006
35.699017 139.77463
35.698597 139.77303
35.54896 139.7846
35.682423 139.7641
35.63578 139.7275
35.655315 139.75677
35.690594 139.69257
35.60727 139.60571
35.698597 139.77303
35.710197 139.76
35.627758 139.73502
35.691246 139.76357
35.628227 139.73871
35.64544 139.55809
35.690266 139.76404
35.66836 139.6504
35.645145 139.55974
35.66669 139.75813
35.616577 139.56491
35.658745 139.69913
35.70453 139.77798
35.70179 139.76979
35.688225 139.70131
35.690346 139.69978
35.690804 139.70027
35.691376 139.69936
35.61626 139.5641
35.64442 139.56627
35.69081 139.69682
35.69064 139.7687
35.66202 139.69797
35.69834 139.76886
35.656372 139.69942
35.699017 139.77463
35.73023 139.71117
35.704666 139.62032
35.66998 139.7634
35.67867 139.76735
35.69097 139.73549
35.698345 139.75667
35.693745 139.77089
35.65726 139.56804
35.70375 139.57654
35.58382 139.61461
35.584835 139.61053
35.6587 139.70079
35.731327 139.71426
35.701736 139.52483
35.694027 139.69275
35.731842 139.72806
35.778114 139.63046
35.778114 139.63046
35.62812 139.73798
35.71332 139.77628
35.687706 139.70213
35.658524 139.70132
35.690754 139.74751
35.67058 139.60895
35.58382 139.61461
35.659416 139.90288
35.6643 139.69695
35.610355 139.7504
35.60979 139.7497
35.61279 139.54861
35.658195 139.70203
35.613327 139.54831
35.694393 139.69281
35.764397 139.85263
35.670544 139.71785
35.73857 139.71695
35.698597 139.77303
35.699017 139.77463
35.689938 139.70631
35.768486 139.58716
35.666615 139.75818
35.658524 139.70132
35.673744 139.66725
35.670242 139.76395
35.628025 139.73804
35.699738 139.77255
35.541496 139.71268
35.658524 139.70132
35.70141 139.75385
35.699017 139.77463
35.705105 139.71832
35.65189 139.5444
35.658733 139.70163
35.691296 139.73547
35.690998 139.73558
35.753033 139.59502
35.655457 139.70004
35.694695 139.77484
35.690804 139.70027
35.658524 139.70132
35.658524 139.70132
35.645443 139.69925
35.69526 139.73567
35.69275 139.72841
35.679836 139.78006
35.70664 139.67233
35.74954 139.58653
35.687695 139.69728
35.661083 139.68431
35.688766 139.69812
35.64388 139.69951
35.68877 139.69997
35.644207 139.70082
35.705376 139.5786
35.791233 139.69139
35.658524 139.70132
35.648434 139.6944
35.705185 139.57907
35.703506 139.5802
35.69793 139.77524
35.66807 139.77252
35.691296 139.73547
35.703197 139.57991
35.673687 139.76039
35.664192 139.7446
35.673203 139.76047
35.673115 139.75839
35.815445 139.58719
35.58563 139.63136
35.677273 139.49173
35.668224 139.60114
35.689877 139.70227
35.775223 139.786
35.60734 139.68474
35.58382 139.61461
35.689945 139.70155
35.65866 139.68448
35.68855 139.69865
35.549263 139.66548
35.672268 139.76578
35.733627 139.8505
35.689808 139.6979
35.67618 139.7356
35.7017 139.68886
35.698597 139.77303
35.698597 139.77303
35.690804 139.70027
35.67315 139.76706
35.62645 139.72343
35.679836 139.78006
35.65881 139.70529
35.73749 139.84956
35.690804 139.70027
35.655617 139.75674
35.698597 139.77303
35.711876 139.75267
35.72777 139.77097
35.691246 139.76357
35.738834 139.66277
35.698597 139.77303
35.66723 139.47743
35.64914 139.69937
35.737373 139.84552
35.690804 139.70027
35.69081 139.69682
35.69877 139.77086
35.64609 139.70692
35.750866 139.8669
35.69526 139.73567
35.69275 139.72841
35.698544 139.77171
35.691917 139.70569
35.74959 139.86545
35.659527 139.70256
35.690804 139.70027
35.702267 139.57906
35.603752 139.5076
35.701385 139.74484
35.776237 139.63225
35.653137 139.54381
35.72729 139.71136
35.699017 139.77463
35.7475 139.83554
35.699173 139.77255
35.698597 139.77303
35.733456 139.73949
35.733536 139.72675
35.657932 139.698
35.657745 139.68648
35.702194 139.75517
35.702255 139.75229
35.69097 139.73549
35.547756 139.78514
35.701714 139.77719
35.658566 139.74548
35.668224 139.60114
35.690804 139.70027
35.699017 139.77463
35.692566 139.6987
35.700222 139.7892
35.697308 139.7852
35.633644 139.53526
35.697468 139.78558
35.65916 139.54364
35.698704 139.771
35.662754 139.7606
35.60743 139.68562
35.71347 139.77626
35.72568 139.71951
35.72906 139.71898
35.60704 139.73502
35.704777 139.58086
35.64258 139.67319
35.58382 139.61461
35.568405 139.55351
35.674488 139.76677
35.701935 139.75468
35.69783 139.7005
35.703007 139.77167
35.72906 139.71898
35.70544 139.61931
35.699203 139.77043
35.652855 139.54375
35.664356 139.74483
35.68083 139.76808
35.769108 139.56061
35.69275 139.72841
35.69526 139.73567
35.65671 139.70224
35.679276 139.60963
35.693752 139.70172
35.700253 139.48026
35.697784 139.77565
35.807728 139.71431
35.80811 139.71379
35.70034 139.77116
35.807552 139.71397
35.68355 139.76654
35.669865 139.61624
35.703842 139.59937
35.687008 139.70233
35.633644 139.53526
35.76356 139.67567
35.699406 139.77112
35.700584 139.77184
35.689987 139.70113
35.659004 139.79327
35.70123 139.77176
35.65332 139.70453
35.690804 139.70027
35.729866 139.71095
35.63627 139.88344
35.69981 139.77182
35.70361 139.48047
35.703457 139.48055
35.760235 139.72221
35.80366 139.71825
35.700253 139.48026
35.59974 139.61023
35.679085 139.77995
35.667614 139.63184
35.670685 139.65892
35.68151 139.76532
35.65189 139.5444
35.75663 139.72725
35.687706 139.70213
35.73135 139.70749
35.730907 139.709
35.791233 139.69139
35.700253 139.48026
35.75655 139.72806
35.611694 139.54053
35.57779 139.55855
35.70037 139.77054
35.73069 139.71237
35.729866 139.71095
35.68091 139.7684
35.669174 139.63234
35.661217 139.70775
35.74954 139.58653
35.729416 139.71585
35.661217 139.70775
35.762203 139.82494
35.666615 139.75818
35.701195 139.77127
35.679417 139.77185
35.80198 139.71982
35.689808 139.6979
35.668682 139.62505
35.628025 139.73804
35.658524 139.70132
35.757175 139.58836
35.749645 139.80515
35.613144 139.54823
35.676666 139.6141
35.698883 139.77042
35.698597 139.77303
35.618694 139.77972
35.703213 139.60092
35.733086 139.71016
35.673115 139.75839
35.663067 139.71391
35.701946 139.61673
35.69951 139.77045
35.58382 139.61461
35.658215 139.69702
35.698597 139.77303
35.766552 139.58731
35.71202 139.7984
35.704685 139.61598
35.74954 139.58653
35.689945 139.70155
35.619698 139.72855
35.688225 139.70131
35.74633 139.84329
35.698826 139.77188
35.684742 139.77444
35.681377 139.76608
35.658745 139.69913
35.696747 139.7735
35.616898 139.56474
35.626667 139.74037
35.69651 139.77115
35.697357 139.77515
35.678368 139.78152
35.702705 139.56084
35.796738 139.59967
35.614883 139.56667
35.695732 139.77785
35.610443 139.69441
35.69261 139.75551
35.61392 139.70976
35.69354 139.75792
35.659527 139.74425
35.60743 139.68562
35.629868 139.79427
35.607536 139.66884
35.66534 139.6705
35.665543 139.6696
35.813705 139.56673
35.61432 139.73782
35.60883 139.6727
35.65584 139.70042
35.700253 139.48026
35.71484 139.75905
35.62571 139.88683
35.71294 139.75964
35.70818 139.72289
35.764732 139.80342
35.617188 139.56456
35.698895 139.77101
35.65371 139.54442
35.70823 139.72292
35.61929 139.54327
35.71301 139.77583
35.698986 139.77106
35.699406 139.77112
35.729866 139.71095
35.690804 139.70027
35.691566 139.84451
35.658524 139.70132
35.687794 139.67784
35.69951 139.77045
35.698597 139.77303
35.75555 139.80359
35.749645 139.80515
35.698597 139.77303
35.603752 139.5076
35.69954 139.77043
35.67058 139.60895
35.70034 139.77116
35.647743 139.71428
35.628025 139.73804
35.698597 139.77303
35.762203 139.82494
35.751343 139.80328
35.69152 139.70125
35.70034 139.77116
35.791233 139.69139
35.60743 139.68562
35.63368 139.71552
35.62049 139.7044
35.627125 139.88745
35.539604 139.68896
35.700565 139.77078
35.692886 139.70323
35.747204 139.80208
35.74704 139.80344
35.67812 139.81207
35.58847 139.56003
35.70123 139.77176
35.730377 139.7124
35.750534 139.80286
35.59723 139.66754
35.630146 139.74043
35.68355 139.76654
35.677017 139.73705
35.58382 139.61461
35.72686 139.71227
35.700253 139.48026
35.67691 139.81235
35.700066 139.77162
35.67023 139.75305
35.703007 139.77167
35.66582 139.80386
35.689114 139.70744
35.701736 139.52483
35.67397 139.74474
35.703285 139.5612
35.70075 139.77191
35.700962 139.77095
35.697544 139.80759
35.673397 139.74472
35.700428 139.77176
35.68958 139.70146
35.582535 139.64224
35.672195 139.48047
35.717667 139.56612
35.65496 139.74365
35.684803 139.72543
35.699017 139.77463
35.698597 139.77303
35.692543 139.75827
35.729908 139.71353
35.60704 139.73502
35.7032 139.57991
35.81037 139.71442
35.656372 139.69942
35.77658 139.67863
35.724533 139.79729
35.52997 139.69966
35.698597 139.77303
35.655907 139.69533
35.6639 139.70297
35.531 139.70065
35.700752 139.77095
35.72517 139.79695
35.645977 139.82597
35.655178 139.54454
35.610687 139.74847
35.720898 139.77985
35.77806 139.72084
35.59838 139.65108
35.728302 139.80046
35.726814 139.80023
35.658195 139.70203
35.65189 139.5444
35.726917 139.8022
35.78004 139.72083
35.699883 139.77242
35.749645 139.80515
35.56986 139.56613
35.63346 139.88777
35.698597 139.77303
35.698338 139.77304
35.723698 139.80272
35.698338 139.77304
35.83326 139.79112
35.695724 139.75227
35.59949 139.61156
35.701935 139.75468
35.670326 139.60904
35.70074 139.77188
35.630146 139.74043
35.553085 139.64842
35.69097 139.73549
35.807854 139.84503
35.678276 139.54732
35.75663 139.72725
35.680733 139.57216
35.677013 139.73705
35.70074 139.77193
35.75655 139.72806
35.68856 139.697
35.68208 139.54398
35.681454 139.54309
35.68206 139.78603
35.6921 139.78488
35.60426 139.65205
35.59974 139.61023
35.603752 139.5076
35.685974 139.767
35.729866 139.71095
35.690804 139.70027
35.690346 139.69978
35.690804 139.70027
35.697784 139.77565
35.826817 139.65268
35.692055 139.54665
35.700253 139.48026
35.63168 139.70667
35.695732 139.77785
35.686005 139.73067
35.70123 139.54416
35.698597 139.77303
35.691982 139.76344
35.73743 139.66838
35.71141 139.76021
35.69275 139.72841
35.706688 139.75993
35.791233 139.69139
35.690468 139.69783
35.73723 139.66864
35.702335 139.57971
35.65189 139.5444
35.749645 139.80515
35.631817 139.63788
35.68962 139.70024
35.629868 139.79427
35.694695 139.55983
35.695114 139.56108
35.690804 139.70027
35.65887 139.66733
35.757175 139.58836
35.73108 139.70392
35.73168 139.7061
35.73029 139.70578
35.62359 139.75034
35.73069 139.71237
35.651173 139.74521
35.69545 139.56122
35.728756 139.71127
35.66836 139.6504
35.698597 139.77303
35.728607 139.71017
35.698536 139.77287
35.698597 139.77303
35.674477 139.69328
35.646774 139.74484
35.70835 139.71976
35.703945 139.59998
35.657238 139.69363
35.705616 139.56076
35.707424 139.56091
35.563244 139.71567
35.709736 139.7175
35.74954 139.58653
35.702705 139.56084
35.689846 139.76434
35.67227 139.75871
35.713226 139.5619
35.699013 139.77014
35.70146 139.69888
35.64159 139.71327
35.6993 139.7696
35.77806 139.72084
35.700436 139.77025
35.701714 139.69641
35.70087 139.69722
35.585083 139.61429
35.699356 139.74469
35.678726 139.76495
35.654575 139.79242
35.68807 139.6781
35.729866 139.71095
35.68807 139.6781
35.700565 139.77078
35.705692 139.6657
35.690804 139.70027
35.69958 139.76523
35.685696 139.74164
35.7075 139.66469
35.66629 139.47705
35.701935 139.75468
35.7135 139.77628
35.66836 139.6504
35.697468 139.78598
35.562477 139.71605
35.70049 139.77179
35.698082 139.77145
35.606094 139.7254
35.70818 139.72289
35.78015 139.61142
35.778385 139.62497
35.608566 139.72656
35.68212 139.80034
35.681377 139.76608
35.696102 139.70988
35.699722 139.7742
35.63368 139.71552
35.62049 139.7044
35.62179 139.70444
35.691296 139.73547
35.67968 139.80806
35.76543 139.84799
35.698597 139.77303
35.698597 139.77303
35.699017 139.77463
35.729866 139.71095
35.619045 139.7051
35.695423 139.78038
35.700737 139.77188
35.61903 139.70479
35.613586 139.54915
35.616074 139.72464
35.69927 139.77249
35.695732 139.77785
35.65357 139.54314
35.74954 139.58653
35.616566 139.72604
35.644897 139.71098
35.660255 139.68352
35.698597 139.77303
35.707806 139.72092
35.732616 139.71405
35.62049 139.7044
35.628418 139.73987
35.681377 139.76608
35.729866 139.71095
35.72777 139.77097
35.56124 139.716
35.695736 139.74919
35.60743 139.68562
35.6576 139.5428
35.668167 139.83228
35.704784 139.7535
35.658348 139.54083
35.703842 139.59937
35.62519 139.77542
35.624756 139.77585
35.687016 139.70232
35.62521 139.77562
35.615646 139.5654
35.7132 139.70348
35.729866 139.71095
35.712902 139.7039
35.729866 139.71095
35.699894 139.7227
35.69988 139.72289
35.698997 139.7233
35.701736 139.52483
35.70195 139.71417
35.70147 139.7121
35.69958 139.76523
35.719486 139.65387
35.66775 139.76082
35.585083 139.61429
35.72268 139.63882
35.698597 139.77303
35.700253 139.48026
35.698597 139.77303
35.67996 139.78009
35.71337 139.77634
35.691975 139.72054
35.53694 139.63487
35.73201 139.4822
35.607536 139.66884
35.68196 139.79976
35.695503 139.75171
35.628227 139.73871
35.652916 139.74478
35.660027 139.69592
35.653053 139.74501
35.703285 139.5612
35.65249 139.74506
35.65266 139.74416
35.73201 139.4822
35.699017 139.77463
35.678345 139.7401
35.70185 139.7714
35.531326 139.6969
35.680664 139.7978
35.698597 139.77303
35.681744 139.73882
35.700016 139.7697
35.695652 139.76068
35.607105 139.73479
35.71688 139.62556
35.582535 139.64224
35.534855 139.6995
35.7032 139.57991
35.70583 139.6658
35.727703 139.77098
35.65189 139.5444
35.66723 139.47743
35.698826 139.77188
35.658524 139.70132
35.699905 139.77002
35.677986 139.70483
35.671803 139.835
35.698597 139.77303
35.729168 139.71144
35.661587 139.66748
35.646717 139.7124
35.69981 139.77182
35.698357 139.7722
35.70123 139.77176
35.728848 139.71133
35.659817 139.7024
35.65189 139.5444
35.729977 139.61473
35.695896 139.69997
35.695335 139.70103
35.696007 139.70094
35.73023 139.71117
35.70185 139.7714
35.728504 139.7115
35.672905 139.79831
35.729477 139.71199
35.713696 139.6146
35.70121 139.7713
35.701283 139.77129
35.729027 139.71109
35.698895 139.77101
35.698326 139.77162
35.729027 139.71109
35.710037 139.8107
35.65907 139.69891
35.66899 139.67972
35.69981 139.77182
35.698025 139.77242
35.700985 139.77104
35.733814 139.71523
35.69951 139.77045
35.690903 139.69626
35.68972 139.69925
35.670677 139.70253
35.706226 139.61833
35.7044 139.62102
35.729866 139.71095
35.70093 139.77065
35.700672 139.77286
35.672894 139.72363
35.698597 139.77303
35.673107 139.74077
35.69958 139.76523
35.674213 139.74506
35.675808 139.74489
35.699883 139.77055
35.698597 139.77303
35.700737 139.77188
35.627525 139.7788
35.719677 139.65352
35.729218 139.71227
35.699577 139.77051
35.671577 139.74126
35.82802 139.69052
35.670326 139.76324
35.660507 139.707
35.729347 139.71817
35.688293 139.69731
35.70093 139.77065
35.62403 139.77872
35.69064 139.6954
35.70372 139.75352
35.729866 139.71095
35.59974 139.61023
35.827663 139.69218
35.72695 139.71896
35.698597 139.77303
35.54892 139.78452
35.638374 139.72713
35.6394 139.72917
35.729866 139.71095
35.63847 139.72862
35.69946 139.77043
35.665367 139.72638
35.66551 139.75975
35.701813 139.77126
35.635757 139.73137
35.843185 139.80074
35.638344 139.73183
35.658524 139.70132
35.67171 139.47984
35.72906 139.71884
35.54892 139.78452
35.568405 139.55351
35.70037 139.77054
35.702053 139.77113
35.656834 139.79828
35.702057 139.7719
35.73201 139.4822
35.67458 139.71713
35.65787 139.69879
35.69001 139.70589
35.706062 139.61818
35.729866 139.71095
35.658524 139.70132
35.67458 139.71713
35.702213 139.77072
35.73232 139.70938
35.676655 139.8049
35.699226 139.74507
35.689293 139.82939
35.728596 139.71332
35.628227 139.73871
35.704773 139.63538
35.70619 139.77165
35.654575 139.79242
35.589745 139.66878
35.701813 139.77126
35.703564 139.47433
35.666294 139.71408
35.701046 139.7718
35.729347 139.71817
35.599022 139.6112
35.672565 139.71176
35.655567 139.7366
35.701366 139.77126
35.700073 139.77249
35.68456 139.6153
35.72906 139.71884
35.693256 139.70148
35.699017 139.77463
35.68888 139.82904
35.701332 139.7713
35.531326 139.6969
35.658195 139.70203
35.688614 139.69836
35.729202 139.70886
35.52959 139.69783
35.70204 139.77046
35.62592 139.78223
35.778225 139.6309
35.70156 139.77036
35.68245 139.68547
35.730774 139.71547
35.65572 139.73915
35.841732 139.78566
35.69771 139.77435
35.627525 139.7788
35.700737 139.77188
35.690804 139.70027
35.620483 139.77226
35.62521 139.77562
35.670128 139.71706
35.694416 139.82352
35.698597 139.77303
35.748306 139.56767
35.729866 139.71095
35.66073 139.66742
35.528175 139.69798
35.57573 139.65965
35.68164 139.76898
35.700073 139.484
35.62592 139.78223
35.699017 139.77463
35.62533 139.78023
35.69951 139.77045
35.730766 139.71037
35.71035 139.80904
35.672043 139.76418
35.675304 139.76167
35.671616 139.76216
35.710037 139.8107
35.70035 139.77174
35.700428 139.77176
35.626083 139.78116
35.528183 139.69803
35.659542 139.69939
35.73322 139.71152
35.6961 139.81567
35.74189 139.55817
35.70505 139.61954
35.62868 139.73938
35.615482 139.7775
35.62519 139.77542
35.6494 139.68208
35.665123 139.8352
35.74633 139.84329
35.670334 139.7626
35.66669 139.75813
35.698883 139.77042
35.658524 139.70132
35.698597 139.77303
35.626083 139.78116
35.844215 139.62791
35.707344 139.75145
35.72777 139.77097
35.665367 139.72638
