35.746784 139.75464
35.630146 139.74043
35.79221 139.71773
35.562386 139.71596
35.589745 139.66878
35.656303 139.75894
35.690804 139.70027
35.65227 139.72223
35.700253 139.48026
35.689857 139.83566
35.791233 139.69139
35.672195 139.48047
35.69001 139.70589
35.655518 139.75673
35.702705 139.56084
35.815655 139.70436
35.674965 139.76347
35.769028 139.8838
35.622837 139.74924
35.68206 139.78603
35.673096 139.75995
35.708363 139.6141
35.708805 139.61385
35.613327 139.54831
35.658745 139.69913
35.7308 139.71056
35.728596 139.71332
35.74957 139.86533
35.698597 139.77303
35.55884 139.5514
35.583366 139.64174
35.690994 139.76389
35.84768 139.66914
35.791233 139.69139
35.69167 139.77087
35.701736 139.52483
35.71035 139.80904
35.72777 139.77097
35.65227 139.72223
35.698597 139.77303
35.658524 139.70132
35.599953 139.6106
35.746784 139.75464
35.681377 139.76608
35.630146 139.74043
35.732117 139.76671
35.7051 139.61958
35.70522 139.61977
35.723476 139.62003
35.573822 139.53384
35.72833 139.55313
35.689857 139.83566
35.65866 139.68448
35.723457 139.62006
35.589745 139.66878
35.562477 139.71605
35.69958 139.76523
35.710857 139.75293
35.690815 139.70274
35.732635 139.7679
35.791233 139.69139
35.658733 139.68304
35.58555 139.68224
35.706867 139.61685
35.690804 139.70027
35.702633 139.74873
35.655518 139.75673
35.712944 139.76115
35.686417 139.74405
35.702705 139.56084
35.67498 139.76321
35.669876 139.61572
35.622944 139.75063
35.622837 139.74924
35.673096 139.75995
35.815655 139.70436
35.6588 139.69922
35.70195 139.58156
35.703064 139.58107
35.703106 139.58098
35.70304 139.57986
35.703186 139.57991
35.703842 139.59937
35.728596 139.71332
35.620815 139.56972
35.84768 139.66914
35.589745 139.66878
35.68972 139.69925
35.703842 139.59937
35.700253 139.48026
35.71035 139.80904
35.79221 139.71773
35.701736 139.52483
35.671417 139.75284
35.689857 139.83566
35.658524 139.70132
35.562386 139.71596
35.700253 139.48026
35.69225 139.78046
35.777225 139.79045
35.655518 139.75673
35.645733 139.74757
35.749645 139.80515
35.65227 139.72223
35.622944 139.75063
35.791233 139.69139
35.71109 139.79636
35.68206 139.78603
35.815655 139.70436
35.67498 139.76321
35.72777 139.77097
35.589 139.68182
35.673096 139.75995
35.658745 139.69913
35.703186 139.57991
35.7032 139.57991
35.70583 139.6658
35.63161 139.63855
35.703842 139.59937
35.701736 139.52483
35.690266 139.76404
35.619698 139.72855
35.646877 139.70995
35.79221 139.71773
35.65907 139.70058
35.620815 139.56972
35.658524 139.70132
35.65189 139.5444
35.562386 139.71596
35.63368 139.71552
35.696907 139.8145
35.690804 139.70027
35.689575 139.53127
35.668224 139.60114
35.66895 139.69131
35.658524 139.70132
35.729866 139.71095
35.700253 139.48026
35.599022 139.6112
35.655518 139.75673
35.730606 139.70459
35.70836 139.6149
35.562477 139.71605
35.696438 139.81395
35.622944 139.75063
35.67498 139.76321
35.646137 139.82742
35.622837 139.74924
35.729866 139.71095
35.72777 139.77097
35.702705 139.56084
35.673096 139.75995
35.703064 139.58107
35.703114 139.58105
35.70304 139.57986
35.728596 139.71332
35.70583 139.6658
35.690804 139.70027
35.84768 139.66914
35.711414 139.64377
35.70231 139.74503
35.688347 139.7629
35.62645 139.72343
35.71347 139.77626
35.69643 139.81395
35.620815 139.56972
35.723366 139.62022
35.668224 139.60114
35.562386 139.71596
35.695213 139.7939
35.706123 139.6192
35.63368 139.71552
35.700253 139.48026
35.589745 139.66878
35.689857 139.83566
35.599022 139.6112
35.67459 139.77768
35.65227 139.72223
35.65189 139.5444
35.690804 139.70027
35.710857 139.75293
35.630146 139.74043
35.706047 139.61809
35.655518 139.75673
35.646137 139.82742
35.645733 139.74757
35.689575 139.53127
35.749645 139.80515
35.655575 139.54433
35.702705 139.56084
35.622944 139.75063
35.729866 139.71095
35.562477 139.71605
35.728607 139.71017
35.68206 139.78603
35.669876 139.61572
35.658745 139.69913
35.681377 139.76608
35.622837 139.74924
35.749645 139.80515
35.701935 139.58168
35.63627 139.88344
35.703064 139.58107
35.67498 139.76321
35.70304 139.57986
35.703186 139.57991
35.662754 139.7606
35.7032 139.57991
35.729286 139.7133
35.728596 139.71332
35.631664 139.64478
35.70583 139.6658
35.69097 139.73549
35.673744 139.66725
35.74978 139.80547
35.68972 139.69925
35.67913 139.83601
35.71035 139.80904
35.704685 139.61598
35.70478 139.62138
35.700253 139.48026
35.701736 139.52483
35.65227 139.72223
35.79221 139.71773
35.69347 139.71213
35.746784 139.75464
35.710857 139.75293
35.689575 139.53127
35.689857 139.83566
35.729866 139.71095
35.589745 139.66878
35.749645 139.80515
35.7032 139.57991
35.703186 139.57991
35.562477 139.71605
35.688015 139.57254
35.698597 139.77303
35.791233 139.69139
35.737278 139.6529
35.689323 139.57251
35.649315 139.75911
35.69061 139.57274
35.655518 139.75673
35.696438 139.81395
35.74875 139.80653
35.701935 139.58168
35.67498 139.76321
35.690346 139.69978
35.68206 139.78603
35.703114 139.58105
35.703186 139.57991
35.658745 139.69913
35.673096 139.75995
35.698193 139.58096
35.728596 139.71332
35.691017 139.70392
35.775223 139.786
35.701584 139.7069
35.700912 139.7069
35.706463 139.61813
35.70108 139.7077
35.627525 139.7788
35.700253 139.48026
35.620815 139.56972
35.599022 139.6112
35.54896 139.78418
35.70836 139.6149
35.577347 139.5838
35.701736 139.52483
35.690266 139.76404
35.658733 139.70163
35.703842 139.59937
35.708958 139.79657
35.70615 139.52599
35.620815 139.56972
35.65227 139.72223
35.65189 139.5444
35.689133 139.70001
35.746784 139.75464
35.691517 139.6984
35.656906 139.75717
35.691715 139.69864
35.599022 139.6112
35.710857 139.75293
35.665787 139.73096
35.79221 139.71773
35.694607 139.7986
35.56227 139.71584
35.712948 139.76108
35.65643 139.54462
35.749645 139.80515
35.74801 139.80661
35.701736 139.52483
35.74911 139.80641
35.697468 139.78598
35.589745 139.66878
35.791233 139.69139
35.690804 139.70027
35.658524 139.70132
35.700253 139.48026
35.630146 139.74043
35.698494 139.7725
35.655518 139.75673
35.70068 139.77205
35.696438 139.81395
35.729866 139.71095
35.698597 139.77303
35.622944 139.75063
35.669876 139.61572
35.658745 139.69913
35.689575 139.53127
35.622837 139.74924
35.702705 139.56084
35.666615 139.75818
35.67498 139.76321
35.701935 139.58168
35.562477 139.71605
35.71373 139.77641
35.72777 139.77097
35.703342 139.58089
35.703186 139.57991
35.6694 139.75691
35.730232 139.70407
35.737873 139.65453
35.69808 139.76599
35.65189 139.5444
35.692204 139.76451
35.620815 139.56972
35.65227 139.72223
35.703842 139.59937
35.553474 139.5785
35.70615 139.52599
35.700253 139.48026
35.69162 139.76352
35.698597 139.77303
35.746784 139.75464
35.656265 139.75858
35.599022 139.6112
35.686417 139.74405
35.562477 139.71605
35.56227 139.71584
35.668224 139.60114
35.570354 139.68005
35.589745 139.66878
35.646877 139.70995
35.791233 139.69139
35.658524 139.70132
35.723476 139.62003
35.723324 139.61981
35.630146 139.74043
35.804066 139.79689
35.56227 139.71584
35.690804 139.70027
35.762203 139.82494
35.729866 139.71095
35.658745 139.69913
35.709713 139.61246
35.673096 139.75995
35.730907 139.709
35.749645 139.80515
35.691296 139.73547
35.701935 139.58168
35.703342 139.58089
35.666615 139.75818
35.70304 139.57986
35.728596 139.71332
35.74801 139.80661
35.669437 139.76723
35.599953 139.6106
35.665787 139.73096
35.708958 139.79657
35.68599 139.76343
35.62645 139.72343
35.65227 139.72223
35.70621 139.61798
35.706062 139.61818
35.71035 139.80904
35.703842 139.59937
35.698597 139.77303
35.68835 139.76315
35.746784 139.75464
35.620815 139.56972
35.655617 139.75674
35.714508 139.77727
35.645924 139.82692
35.79221 139.71773
35.562477 139.71605
35.656265 139.75858
35.658524 139.70132
35.668224 139.60114
35.732117 139.76671
35.701736 139.52483
35.58555 139.68224
35.65643 139.54462
35.570354 139.68005
35.70685 139.61772
35.589745 139.66878
35.690804 139.70027
35.696438 139.81395
35.669876 139.61572
35.631664 139.64478
35.7273 139.61247
35.658745 139.69913
35.67498 139.76321
35.700073 139.77249
35.728596 139.71332
35.741962 139.64793
35.68206 139.78603
