35.632927 139.66135
35.729866 139.71095
35.66343 139.52536
35.658524 139.70132
35.688046 139.79843
35.71039 139.77473
35.671276 139.76057
35.729866 139.71095
35.63441 139.79161
35.62846 139.64911
35.680367 139.7616
35.702366 139.77052
35.705544 139.64993
35.657993 139.69992
35.619904 139.72896
35.730995 139.7137
35.623802 139.60736
35.665344 139.8922
35.67977 139.47981
35.703247 139.60004
35.688824 139.70009
35.659897 139.72871
35.71577 139.85834
35.690804 139.70027
35.701263 139.7721
35.700428 139.77176
35.70225 139.67477
35.71362 139.77652
35.71406 139.77408
35.649006 139.80243
35.654037 139.70877
35.647556 139.69635
35.729866 139.71095
35.730766 139.74178
35.69245 139.73526
35.65606 139.70432
35.71406 139.77408
35.665497 139.75964
35.807842 139.678
35.713524 139.70343
35.698597 139.77303
35.690346 139.69978
35.64468 139.69713
35.688126 139.74522
35.71696 139.85817
35.55127 139.78758
35.620426 139.70448
35.642963 139.69855
35.71679 139.85826
35.67198 139.76396
35.658344 139.69989
35.858738 139.65729
35.630146 139.74043
35.698757 139.77455
35.669483 139.71388
35.691143 139.77022
35.665115 139.71246
35.72823 139.714
35.705643 139.84961
35.666615 139.75818
35.643715 139.66965
35.698597 139.77303
35.60693 139.64049
35.645542 139.66943
35.679955 139.72021
35.695816 139.70142
35.67649 139.6743
35.63392 139.715
35.693657 139.70227
35.65875 139.69824
35.717335 139.76573
35.700104 139.77397
35.71016 139.66649
35.69877 139.77013
35.607536 139.66884
35.681377 139.76608
35.715725 139.85947
35.67844 139.76288
35.729866 139.71095
35.729866 139.71095
35.619698 139.72855
35.716087 139.79553
35.669464 139.8584
35.64569 139.48976
35.752457 139.87038
35.753494 139.87022
35.700233 139.561
35.63441 139.79161
35.71016 139.72491
35.554764 139.71869
35.691685 139.70114
35.643513 139.67116
35.57491 139.66324
35.77806 139.72084
35.734978 139.70891
35.681377 139.76608
35.826817 139.65268
35.692688 139.70366
35.677517 139.7654
35.681297 139.76703
35.644207 139.70082
35.658524 139.70132
35.665615 139.8574
35.72686 139.71227
35.6704 139.7632
35.63023 139.79137
35.688957 139.70001
35.709778 139.72778
35.67745 139.76575
35.690804 139.70027
35.728825 139.7117
35.54506 139.76903
35.858536 139.65878
35.54555 139.5747
35.696587 139.77527
35.67988 139.76837
35.575733 139.65965
35.66361 139.87271
35.62812 139.73798
35.698322 139.70299
35.54506 139.76903
35.712124 139.85983
35.69437 139.70056
35.69813 139.63881
35.64434 139.75562
35.697163 139.63695
35.727093 139.71199
35.695065 139.6375
35.729866 139.71095
35.69928 139.63799
35.69958 139.76523
35.560047 139.72357
35.64324 139.66762
35.69643 139.81395
35.72176 139.72568
35.644745 139.72246
35.681377 139.76608
35.749645 139.80515
35.66471 139.58763
35.577393 139.66005
35.577415 139.66046
35.626007 139.68228
35.711357 139.77588
35.626404 139.62643
35.713657 139.7771
35.560207 139.65349
35.73023 139.71117
35.698597 139.77303
35.708313 139.73248
35.653713 139.70407
35.651577 139.63638
35.560684 139.72372
35.6115 139.62662
35.528732 139.69952
35.735554 139.70818
35.70078 139.57819
35.564976 139.65575
35.563545 139.65515
35.563644 139.65518
35.72832 139.76363
35.691143 139.69734
35.72893 139.7437
35.697243 139.75748
35.66182 139.72974
35.725212 139.8507
35.788254 139.61292
35.743977 139.64789
35.584675 139.73586
35.62381 139.72258
35.697468 139.78558
35.70001 139.78029
35.53165 139.69716
35.84171 139.78806
35.63441 139.79161
35.776848 139.72017
35.669453 139.68147
35.646797 139.70874
35.670704 139.69664
35.68677 139.7293
35.691685 139.70114
35.690804 139.70027
35.67841 139.77087
35.688602 139.69894
35.702152 139.73784
35.55138 139.7884
35.600147 139.60983
35.63057 139.71434
35.681377 139.76608
35.661304 139.69794
35.661304 139.69794
35.59648 139.60306
35.649178 139.70761
35.72833 139.76451
35.673504 139.75677
35.66104 139.69928
35.67215 139.70897
35.6736 139.73703
35.697933 139.77605
35.63361 139.71428
35.719986 139.76309
35.628914 139.68677
35.69167 139.77087
35.791306 139.62798
35.698597 139.77303
35.678852 139.77295
35.702152 139.73854
35.673756 139.76591
35.699757 139.57341
35.702705 139.56084
35.702705 139.56084
35.730537 139.71544
35.717937 139.81631
35.531326 139.6969
35.63178 139.64214
35.550003 139.78647
35.7121 139.77635
35.758724 139.87045
35.690346 139.69978
35.729866 139.71095
35.683273 139.76888
35.645203 139.60864
35.69505 139.76668
35.711086 139.77513
35.698597 139.77303
35.69749 139.64864
35.729782 139.71068
35.697563 139.78308
35.730537 139.71544
35.683674 139.70128
35.732353 139.88057
35.690144 139.68542
35.70231 139.74503
35.71679 139.85826
35.729866 139.71095
35.690956 139.70573
35.708664 139.61703
35.709846 139.7908
35.717995 139.8586
35.735508 139.65279
35.54506 139.76903
35.702682 139.57951
35.7015 139.7712
35.562477 139.71605
35.732166 139.71017
35.58049 139.66187
35.67314 139.73822
35.64645 139.71577
35.605553 139.74239
35.71115 139.77356
35.701054 139.4794
35.70072 139.77242
35.593037 139.68091
35.70331 139.74464
35.681377 139.76608
35.699226 139.57852
35.588432 139.72792
35.71362 139.77652
35.56476 139.65523
35.532158 139.70607
35.53694 139.63487
35.65912 139.6976
35.58749 139.62952
35.66629 139.47705
35.705837 139.72112
35.662045 139.72919
35.662067 139.73077
35.64385 139.66953
35.70402 139.66527
35.648994 139.6996
35.729866 139.71095
35.663315 139.73212
35.71141 139.71025
35.585953 139.68135
35.603752 139.5076
35.561413 139.71486
35.65926 139.70248
35.610806 139.74464
35.545113 139.76721
35.80072 139.61928
35.672325 139.73654
35.690804 139.70027
35.699757 139.57341
35.54445 139.76859
35.749645 139.80515
35.63347 139.66165
35.702206 139.58035
35.70078 139.77066
35.73023 139.71117
35.58594 139.72784
35.69169 139.77087
35.56851 139.74138
35.723625 139.81744
35.723625 139.81744
35.720497 139.59099
35.698597 139.77303
35.661976 139.73628
35.690685 139.70288
35.727203 139.71165
35.690804 139.70027
35.70813 139.7737
35.60729 139.73543
35.698677 139.77422
35.528732 139.69952
35.73103 139.70947
35.71503 139.70515
35.577423 139.55844
35.65727 139.69905
35.69169 139.77087
35.5787 139.73479
35.72886 139.71931
35.693584 139.70245
35.73012 139.7165
35.690804 139.70027
35.681377 139.76608
35.73063 139.70872
35.73103 139.70947
35.698597 139.77303
35.620815 139.56972
35.679607 139.6366
35.801918 139.71759
35.641117 139.60818
35.700634 139.58638
35.66669 139.75813
35.713413 139.77606
35.699356 139.74469
35.762375 139.82927
35.693657 139.76956
35.65275 139.56155
35.68992 139.48053
35.70333 139.6208
35.63441 139.79161
35.54506 139.76903
35.698597 139.77303
35.658524 139.70132
35.5626 139.71565
35.681377 139.76608
35.63023 139.79137
35.66856 139.74123
35.62175 139.73935
35.7032 139.57991
35.645546 139.7159
35.697834 139.77145
35.801632 139.7181
35.669323 139.7588
35.750866 139.8669
35.693466 139.70119
35.70645 139.71754
35.644207 139.70082
35.649147 139.68138
35.72203 139.7051
35.659958 139.66861
35.64698 139.73134
35.762203 139.82494
35.75096 139.86754
35.643566 139.67065
35.681377 139.76608
35.731766 139.71013
35.660076 139.75223
35.695377 139.76065
35.546772 139.65779
35.700985 139.77104
35.66373 139.73064
35.638355 139.82312
35.823006 139.57512
35.663006 139.74504
35.695602 139.76923
35.692253 139.68864
35.749565 139.8046
35.846264 139.66962
35.65558 139.68832
35.74978 139.80547
35.684097 139.88194
35.686005 139.88293
35.65341 139.70474
35.553207 139.64641
35.690804 139.70027
35.66319 139.73213
35.698044 139.65396
35.662144 139.7328
35.733456 139.73949
35.658524 139.70132
35.750656 139.80103
35.69152 139.70125
35.698597 139.77303
35.70185 139.77498
35.702126 139.5807
35.585346 139.67484
35.769215 139.87215
35.65189 139.5444
35.67988 139.76837
35.74347 139.60571
35.634285 139.71567
35.727364 139.76854
35.705544 139.59659
35.658195 139.70203
35.689976 139.70378
35.6913 139.69603
35.65842 139.69498
35.690468 139.68593
35.567894 139.693
35.57573 139.65965
35.709854 139.77376
35.772068 139.73317
35.531326 139.6969
35.702003 139.55898
35.688957 139.70001
35.59998 139.61234
35.736603 139.6734
35.69017 139.69893
35.65795 139.70076
35.681507 139.7671
35.700737 139.77188
35.70834 139.66562
35.696327 139.68773
35.70185 139.77498
35.563652 139.67114
35.77877 139.6859
35.68997 139.69737
35.768013 139.87074
35.729866 139.71095
35.729866 139.71095
35.697784 139.64606
35.84768 139.66914
35.68895 139.72177
35.658524 139.70132
35.724934 139.71107
35.699524 139.76485
35.7095 139.65306
35.62893 139.68617
35.649147 139.68138
35.69393 139.78535
35.661587 139.66748
35.607407 139.73393
35.713184 139.7201
35.681377 139.76608
35.70881 139.77214
35.56807 139.55347
35.65363 139.5676
35.700104 139.77397
35.659004 139.69533
35.647476 139.67809
35.69978 139.76295
35.766068 139.84883
35.607536 139.73238
35.568665 139.5534
35.596684 139.66742
35.67967 139.77083
35.819218 139.7667
35.549904 139.7152
35.6896 139.69817
35.698597 139.77303
35.55717 139.70534
35.607536 139.66884
35.67588 139.73567
35.68008 139.72023
35.544464 139.7677
35.729866 139.71095
35.60704 139.73502
35.73067 139.72844
35.60229 139.72086
35.759712 139.58884
35.6705 139.62236
35.697674 139.66931
35.667713 139.76088
35.6567 139.70154
35.665405 139.75812
35.62869 139.54755
35.689144 139.82777
35.81524 139.5882
35.697517 139.81557
35.70231 139.74503
35.54506 139.76903
35.690754 139.74751
35.645927 139.7168
35.549816 139.78467
35.64115 139.60828
35.690804 139.70027
35.688957 139.70001
35.70914 139.80888
35.737057 139.48825
35.667194 139.75854
35.634285 139.71567
35.53694 139.63487
35.77658 139.67863
35.729866 139.71095
35.661057 139.6678
35.66669 139.75813
35.70583 139.6658
35.688896 139.72168
35.69808 139.76599
35.686935 139.78033
35.686005 139.77843
35.684948 139.77797
35.642822 139.55109
35.68545 139.77977
35.686405 139.77795
35.68529 139.77957
35.648552 139.68134
35.68137 139.76646
35.694942 139.7008
35.690804 139.70027
35.729 139.77136
35.531372 139.70021
35.623775 139.52275
35.690804 139.70027
35.70583 139.6658
35.7327 139.71045
35.56124 139.66711
35.690804 139.70027
35.646282 139.70638
35.69651 139.77232
35.675182 139.67265
35.65842 139.69498
35.672695 139.67583
35.6611 139.72894
35.703037 139.57912
35.6506 139.68431
35.69213 139.78276
35.728104 139.77127
35.672043 139.76418
35.729866 139.71095
35.66629 139.47705
35.68652 139.76619
35.701668 139.68723
35.690994 139.77068
35.700985 139.77104
35.67498 139.76321
35.749645 139.80515
35.710037 139.8107
35.7308 139.71056
35.658974 139.69946
35.670704 139.69664
35.63627 139.88344
35.6485 139.53192
35.698597 139.77303
35.75329 139.7097
35.711655 139.69751
35.729866 139.71095
35.658672 139.81738
35.668964 139.54427
35.68104 139.76688
35.753853 139.73836
35.736397 139.4923
35.66115 139.70795
35.533028 139.69489
35.63178 139.64214
35.691685 139.70114
35.713474 139.79233
35.665497 139.75964
35.69397 139.70496
35.63066 139.79703
35.64778 139.67902
35.700104 139.77397
35.83837 139.6621
35.665497 139.75964
35.672703 139.6582
35.675674 139.76346
35.777935 139.73259
35.681206 139.68636
35.66669 139.75813
35.528526 139.69835
35.690903 139.70004
35.572098 139.70288
35.58109 139.64159
35.698597 139.77303
35.55233 139.7873
35.69848 139.75006
35.697933 139.77493
35.6669 139.80214
35.748306 139.56767
35.71685 139.49162
35.658905 139.70258
35.73649 139.48875
35.77806 139.72084
35.67613 139.6432
35.662064 139.70265
35.701622 139.6781
35.77444 139.56834
35.858692 139.65912
35.627525 139.7788
35.664402 139.78482
35.70779 139.76074
35.532402 139.69606
35.706425 139.84251
35.73023 139.71117
35.6824 139.77386
35.73771 139.89606
35.68958 139.70146
35.686005 139.73067
35.66646 139.75676
35.66563 139.89336
35.663467 139.73177
35.6897 139.83656
35.56804 139.55371
35.73098 139.49251
35.715546 139.77945
35.54506 139.76903
35.758167 139.6208
35.65795 139.70076
35.690804 139.70027
35.65851 139.70132
35.697853 139.77245
35.681374 139.76778
35.750076 139.80495
35.653984 139.59903
35.69985 139.76378
35.639893 139.59937
35.626404 139.7381
35.69952 139.77045
35.67719 139.76703
35.6677 139.70508
35.691757 139.77132
35.698597 139.77303
35.75136 139.54591
35.68383 139.7446
35.63441 139.79161
35.665787 139.73096
35.604008 139.73502
35.670574 139.79817
35.670574 139.79817
35.689976 139.69824
35.577908 139.5573
35.69997 139.77081
35.693047 139.74799
35.577362 139.6607
35.60625 139.73523
35.712837 139.70634
35.748306 139.56767
35.708794 139.68169
35.57573 139.65965
35.699017 139.77463
35.699463 139.76572
35.681377 139.76608
35.572277 139.69936
35.69086 139.70485
35.549904 139.7152
35.826263 139.83301
35.789692 139.724
35.627525 139.7788
35.52761 139.61081
35.653595 139.54399
35.665714 139.75632
35.545914 139.76933
35.61988 139.72838
35.696568 139.69786
35.663834 139.69907
35.74899 139.56963
35.681133 139.76782
35.65794 139.69658
35.713413 139.77606
35.705643 139.84961
35.62868 139.74393
35.62489 139.72536
35.702602 139.5609
35.681377 139.76608
35.571594 139.53104
35.702705 139.56084
35.749645 139.80515
35.701187 139.58391
35.630146 139.74043
35.74645 139.71463
35.736156 139.48813
35.704197 139.58018
35.607277 139.68481
35.658195 139.70203
35.728523 139.76364
35.655518 139.74184
35.54506 139.76903
35.62645 139.72343
35.696106 139.79253
35.63023 139.79137
35.645924 139.82692
35.705795 139.72272
35.66319 139.73213
35.628227 139.73871
35.700737 139.77188
35.699883 139.77242
35.628967 139.68106
35.69806 139.77502
35.640884 139.67426
35.690746 139.70064
35.65908 139.69887
35.669533 139.75551
35.768482 139.87047
35.655617 139.75674
35.605507 139.73434
35.611988 139.62863
35.671703 139.74149
35.696846 139.69768
35.658646 139.69566
35.611923 139.6288
35.658905 139.70258
35.729866 139.71095
35.732117 139.76671
35.672195 139.48047
35.68529 139.73079
35.7079 139.55939
35.531326 139.6969
35.64984 139.5574
35.64771 139.70963
35.732788 139.79886
35.698597 139.77303
35.708183 139.55788
35.665874 139.89305
35.72777 139.77097
35.69955 139.77495
35.665756 139.89449
35.70628 139.64816
35.679043 139.72134
35.722378 139.65257
35.68289 139.86333
35.53108 139.69699
35.71738 139.8067
35.693745 139.70152
35.64379 139.67076
35.68008 139.72023
35.586624 139.62877
35.71679 139.85826
35.698597 139.77303
35.587017 139.63062
35.69885 139.77473
35.713696 139.77751
35.699265 139.77393
35.692856 139.69888
35.776398 139.62544
35.689808 139.6979
35.57916 139.71143
35.653706 139.5383
35.712303 139.80399
35.65189 139.5444
35.68008 139.72023
35.65375 139.79544
35.654865 139.79626
35.691566 139.69997
35.69807 139.77266
35.688393 139.806
35.68008 139.72023
35.71109 139.79636
35.655518 139.79433
35.69167 139.77087
35.68799 139.72049
35.756912 139.87563
35.7015 139.7712
35.66698 139.77048
35.69669 139.68616
35.69807 139.77548
35.670677 139.70253
35.699017 139.77463
35.699017 139.77463
35.698597 139.77303
35.658524 139.70132
35.552734 139.78802
35.708065 139.64885
35.63543 139.59903
35.681377 139.76608
35.55138 139.7884
35.70752 139.64954
35.65189 139.5444
35.606796 139.68617
35.562477 139.71605
35.63441 139.79161
35.606247 139.73485
35.730347 139.5225
35.550507 139.57542
35.713413 139.77606
35.701363 139.56021
35.586864 139.70593
35.68008 139.72023
35.550865 139.57597
35.62869 139.54755
35.66943 139.74077
35.70231 139.74503
35.70857 139.66585
35.70222 139.74515
35.719143 139.7868
35.690804 139.70027
35.702194 139.75517
35.64349 139.6989
35.689396 139.8262
35.684177 139.70206
35.672165 139.47987
35.684177 139.70206
35.692734 139.84401
35.668377 139.87512
35.681377 139.76608
35.57131 139.68562
35.646687 139.67761
35.54923 139.78421
35.690804 139.70027
35.587383 139.63077
35.69037 139.70137
35.658524 139.70132
35.560047 139.72357
35.66754 139.75732
35.53558 139.66704
35.66836 139.6504
35.729866 139.71095
35.69643 139.81395
35.702427 139.76906
35.77806 139.72084
35.5532 139.64682
35.698677 139.77422
35.698597 139.77303
35.70179 139.76979
35.760235 139.72221
35.698677 139.77422
35.759293 139.68901
35.691246 139.69225
35.700516 139.77104
35.560684 139.72372
35.67745 139.76575
35.7079 139.55939
35.710693 139.71213
35.65908 139.69887
35.688927 139.69708
35.658524 139.70132
35.695503 139.75171
35.673626 139.66623
35.628475 139.73875
35.55395 139.64574
35.77867 139.73213
35.699894 139.5603
35.72777 139.77097
35.68894 139.69862
35.688908 139.69853
35.698326 139.77162
35.727108 139.71262
35.664017 139.78192
35.577084 139.6588
35.658524 139.70132
35.68894 139.69862
35.698597 139.77303
35.577393 139.66005
35.690804 139.70027
35.577415 139.66046
35.665497 139.75964
35.549618 139.62015
35.670967 139.65878
35.7038 139.66565
35.707344 139.75145
35.70238 139.77058
35.813595 139.58574
35.690804 139.70027
35.672867 139.77396
35.713413 139.77606
35.713413 139.77606
35.669502 139.838
35.701077 139.561
35.66188 139.70105
35.532024 139.69856
35.658516 139.77643
35.794727 139.72722
35.700436 139.50494
35.695896 139.69997
35.67461 139.6591
35.531326 139.6969
35.658524 139.70132
35.743015 139.60544
35.69777 139.64807
35.660072 139.69528
35.714474 139.77731
35.690804 139.70027
35.66669 139.75813
35.729866 139.71095
35.729866 139.71095
35.690792 139.6865
35.698597 139.77303
35.66382 139.89645
35.729866 139.71095
35.66373 139.89606
35.677708 139.76501
35.55138 139.67172
35.71301 139.77583
35.689987 139.70302
35.575733 139.65965
35.55138 139.7884
35.689976 139.69824
35.698597 139.77303
35.684742 139.79698
35.681377 139.76608
35.69476 139.6982
35.545547 139.57153
35.710743 139.7985
35.651726 139.54532
35.690357 139.68597
35.6295 139.74004
35.702194 139.54482
35.725082 139.81973
35.55192 139.57928
35.5526 139.57962
35.670555 139.79752
35.665497 139.75964
35.658524 139.70132
35.56077 139.72243
35.603752 139.5076
35.660072 139.69528
35.66119 139.75444
35.705593 139.79219
35.769035 139.70245
35.72757 139.71294
35.68083 139.76808
35.681377 139.76608
35.66163 139.66655
35.658524 139.70132
35.72997 139.72888
35.690594 139.69257
35.738834 139.66277
35.662453 139.70003
35.69643 139.81395
35.54923 139.78421
35.61501 139.54222
35.627464 139.72284
35.56465 139.71669
35.70619 139.65057
35.768013 139.87074
35.690804 139.70027
35.698452 139.67882
35.84768 139.66914
35.77806 139.72084
35.735516 139.88295
35.681377 139.76608
35.60993 139.82565
35.66899 139.67972
35.69748 139.75732
35.635265 139.72064
35.698597 139.77303
35.570015 139.71591
35.69769 139.67517
35.826817 139.65268
35.693375 139.69862
35.62089 139.56943
35.700253 139.48026
35.6506 139.68431
35.730274 139.71138
35.56185 139.71315
35.54923 139.78421
35.698597 139.77303
35.54506 139.76903
35.658745 139.69913
35.690536 139.83766
35.66669 139.75813
35.701736 139.52483
35.658646 139.57547
35.681377 139.76608
35.815655 139.70436
35.744167 139.72774
35.59875 139.60783
35.690804 139.70027
35.653595 139.54399
35.660797 139.69899
35.667194 139.75854
35.77988 139.72066
35.681377 139.76608
35.72228 139.70532
35.70583 139.6658
35.699356 139.74469
35.71192 139.77554
35.690346 139.69978
35.698597 139.77303
35.695168 139.83768
35.690804 139.70027
35.70829 139.76941
35.658566 139.74548
35.75136 139.54591
35.672707 139.79375
35.64966 139.68733
35.68703 139.70071
35.690804 139.70027
35.71115 139.77356
35.63627 139.88344
35.6592 139.75061
35.71101 139.77419
35.613293 139.6254
35.729866 139.71095
35.70075 139.77191
35.69167 139.77087
35.68412 139.78047
35.692696 139.69954
35.699017 139.77463
35.599022 139.6112
35.67613 139.6432
35.736404 139.90286
35.690804 139.70027
35.67683 139.64287
35.702705 139.56084
35.553104 139.78479
35.749645 139.80515
35.688915 139.81557
35.698597 139.77303
35.710037 139.8107
35.699017 139.77463
35.678955 139.71022
35.645206 139.71628
35.629753 139.73589
35.630146 139.74043
35.698948 139.51137
35.68652 139.76619
35.64808 139.66933
35.686417 139.74405
35.54506 139.76903
35.54531 139.76964
35.729866 139.71095
35.62935 139.68518
35.682014 139.76584
35.63441 139.79161
35.55138 139.7884
35.702705 139.56084
35.684334 139.70251
35.742332 139.79707
35.63228 139.71225
35.65491 139.7962
35.681316 139.76662
35.531326 139.6969
35.708916 139.67314
35.634865 139.603
35.60993 139.82565
35.656406 139.79526
35.67165 139.61476
35.64518 139.6977
35.669033 139.70549
35.68175 139.77129
35.658524 139.70132
35.655613 139.70369
35.54506 139.76903
35.691715 139.69864
35.69017 139.69893
35.692787 139.69882
35.659668 139.79378
35.62024 139.72804
35.54923 139.78421
35.71115 139.77356
35.681377 139.76608
35.722515 139.7739
35.681377 139.76608
35.73291 139.7686
35.744232 139.789
35.67804 139.71492
35.71406 139.77408
35.698597 139.77303
35.714336 139.71779
35.744457 139.79298
35.84731 139.67099
35.607296 139.66867
35.658524 139.70132
35.601368 139.71864
35.59998 139.61234
35.767704 139.80934
35.659817 139.70038
35.659134 139.701
35.70583 139.6658
35.729866 139.71095
35.646877 139.70995
35.70001 139.78029
35.74604 139.81929
35.681377 139.76608
35.630146 139.74043
35.69958 139.76523
35.66099 139.82623
35.649906 139.55133
35.647987 139.6357
35.69958 139.76523
35.65496 139.74365
35.693184 139.69952
35.583553 139.67319
35.69643 139.81395
35.698597 139.77303
35.65881 139.69713
35.747643 139.82751
35.562477 139.71605
35.64382 139.67065
35.712902 139.7039
35.686253 139.80627
35.758392 139.70645
35.72203 139.7051
35.66969 139.75513
35.710133 139.77565
35.669823 139.67241
35.699066 139.63834
35.788254 139.61292
35.702194 139.75517
35.673317 139.70966
35.59283 139.76491
35.763874 139.66388
35.655735 139.70354
35.69958 139.76523
35.697586 139.82608
35.658524 139.70132
35.65943 139.70056
35.630024 139.74039
35.701614 139.77971
35.603752 139.5076
35.703278 139.75543
35.66037 139.52373
35.69643 139.81395
35.659485 139.70021
35.81248 139.56165
35.70231 139.74503
35.66914 139.61462
35.690804 139.70027
35.67566 139.66867
35.730354 139.71056
35.690804 139.70027
35.531326 139.6969
35.664757 139.74846
35.73386 139.75504
35.686005 139.73067
35.729866 139.71095
35.690804 139.70027
35.68008 139.72023
35.66669 139.75813
35.71048 139.81331
35.684788 139.76602
35.673744 139.66725
35.681168 139.71144
35.731842 139.72806
35.684177 139.70206
35.690804 139.70027
35.75849 139.62885
35.667503 139.47897
35.749645 139.80515
35.643284 139.60815
35.729866 139.71095
35.672573 139.70828
35.733543 139.75456
35.70623 139.68584
35.748276 139.82613
35.69017 139.69893
35.666164 139.75867
35.67498 139.76321
35.532463 139.61285
35.628033 139.73857
35.760235 139.72221
35.62904 139.73976
35.710133 139.79291
35.664116 139.73381
35.674805 139.76329
35.690804 139.70027
35.73038 139.7295
35.664845 139.75664
35.672867 139.77396
35.712944 139.7047
35.711075 139.79784
35.665665 139.76009
35.66629 139.47705
35.777225 139.79045
35.675068 139.76332
35.659863 139.69884
35.58041 139.6633
35.690804 139.70027
35.681377 139.76608
35.665386 139.63583
35.681316 139.76662
35.705856 139.51125
35.68104 139.76688
35.632362 139.69957
35.66836 139.6504
35.632492 139.6995
35.725285 139.71416
35.75767 139.59792
35.732323 139.70978
35.690804 139.70027
35.651756 139.54645
35.690804 139.70027
35.69167 139.77087
35.698597 139.77303
35.7171 139.85707
35.6806 139.77142
35.54506 139.76903
35.69215 139.7711
35.536556 139.5885
35.691704 139.77081
35.69328 139.77065
35.63171 139.58197
35.560207 139.65349
35.666058 139.47696
35.72282 139.79335
35.742878 139.8424
35.738327 139.6891
35.76453 139.72467
35.62049 139.7044
35.624893 139.68852
35.596684 139.66742
35.732944 139.88167
35.69782 139.77419
35.69085 139.78548
35.73291 139.88133
35.651062 139.54341
35.65907 139.69891
35.625282 139.54951
35.698193 139.77377
35.724533 139.79729
35.704773 139.63538
35.68468 139.76605
35.707344 139.75145
35.65537 139.79274
35.66546 139.75487
35.66188 139.70105
35.658524 139.70132
35.65163 139.54625
35.788254 139.61292
35.59191 139.67966
35.72047 139.77882
35.698597 139.77303
35.666065 139.73003
35.68261 139.70174
35.671665 139.76653
35.690804 139.70027
35.70231 139.74503
35.7244 139.75363
35.587337 139.62943
35.56077 139.55891
35.745834 139.60951
35.660694 139.72594
35.689392 139.72258
35.658524 139.70132
35.661938 139.7068
35.632515 139.6997
35.711155 139.71158
35.632446 139.69846
35.655518 139.75673
35.844215 139.62791
35.63264 139.69905
35.70508 139.64853
35.697815 139.7752
35.708687 139.77371
35.66333 139.73277
35.712902 139.7039
35.706276 139.58081
35.65891 139.698
35.630077 139.69217
35.74577 139.67546
35.663513 139.73293
35.746048 139.676
35.79711 139.60019
35.742363 139.64864
35.665302 139.75629
35.70555 139.56029
35.712082 139.7075
35.711235 139.79329
35.646553 139.71022
35.726814 139.77698
35.656593 139.75607
35.532944 139.70056
35.7015 139.7712
35.56013 139.65317
35.55998 139.65361
35.56013 139.65317
35.695503 139.75171
35.560528 139.65338
35.71685 139.49162
35.56058 139.65364
35.689392 139.72258
35.690804 139.70027
35.60574 139.7353
35.699017 139.77463
35.55138 139.67172
35.706306 139.68607
35.56058 139.65364
35.681377 139.76608
35.54506 139.76903
35.560467 139.65363
35.700718 139.74164
35.801918 139.71759
35.560467 139.65363
35.55151 139.67052
35.610413 139.74292
35.837704 139.67583
35.60834 139.70355
35.6439 139.6727
35.70839 139.77382
35.634594 139.88554
35.661587 139.66748
35.660202 139.70894
35.74727 139.82722
35.623238 139.74747
35.77095 139.6456
35.683468 139.70155
35.70776 139.70464
35.66669 139.75813
35.662693 139.73302
35.698597 139.77303
35.692772 139.70549
35.657288 139.70363
35.603752 139.5076
35.692688 139.70366
35.643513 139.67116
35.72344 139.63799
35.659573 139.72859
35.65901 139.69818
35.690903 139.70004
35.698597 139.77303
35.66067 139.69821
35.67779 139.76501
35.735092 139.58923
35.69834 139.77312
35.58756 139.62654
35.665874 139.89305
35.60993 139.82565
35.72555 139.59149
35.828236 139.80348
35.714046 139.5621
35.66541 139.89224
35.560207 139.65349
35.714832 139.86057
35.6979 139.7724
35.560207 139.65349
35.70806 139.66689
35.545498 139.57452
35.560207 139.65349
35.726463 139.71442
35.73288 139.70235
35.70806 139.66689
35.660152 139.7288
35.69807 139.77548
35.681377 139.76608
35.754417 139.73732
35.647964 139.74557
35.663795 139.78159
35.727947 139.7095
35.75447 139.73457
35.71035 139.80904
35.688946 139.69894
35.75383 139.73637
35.580196 139.57385
35.746174 139.82666
35.706276 139.58081
35.531647 139.70102
35.727364 139.76854
35.690804 139.70027
35.678722 139.69356
35.698677 139.77422
35.658524 139.70132
35.55138 139.7884
35.70001 139.78029
35.703392 139.66617
35.66554 139.63882
35.683586 139.6822
35.668266 139.69038
35.704773 139.63538
35.60994 139.70534
35.858536 139.65878
35.587322 139.59134
35.749645 139.80515
35.635193 139.76752
35.70484 139.61899
35.651043 139.54433
35.753933 139.73746
35.66188 139.70105
35.72777 139.77097
35.658524 139.70132
35.692787 139.69882
35.694126 139.70099
35.667843 139.70522
35.560684 139.72372
35.647816 139.7464
35.69777 139.81557
35.69807 139.77548
35.620815 139.56972
35.64436 139.69963
35.737926 139.76103
35.700226 139.7717
35.544674 139.76855
35.62402 139.72241
35.549618 139.62015
35.60008 139.57866
35.658524 139.70132
35.694942 139.70306
35.70583 139.6658
35.779804 139.79007
35.713566 139.7765
35.704987 139.75383
35.703804 139.57904
35.67214 139.72632
35.698597 139.77303
35.60008 139.57866
35.698597 139.77303
35.66067 139.69528
35.688004 139.69899
35.6794 139.69388
35.76102 139.70358
35.606636 139.73389
35.71455 139.77809
35.68008 139.72023
35.71035 139.80904
35.705376 139.64986
35.705814 139.65005
35.57432 139.6548
35.672195 139.48047
35.705856 139.6499
35.554707 139.78738
35.690804 139.70027
35.531868 139.7002
35.788254 139.61292
35.753307 139.59512
35.58479 139.59422
35.703323 139.58182
35.658867 139.71626
35.698338 139.77304
35.526352 139.69556
35.62026 139.57036
35.699253 139.69624
35.70666 139.76007
35.69958 139.76523
35.620785 139.56992
35.699463 139.76572
35.70535 139.75883
35.69972 139.76448
35.69001 139.70589
35.690804 139.70027
35.699142 139.77238
35.697712 139.82732
35.737274 139.65308
35.626945 139.73799
35.701614 139.77971
35.729027 139.71109
35.577503 139.65938
35.690804 139.70027
35.683582 139.76903
35.56985 139.68687
35.579994 139.5771
35.74978 139.80547
35.663345 139.71034
35.74645 139.71463
35.686005 139.73067
35.599022 139.6112
35.743374 139.72705
35.681377 139.76608
35.686005 139.73067
35.704823 139.57858
35.73023 139.71117
35.65243 139.54395
35.807854 139.84503
35.743977 139.64789
35.6897 139.69862
35.626404 139.7381
35.712902 139.7039
35.66361 139.87271
35.533207 139.70023
35.59998 139.61234
35.681377 139.76608
35.733456 139.73949
35.681194 139.5539
35.706425 139.84251
35.66292 139.70058
35.661514 139.70306
35.657887 139.54245
35.65596 139.54327
35.762917 139.72768
35.71334 139.71115
35.658524 139.70132
35.713207 139.75829
35.704273 139.63545
35.692734 139.84401
35.690018 139.70033
35.748707 139.80481
35.66129 139.61168
35.73663 139.67264
35.74844 139.70271
35.697994 139.77126
35.665127 139.85847
35.702175 139.77138
35.56541 139.60707
35.690804 139.70027
35.667217 139.85718
35.592033 139.67964
35.646877 139.70995
35.690346 139.69978
35.648735 139.69313
35.65956 139.72934
35.71097 139.71158
35.59974 139.61023
35.681377 139.76608
35.691257 139.69557
35.700516 139.77104
35.69106 139.7083
35.672195 139.48047
35.720367 139.47508
35.777225 139.79045
35.64966 139.68733
35.70155 139.75302
35.663513 139.73293
35.659554 139.61053
35.698597 139.77303
35.698597 139.77303
35.70583 139.6658
35.698338 139.77304
35.658524 139.70132
35.70507 139.63486
35.80382 139.55624
35.690712 139.69112
35.693165 139.70209
35.661304 139.69794
35.53342 139.70018
35.84768 139.66914
35.661304 139.69794
35.664932 139.85587
35.72777 139.77097
35.659565 139.61067
35.72056 139.70634
35.730354 139.71056
35.698013 139.77373
35.729866 139.71095
35.794502 139.79079
35.54506 139.76903
35.752434 139.73813
35.724537 139.86406
35.729656 139.71149
35.664696 139.77037
35.858692 139.65912
35.658745 139.69913
35.73594 139.7476
35.671654 139.71317
35.659615 139.61053
35.68759 139.72618
35.663086 139.70062
35.69499 139.69788
35.681377 139.76608
35.69553 139.75203
35.60586 139.73358
35.679855 139.7688
35.729866 139.71095
35.690804 139.70027
35.690895 139.70847
35.729027 139.71109
35.53694 139.63487
35.553753 139.57817
35.728207 139.71341
35.554386 139.57903
35.55366 139.57912
35.68972 139.69925
35.703636 139.5753
35.553875 139.57817
35.628227 139.73871
35.693436 139.70116
35.73623 139.65257
35.630146 139.74043
35.65886 139.61131
35.643356 139.60916
35.649105 139.54301
35.642265 139.60867
35.625782 139.87773
35.706093 139.65013
35.69052 139.70433
35.74954 139.58653
35.68815 139.70023
35.74661 139.7469
35.645733 139.74757
35.801918 139.71759
35.524635 139.62791
35.655617 139.75674
35.814167 139.80132
35.659565 139.61064
35.690804 139.70027
35.84768 139.66914
35.737675 139.76135
35.730385 139.56593
35.713696 139.77751
35.647705 139.70819
35.666615 139.75818
35.70643 139.6506
35.68005 139.7693
35.700104 139.77397
35.732117 139.76671
35.701344 139.50644
35.694645 139.70218
35.823006 139.57512
35.656944 139.69579
35.53107 139.7007
35.679165 139.77263
35.698597 139.77303
35.690804 139.70027
35.72863 139.56348
35.679607 139.6366
35.560253 139.72304
35.813774 139.80153
35.681248 139.76749
35.802124 139.71799
35.66232 139.73492
35.658955 139.69817
35.681133 139.76782
35.61918 139.67473
35.705837 139.72112
35.68694 139.66562
35.67228 139.79448
35.703938 139.73422
35.729652 139.59335
35.66319 139.73213
35.693256 139.70148
35.771744 139.67004
35.70623 139.68584
35.68116 139.69807
35.713696 139.77751
35.63368 139.71552
35.691177 139.7058
35.76214 139.82306
35.686005 139.73067
35.77137 139.69978
35.54485 139.76906
35.698597 139.77303
35.70687 139.68723
35.54506 139.76903
35.707916 139.77106
35.659542 139.61066
35.705376 139.66858
35.66254 139.73499
35.84768 139.66914
35.77806 139.72084
35.67898 139.77292
35.758392 139.70645
35.704784 139.7535
35.803753 139.72008
35.692333 139.77127
35.66893 139.67961
35.54506 139.76903
35.688786 139.69789
35.70271 139.60104
35.70996 139.7732
35.690804 139.70027
35.665874 139.89305
35.675053 139.76332
35.69065 139.70035
35.698597 139.77303
35.678852 139.77295
35.572155 139.5971
35.726803 139.59131
35.55127 139.78758
35.78241 139.66554
35.68784 139.73582
35.633766 139.88814
35.687466 139.68892
35.70453 139.77798
35.54896 139.78418
35.712902 139.7039
35.528786 139.69882
35.65275 139.56155
35.695644 139.78368
35.536835 139.63397
35.65618 139.60822
35.614635 139.56618
35.698597 139.77303
35.614445 139.56638
35.659668 139.72763
35.61396 139.56734
35.65912 139.69917
35.658524 139.70132
35.70185 139.77498
35.69092 139.7035
35.688965 139.70192
35.625366 139.77208
35.655865 139.6078
35.6696 139.7035
35.53676 139.6334
35.68481 139.60712
35.57668 139.65947
35.61311 139.56934
35.70425 139.56157
35.613083 139.56949
35.61268 139.5699
35.690765 139.70856
35.67988 139.76837
35.69666 139.67386
35.62611 139.72058
35.73195 139.71053
35.70248 139.47998
35.76133 139.70552
35.690804 139.70027
35.695896 139.69997
35.670967 139.65878
35.70185 139.77498
35.697712 139.66992
35.655617 139.75674
35.681736 139.76485
35.593792 139.60565
35.659466 139.6105
35.698597 139.77303
35.70071 139.74115
35.649372 139.55118
35.690716 139.70013
35.701916 139.74498
35.70736 139.77461
35.73963 139.76906
35.752434 139.73813
35.55454 139.7297
35.690804 139.70027
35.65907 139.69891
35.690002 139.83539
35.604958 139.73532
35.690804 139.70027
35.54506 139.76903
35.695896 139.69997
35.663006 139.74504
35.68974 139.70226
35.671413 139.6576
35.70231 139.74503
35.662876 139.73146
35.655617 139.75674
35.71301 139.77583
35.693623 139.69984
35.655518 139.75673
35.69897 139.48009
35.658524 139.70132
35.656868 139.75455
35.609913 139.74821
35.672325 139.73654
35.77806 139.72084
35.7015 139.7712
35.68008 139.72023
35.712536 139.77528
35.681377 139.76608
35.699036 139.77086
35.701767 139.73944
35.69643 139.81395
35.69069 139.69824
35.664684 139.75839
35.7032 139.57991
35.57667 139.6595
35.65363 139.5676
35.686623 139.70035
35.698597 139.77303
35.66899 139.67972
35.690804 139.70027
35.661587 139.66748
35.730274 139.71138
35.66552 139.75946
35.535324 139.58948
35.690804 139.70027
35.70583 139.6658
35.581577 139.74911
35.748108 139.80183
35.658524 139.70132
35.691307 139.696
35.661587 139.66748
35.669304 139.7509
35.691715 139.69864
35.665874 139.89305
35.69168 139.69551
35.713932 139.65392
35.662415 139.73419
35.660847 139.66704
35.671555 139.70346
35.635193 139.76752
35.54506 139.76903
35.715897 139.69478
35.736794 139.63777
35.630146 139.74043
35.697334 139.70425
35.63414 139.71672
35.690804 139.70027
35.63745 139.75618
35.690804 139.70027
35.63414 139.71672
35.630146 139.74043
35.66875 139.60109
35.66875 139.60109
35.658524 139.70132
35.69008 139.69624
35.599876 139.60956
35.7032 139.66556
35.658745 139.69913
35.697468 139.78598
35.653595 139.54399
35.690804 139.70027
35.626118 139.72365
35.62645 139.72343
35.77806 139.72084
35.698597 139.77303
35.73677 139.65407
35.694168 139.7023
35.736275 139.63843
35.67996 139.78009
35.71429 139.79198
35.69057 139.66527
35.658566 139.74548
35.53694 139.63487
35.6921 139.78488
35.579075 139.735
35.691715 139.69864
35.69213 139.78276
35.74978 139.80547
35.628033 139.63536
35.71049 139.66676
35.5787 139.73479
35.6958 139.70195
35.738834 139.66277
35.726234 139.59207
35.66963 139.68886
35.690548 139.69238
35.68083 139.76808
35.655235 139.69247
35.61599 139.71503
35.655235 139.69247
35.84744 139.73784
35.621166 139.63553
35.607323 139.73709
35.84662 139.74149
35.605694 139.73666
35.698597 139.77303
35.601715 139.51012
35.81188 139.7465
35.698597 139.77303
35.69166 139.7186
35.601543 139.51013
35.656826 139.79826
35.737762 139.65453
35.72258 139.58473
35.692688 139.70366
35.729866 139.71095
35.690804 139.70027
35.656895 139.70407
35.698597 139.77303
35.57573 139.65965
35.629883 139.73615
35.672195 139.76372
35.737816 139.65356
35.749462 139.83719
35.82122 139.72037
35.6115 139.62662
35.553474 139.5785
35.664757 139.74846
35.644123 139.6984
35.70451 139.66527
35.69643 139.81395
35.657845 139.70148
35.531326 139.6969
35.691948 139.73598
35.659897 139.6978
35.70451 139.66527
35.635193 139.76752
35.824947 139.76158
35.729866 139.71095
35.702194 139.54482
35.712437 139.77768
35.599876 139.60956
35.69808 139.7731
35.58612 139.67162
35.59932 139.50684
35.663223 139.71283
35.698597 139.77303
35.68039 139.7683
35.770752 139.69235
35.667557 139.60043
35.671726 139.83698
35.76644 139.84828
35.557877 139.72144
35.767704 139.80934
35.71332 139.77628
35.63101 139.88208
35.858738 139.65729
35.752434 139.73813
35.599022 139.6112
35.681377 139.76608
35.668827 139.83066
35.696106 139.79253
35.743553 139.60703
35.73327 139.76833
35.586132 139.58113
35.620426 139.70448
35.767395 139.84941
35.69605 139.75124
35.574425 139.65623
35.70957 139.66539
35.619698 139.72855
35.707344 139.75145
35.777702 139.84747
35.613472 139.62598
35.599953 139.6106
35.72806 139.7192
35.666798 139.73259
35.702705 139.56084
35.71332 139.77628
35.681377 139.76608
35.730495 139.71564
35.63263 139.66054
35.68039 139.7683
35.607243 139.7339
35.630146 139.74043
35.712627 139.7043
35.713696 139.77751
35.659573 139.72859
35.74898 139.70238
35.712902 139.7039
35.661507 139.66904
35.76723 139.84766
35.552425 139.64737
35.70081 139.81581
35.564495 139.65385
35.65729 139.89537
35.603043 139.50922
35.60688 139.7341
35.69011 139.69354
35.57958 139.57301
35.72983 139.7148
35.71048 139.81331
35.772152 139.70876
35.772152 139.70876
35.56544 139.65121
35.669945 139.59947
35.56255 139.71584
35.615746 139.72012
35.75136 139.54591
35.851692 139.77513
35.684177 139.70206
35.64317 139.64644
35.66382 139.73087
35.85844 139.65823
35.659824 139.6982
35.691795 139.70142
35.69643 139.81395
35.5318 139.63637
35.79579 139.59485
35.70374 139.62564
35.630627 139.88315
35.673744 139.66725
35.56465 139.71669
35.705635 139.57767
35.71455 139.77809
35.68903 139.81567
35.66028 139.68703
35.66045 139.6964
35.65189 139.5444
35.562477 139.71605
35.67715 139.65877
35.62177 139.5682
35.668488 139.70538
35.778816 139.71999
35.67498 139.76321
35.62024 139.72804
35.675053 139.76332
35.700253 139.48026
35.697533 139.6681
35.698494 139.7725
35.672863 139.73605
35.674805 139.76329
35.617416 139.72128
35.65992 139.70195
35.658524 139.70132
35.60347 139.61366
35.698597 139.77303
35.701736 139.52483
35.731842 139.72806
35.633804 139.71085
35.7015 139.7712
35.786453 139.85692
35.535324 139.58948
35.622055 139.56769
35.671577 139.74126
35.665665 139.73073
35.668224 139.83192
35.63747 139.75386
35.67061 139.68205
35.658745 139.69872
35.668858 139.6255
35.655907 139.88173
35.690804 139.70027
35.67966 139.72011
35.663513 139.73293
35.669727 139.62445
35.738834 139.66277
35.6656 139.63867
35.689907 139.69708
35.66455 139.6362
35.737873 139.65453
35.658524 139.70132
35.610092 139.75516
35.656403 139.70102
35.56407 139.59436
35.581985 139.6622
35.69286 139.70206
35.78733 139.85672
35.712902 139.7039
35.681377 139.76608
35.689396 139.8262
35.66 139.72414
35.562477 139.71605
35.66188 139.70105
35.699036 139.77086
35.69958 139.76523
35.530373 139.69722
35.65519 139.79787
35.748287 139.7995
35.560047 139.72357
35.560684 139.72372
35.729866 139.71095
35.61826 139.71817
35.798916 139.56755
35.749374 139.8057
35.673187 139.76613
35.575657 139.66322
35.539227 139.74149
35.70623 139.68584
35.54506 139.76903
35.670967 139.65878
35.704292 139.64908
35.630146 139.74043
35.630146 139.74043
35.690804 139.70027
35.774532 139.77026
35.707592 139.66649
35.62049 139.7044
35.58796 139.72816
35.628227 139.73871
35.698597 139.77303
35.65363 139.5676
35.632412 139.88327
35.672707 139.79375
35.698597 139.77303
35.72992 139.716
35.730053 139.70721
35.767975 139.84804
35.69017 139.69893
35.658875 139.69788
35.701344 139.50644
35.68972 139.69925
35.659073 139.69807
35.672993 139.49294
35.700516 139.77104
35.647305 139.72688
35.619698 139.72855
35.553474 139.5785
35.60087 139.615
35.66591 139.85902
35.630024 139.74039
35.664173 139.73131
35.766968 139.84763
35.55366 139.57912
35.69259 139.69868
35.65235 139.89966
35.589096 139.61537
35.697964 139.77376
35.55192 139.57928
35.55366 139.57912
35.554386 139.57903
35.5526 139.57962
35.63368 139.71552
35.711246 139.78252
35.690804 139.70027
35.784584 139.81079
35.68903 139.81567
35.689022 139.8157
35.656693 139.70143
35.767128 139.8476
35.766354 139.84747
35.66138 139.58574
35.693745 139.77089
35.767544 139.84637
35.54525 139.78545
35.658524 139.70132
35.69301 139.7015
35.67135 139.7725
35.659264 139.69792
35.654575 139.79242
35.658745 139.69913
35.66113 139.70096
35.765797 139.84845
35.704967 139.61844
35.698677 139.77422
35.697586 139.69623
35.54896 139.78418
35.795 139.69287
35.69167 139.77087
35.6586 139.69826
35.675144 139.75975
35.531326 139.6969
35.531384 139.69954
35.732395 139.70547
35.690994 139.77068
35.526314 139.741
35.690804 139.70027
35.634716 139.71292
35.667843 139.70522
35.54896 139.78418
35.711086 139.77513
35.700737 139.77188
35.700737 139.77188
35.66113 139.70096
35.672867 139.77396
35.693302 139.70082
35.691147 139.70152
35.648365 139.70338
35.719925 139.66554
35.77806 139.72084
35.63548 139.87952
35.690804 139.70027
35.658524 139.70132
35.763878 139.67755
35.70802 139.66603
35.647964 139.70192
35.629864 139.73593
35.64778 139.67902
35.70829 139.76941
35.705223 139.78633
35.70736 139.77461
35.663315 139.73212
35.658264 139.69963
35.672 139.4798
35.661587 139.66748
35.77869 139.80313
35.701218 139.5603
35.697838 139.64902
35.69001 139.70589
35.66041 139.72878
35.658524 139.70132
35.672913 139.7426
35.690804 139.70027
35.681282 139.76607
35.647224 139.69516
35.698387 139.77516
35.547283 139.72002
35.580673 139.6618
35.671413 139.6576
35.69167 139.77087
35.533043 139.7502
35.69115 139.70564
35.6364 139.88205
35.859665 139.65353
35.746197 139.83044
35.659485 139.70021
35.645527 139.70944
35.81248 139.56165
35.729866 139.71095
35.698677 139.77422
35.65851 139.70132
35.606228 139.66751
35.768013 139.87074
35.846832 139.74347
35.690804 139.70027
35.662205 139.67067
35.700253 139.48026
35.726635 139.69345
35.66002 139.69672
35.627525 139.7788
35.73372 139.71043
35.84324 139.7442
35.64406 139.72139
35.7139 139.70361
35.746174 139.82666
35.72204 139.78392
35.712902 139.7039
35.686546 139.69975
35.690804 139.70027
35.709606 139.66492
35.727703 139.77098
35.697292 139.65027
35.655243 139.69376
35.72874 139.71352
35.692997 139.73663
35.749645 139.80515
35.55411 139.64592
35.749645 139.80515
35.61988 139.72838
35.628025 139.73804
35.708916 139.67314
35.710926 139.77545
35.65189 139.5444
35.596348 139.71178
35.84768 139.66914
35.681377 139.76608
35.704662 139.55515
35.62054 139.70543
35.64815 139.70882
35.714046 139.5621
35.700916 139.68286
35.54506 139.76903
35.65617 139.54443
35.698597 139.77303
35.68075 139.76892
35.601368 139.71864
35.624332 139.51572
35.70889 139.77574
35.62535 139.5189
35.681377 139.76608
35.603752 139.5076
35.67988 139.76837
35.6898 139.7012
35.671963 139.72598
35.630264 139.60039
35.667614 139.63184
35.68135 139.76778
35.68569 139.66586
35.713696 139.77751
35.75849 139.62885
35.697926 139.6829
35.681377 139.76608
35.69769 139.67517
35.690804 139.70027
35.697285 139.77377
35.691517 139.6984
35.55138 139.7884
35.700253 139.48026
35.749645 139.80515
35.729866 139.71095
35.658195 139.70203
35.601654 139.68446
35.732227 139.71034
35.634075 139.71696
35.67255 139.90215
35.626434 139.63393
35.593792 139.60565
35.619328 139.73787
35.618305 139.7395
35.63368 139.71552
35.698597 139.77303
35.681377 139.76608
35.70081 139.81581
35.618473 139.73961
35.634357 139.73662
35.636276 139.73322
35.560207 139.65349
35.732117 139.76671
35.695072 139.70024
35.635834 139.73135
35.69476 139.6982
35.603752 139.5076
35.685272 139.78348
35.77806 139.72084
35.64673 139.72772
35.758392 139.70645
35.722935 139.7538
35.5532 139.64682
35.531326 139.6969
35.723026 139.75246
35.535324 139.58948
35.553104 139.78479
35.65745 139.5876
35.644257 139.66902
35.658524 139.70132
35.64569 139.48976
35.702194 139.75517
35.560207 139.65349
35.560207 139.65349
35.644314 139.6991
35.693836 139.70464
35.635757 139.73137
35.743553 139.60703
35.729866 139.71095
35.826817 139.65268
35.660194 139.70541
35.68083 139.76808
35.66342 139.72906
35.68083 139.76808
35.609352 139.7429
35.607536 139.66884
35.70089 139.80948
35.63227 139.73071
35.588432 139.72792
35.69328 139.69952
35.65596 139.54327
35.57491 139.66324
35.77869 139.80313
35.77806 139.72084
35.69585 139.69774
35.59998 139.61234
35.68083 139.76808
35.657887 139.54245
35.577415 139.66046
35.623432 139.75122
35.69591 139.8114
35.577393 139.66005
35.688698 139.69861
35.575733 139.65965
35.681377 139.76608
35.611675 139.68428
35.55138 139.67172
35.67991 139.76791
35.632984 139.73578
35.67745 139.76575
35.633938 139.73798
35.658524 139.70132
35.70736 139.77461
35.815655 139.70436
35.678967 139.76752
35.577206 139.7142
35.661587 139.66748
35.647606 139.67795
35.658524 139.70132
35.729496 139.7913
35.705177 139.64984
35.66963 139.68886
35.745617 139.71957
35.65907 139.70114
35.729866 139.71095
35.686005 139.73067
35.749332 139.8051
35.646877 139.70995
35.70113 139.77737
35.53676 139.6334
35.77806 139.72084
35.71332 139.77628
35.520634 139.63023
35.61749 139.55833
35.71475 139.77773
35.677517 139.7654
35.698597 139.77303
35.665546 139.67082
35.678417 139.76611
35.704975 139.8327
35.66669 139.75813
35.705376 139.64986
35.64766 139.71425
35.702137 139.77188
35.689133 139.70001
35.701294 139.70004
35.73023 139.71117
35.730354 139.71056
35.68104 139.76688
35.708042 139.7173
35.6415 139.52086
35.53026 139.70381
35.643856 139.52531
35.729866 139.71095
35.70968 139.79138
35.729866 139.71095
35.660427 139.69945
35.73386 139.75504
35.722782 139.68716
35.646477 139.71347
35.709145 139.71703
35.625393 139.77563
35.749645 139.80515
35.647175 139.69525
35.69169 139.77087
35.69031 139.84593
35.69807 139.77548
35.537376 139.63136
35.660507 139.707
35.690804 139.70027
35.700203 139.69626
35.53323 139.70024
35.63426 139.713
35.6775 139.67712
35.689877 139.70227
35.688866 139.70242
35.628895 139.73772
35.658348 139.61171
35.689396 139.8262
35.68787 139.82666
35.694603 139.77954
35.684177 139.70206
35.738434 139.66202
35.691525 139.7704
35.69755 139.77252
35.71048 139.81331
35.74954 139.58653
35.62932 139.73682
35.665997 139.75638
35.69767 139.7735
35.698597 139.77303
35.658195 139.70203
35.69985 139.76378
35.726234 139.59207
35.660305 139.69843
35.629276 139.73639
35.572098 139.6599
35.677013 139.73705
35.649166 139.66814
35.69737 139.76843
35.70049 139.77179
35.706463 139.7746
35.688457 139.72278
35.690804 139.70027
35.586864 139.70593
35.628975 139.74374
35.677658 139.67706
35.81516 139.58607
35.675198 139.76572
35.722656 139.75266
35.702606 139.57915
35.620697 139.70491
35.588154 139.72734
35.70277 139.57831
35.72992 139.716
35.68167 139.54968
35.6738 139.77078
35.658524 139.70132
35.72992 139.716
35.672268 139.76578
35.675438 139.7629
35.54506 139.76903
35.733208 139.77757
35.698597 139.77303
35.692566 139.7682
35.707912 139.77094
35.658524 139.70132
35.67818 139.76477
35.696106 139.79253
35.66708 139.7574
35.702675 139.86522
35.535324 139.58948
35.69395 139.7721
35.688908 139.69853
35.768753 139.70227
35.684387 139.49216
35.787334 139.61082
35.668636 139.70563
35.698597 139.77303
35.70035 139.7699
35.662945 139.66861
35.68519 139.48936
35.660267 139.69905
35.729866 139.71095
35.68212 139.80034
35.717937 139.81631
35.659615 139.61053
35.70185 139.7714
35.630146 139.74043
35.66047 139.72928
35.694862 139.70306
35.632812 139.88031
35.587322 139.59134
35.68816 139.49039
35.65189 139.5444
35.644253 139.69905
35.690804 139.70027
35.67498 139.76321
35.632984 139.73578
35.622723 139.75037
35.708973 139.77588
35.675438 139.7629
35.662556 139.69759
35.667652 139.75806
35.704975 139.8327
35.607536 139.66884
35.679893 139.82286
35.695602 139.70088
35.664585 139.85938
35.737057 139.48825
35.68109 139.70215
35.73649 139.48875
35.659462 139.70052
35.653866 139.7498
35.680134 139.76811
35.70136 139.77058
35.65803 139.6995
35.68972 139.69925
35.69007 139.6991
35.67719 139.76703
35.7054 139.57933
35.627525 139.7788
35.697815 139.7752
35.65886 139.61131
35.620785 139.56992
35.59689 139.66731
35.62542 139.72401
35.690804 139.70027
35.634007 139.7374
35.690804 139.70027
35.690804 139.70027
35.676647 139.76366
35.655567 139.5437
35.658524 139.70132
35.62851 139.73833
35.69643 139.81395
35.607254 139.73604
35.6957 139.75204
35.695503 139.75171
35.60253 139.50716
35.731045 139.71507
35.712444 139.74701
35.658524 139.70132
35.562477 139.71605
35.695812 139.7387
35.69388 139.70113
35.65633 139.75728
35.655216 139.76242
35.69885 139.77473
35.689453 139.69714
35.82136 139.67181
35.69016 139.70569
35.650417 139.75754
35.55042 139.57529
35.72005 139.71138
35.73386 139.75504
35.665348 139.75581
35.58479 139.59422
35.697414 139.78471
35.653652 139.75735
35.694904 139.70499
35.693153 139.7005
35.698 139.65784
35.610596 139.74243
35.54656 139.64505
35.69127 139.70642
35.681248 139.76749
35.74309 139.60695
35.752834 139.59448
35.688717 139.69888
35.698597 139.77303
35.648357 139.69301
35.678345 139.7401
35.67438 139.76405
35.779865 139.62602
35.610497 139.69485
35.733543 139.75456
35.66803 139.6327
35.732944 139.88167
35.730927 139.71608
35.690804 139.70027
35.69802 139.65187
35.635834 139.73135
35.62052 139.70544
35.688717 139.69888
35.554386 139.57903
35.667786 139.68825
35.610443 139.69441
35.751255 139.56746
35.661266 139.69824
35.57131 139.68562
35.55366 139.57912
35.657593 139.5436
35.668064 139.75714
35.694878 139.54578
35.55342 139.57712
35.733353 139.88202
35.562477 139.71605
35.73291 139.88133
35.55456 139.57632
35.629097 139.71655
35.698597 139.77303
35.657303 139.54356
35.641968 139.82507
35.6998 139.5241
35.64224 139.82553
35.641968 139.82507
35.594364 139.5734
35.662693 139.73302
35.655468 139.74707
35.614635 139.56618
35.650677 139.68597
35.699894 139.5603
35.614445 139.56638
35.71034 139.66681
35.69898 139.77162
35.56351 139.71616
35.73201 139.4822
35.71115 139.77356
35.650677 139.68597
35.691685 139.70114
35.688717 139.69888
35.650677 139.68597
35.69376 139.7043
35.64569 139.48976
35.703278 139.75543
35.698597 139.77303
35.8035 139.72005
35.66267 139.70168
35.68572 139.78444
35.723698 139.78653
35.678345 139.7401
35.69479 139.69623
35.73201 139.4822
35.729866 139.71095
35.61396 139.56734
35.700584 139.76404
35.681133 139.76782
35.655777 139.5421
35.654575 139.79242
35.698387 139.77516
35.778774 139.73224
35.698597 139.77303
35.703247 139.77147
35.63368 139.71552
35.634285 139.71567
35.712082 139.7075
35.63227 139.73071
35.624695 139.72324
35.72695 139.79547
35.688717 139.69888
35.73023 139.71117
35.72792 139.7996
35.696064 139.70364
35.61311 139.56934
35.61311 139.56934
35.65926 139.58746
35.612904 139.5695
35.732273 139.70662
35.732597 139.79881
35.61268 139.5699
35.69397 139.7014
35.68008 139.72023
35.64224 139.82553
35.679955 139.72021
35.641968 139.82507
35.713203 139.79349
35.698597 139.77303
35.67012 139.74168
35.55332 139.64555
35.66497 139.73103
35.73402 139.5302
35.690563 139.70857
35.629444 139.776
35.665173 139.89334
35.67996 139.78009
35.729866 139.71095
35.607647 139.73474
35.6923 139.77124
35.635117 139.73479
35.641968 139.82507
35.641968 139.82507
35.66723 139.47743
35.721542 139.52144
35.658524 139.70132
35.70089 139.80948
35.544746 139.76855
35.690804 139.70027
35.691124 139.78314
35.659195 139.70267
35.65953 139.70287
35.64726 139.70859
35.695335 139.81473
35.70185 139.77498
35.646877 139.70995
35.604897 139.7355
35.531326 139.6969
35.69958 139.76523
35.706425 139.84251
35.729866 139.71095
35.645924 139.82692
35.67194 139.76378
35.827324 139.69212
35.70462 139.61998
35.690804 139.70027
35.697765 139.77945
35.729866 139.71095
35.690056 139.69742
35.655777 139.5421
35.748203 139.70253
35.698597 139.77303
35.690804 139.70027
35.641968 139.82507
35.64907 139.71065
35.69236 139.70094
35.7282 139.71295
35.69893 139.68332
35.711235 139.79373
35.73175 139.7114
35.66361 139.87271
35.699745 139.76373
35.579666 139.66347
35.733456 139.73949
35.690804 139.70027
35.54506 139.76903
35.634285 139.71567
35.669685 139.81706
35.607536 139.66884
35.737926 139.76103
35.70072 139.77242
35.64224 139.82553
35.702194 139.75517
35.789417 139.65999
35.68905 139.69803
35.64889 139.70648
35.655346 139.65344
35.76114 139.71884
35.69608 139.7009
35.70736 139.77461
35.656017 139.75401
35.67687 139.82703
35.78948 139.66093
35.535393 139.63412
35.64224 139.82553
35.562805 139.71558
35.69001 139.70589
35.643147 139.5369
35.66353 139.73177
35.705643 139.84961
35.641968 139.82507
35.729866 139.71095
35.681133 139.76686
35.634136 139.70714
35.634136 139.70714
35.60731 139.73477
35.697674 139.66931
35.731106 139.71431
35.671577 139.74126
35.729866 139.71095
35.622856 139.69905
35.8039 139.71118
35.729866 139.71095
35.67453 139.73795
35.68251 139.76869
35.690346 139.69978
35.729416 139.71289
35.649845 139.68301
35.712902 139.7039
35.61121 139.74173
35.69138 139.70235
35.742363 139.64864
35.555325 139.64523
35.697613 139.67722
35.659138 139.69847
35.66163 139.66655
35.678104 139.76501
35.70185 139.77498
35.6444 139.86159
35.729496 139.7913
35.65907 139.69891
35.544674 139.76855
35.662975 139.69719
35.729866 139.71095
35.617188 139.56456
35.729866 139.71095
35.72992 139.716
35.701733 139.77493
35.732613 139.71098
35.711346 139.79395
35.72841 139.72064
35.62317 139.69832
35.730354 139.71056
35.696148 139.75948
35.75056 139.83534
35.732616 139.71379
35.740658 139.71655
35.71035 139.80904
35.732616 139.71379
35.67498 139.76321
35.634552 139.66608
35.697865 139.77402
35.74541 139.71524
35.66205 139.70572
35.697952 139.70743
35.661102 139.69858
35.65312 139.5624
35.710026 139.77434
35.690434 139.7605
35.76133 139.70552
35.690804 139.70027
35.68932 139.70045
35.708256 139.7735
35.69777 139.64807
35.643673 139.6693
35.697468 139.78598
35.711414 139.77718
35.675674 139.76346
35.724113 139.68211
35.693317 139.7037
35.686966 139.72704
35.74928 139.80347
35.604958 139.73532
35.603333 139.50743
35.68825 139.72096
35.65908 139.69887
35.690804 139.70027
35.70174 139.58209
35.67867 139.76735
35.729866 139.71095
35.697174 139.69649
35.558617 139.7841
35.647636 139.70795
35.722923 139.65376
35.660137 139.72997
35.68494 139.66318
35.658524 139.70132
35.54892 139.78452
35.54892 139.78452
35.663513 139.73293
35.606606 139.68533
35.73003 139.71422
35.730038 139.71364
35.681377 139.76608
35.833313 139.70686
35.689507 139.69707
35.690346 139.69978
35.745445 139.78235
35.627865 139.77184
35.698597 139.77303
35.695297 139.70424
35.66153 139.66902
35.665115 139.71246
35.714355 139.77751
35.543793 139.60258
35.54506 139.76903
35.697834 139.77145
35.58781 139.628
35.68203 139.69833
35.727703 139.77098
35.658195 139.70203
35.681377 139.76608
35.704 139.64867
35.64406 139.82475
35.72768 139.75294
35.710716 139.79176
35.608482 139.67068
35.658524 139.70132
35.66947 139.6136
35.619698 139.72855
35.659992 139.7019
35.514496 139.66441
35.72063 139.79173
35.741276 139.76501
35.770237 139.64558
35.65931 139.70181
35.73649 139.48875
35.70093 139.77065
35.698597 139.77303
35.654575 139.79242
35.703938 139.73422
35.619194 139.7283
35.66708 139.7574
35.67965 139.77997
35.700104 139.77397
35.599884 139.61143
35.65375 139.79544
35.647655 139.67215
35.68247 139.70203
35.660202 139.70232
35.66478 139.75763
35.6616 139.73537
35.769096 139.66142
35.732616 139.71379
35.689877 139.70227
35.667614 139.63184
35.677013 139.73705
35.626118 139.72365
35.697372 139.81357
35.66899 139.67972
35.55138 139.7884
35.64224 139.82553
35.69064 139.6954
35.71337 139.77634
35.691486 139.7068
35.65607 139.70316
35.693386 139.70374
35.57918 139.57341
35.77806 139.72084
35.64564 139.60767
35.78048 139.65237
35.69086 139.70485
35.696106 139.79253
35.62521 139.77562
35.603752 139.5076
35.690804 139.70027
35.740738 139.76157
35.709846 139.7908
35.55395 139.64574
35.729866 139.71095
35.543293 139.76772
35.71109 139.79636
35.64224 139.82553
35.690346 139.69978
35.73023 139.71117
35.68984 139.69835
35.645546 139.7159
35.690804 139.70027
35.732258 139.71376
35.651043 139.54433
35.69569 139.69835
35.690804 139.70027
35.707634 139.77554
35.72777 139.77097
35.667274 139.64044
35.696106 139.79253
35.60337 139.72893
35.642944 139.73415
35.69259 139.69868
35.659565 139.61064
35.713417 139.67244
35.71237 139.81416
35.606327 139.73512
35.659508 139.69885
35.66723 139.47743
35.544712 139.77
35.801918 139.71759
35.802124 139.71799
35.695045 139.79271
35.62766 139.73668
35.69125 139.69785
35.69086 139.70485
35.65189 139.5444
35.647186 139.71643
35.67745 139.76575
35.663315 139.73212
35.69887 139.7705
35.655777 139.5421
35.679264 139.76765
35.702705 139.56084
35.675674 139.76346
35.531536 139.69675
35.693977 139.70087
35.69556 139.77588
35.670094 139.67215
35.658524 139.70132
35.644115 139.75749
35.68972 139.69925
35.690346 139.69978
35.702076 139.78088
35.70126 139.74135
35.698597 139.77303
35.737926 139.76103
35.688972 139.72185
35.664593 139.7846
35.730976 139.70956
35.68892 139.69792
35.670277 139.67062
35.658524 139.70132
35.69958 139.76523
35.693386 139.70374
35.672573 139.65823
35.698597 139.77303
35.688225 139.70131
35.64224 139.82553
35.669666 139.66956
35.68925 139.69702
35.673195 139.72562
35.641968 139.82507
35.659542 139.61066
35.698597 139.77303
35.68083 139.76808
35.67253 139.72401
35.657463 139.89552
35.690804 139.70027
35.743553 139.60703
35.670677 139.70253
35.66419 139.51125
35.698597 139.77303
35.643147 139.5369
35.698338 139.77304
35.69169 139.77087
35.770195 139.6609
35.672104 139.76093
35.693745 139.70248
35.584766 139.62608
35.65636 139.70146
35.842453 139.70345
35.685867 139.8652
35.620815 139.56972
35.65931 139.69357
35.7038 139.66565
35.70583 139.6658
35.657436 139.70311
35.69951 139.77242
35.620407 139.70659
35.667248 139.70892
35.692333 139.77127
35.646553 139.71022
35.679813 139.71956
35.703617 139.64787
35.64318 139.60928
35.696438 139.81395
35.688602 139.69894
35.696907 139.8145
35.68696 139.74156
35.691788 139.70671
35.696877 139.81424
35.544415 139.7707
35.70001 139.78029
35.728634 139.5526
35.683964 139.56334
35.698677 139.77422
35.698494 139.77383
35.641968 139.82507
35.701733 139.77493
35.65275 139.56155
35.553753 139.57817
35.63427 139.71404
35.729027 139.71109
35.531326 139.6969
35.699615 139.7714
35.644695 139.7096
35.666897 139.64182
35.658978 139.69817
35.82747 139.66032
35.702705 139.56084
35.729866 139.71095
35.645924 139.82692
35.699272 139.7752
35.73862 139.6556
35.696846 139.78008
35.70185 139.77498
35.668148 139.75755
35.658524 139.70132
35.601315 139.61552
35.615482 139.7775
35.729866 139.71095
35.543793 139.60258
35.64966 139.68733
35.62575 139.66177
35.701378 139.7706
35.641968 139.82507
35.701378 139.7706
35.70922 139.66336
35.57573 139.65965
35.650257 139.55754
35.59998 139.61234
35.684334 139.70251
35.843517 139.80309
35.708145 139.61504
35.661587 139.66748
35.729633 139.63501
35.690804 139.70027
35.700737 139.77188
35.65189 139.5444
35.65618 139.60822
35.690804 139.70027
35.65189 139.5444
35.65694 139.70251
35.76873 139.66187
35.658524 139.70132
35.70149 139.77594
35.70001 139.78029
35.70816 139.55838
35.544815 139.76888
35.690247 139.70204
35.729866 139.71095
35.729027 139.71109
35.734653 139.6701
35.72837 139.71112
35.767704 139.872
35.554386 139.57903
35.655865 139.6078
35.6824 139.77386
35.62104 139.56946
35.737408 139.65475
35.729164 139.71341
35.55366 139.57912
35.55138 139.67172
35.55342 139.57712
35.77187 139.8689
35.628162 139.73857
35.849583 139.67097
35.725895 139.90787
35.65022 139.55772
35.729866 139.71095
35.659466 139.6105
35.531326 139.6969
35.631664 139.64478
35.64326 139.69867
35.73717 139.67226
35.64224 139.82553
35.70503 139.66449
35.679955 139.72021
35.698597 139.77303
35.73677 139.65407
35.68008 139.72023
35.75596 139.55061
35.69696 139.70041
35.698597 139.77303
35.66699 139.76328
35.658524 139.70132
35.846107 139.64796
35.5771 139.66162
35.66669 139.75813
35.54506 139.76903
35.70583 139.6658
35.60138 139.72688
35.658524 139.70132
35.695896 139.69997
35.713696 139.77751
35.698597 139.77303
35.641968 139.82507
35.54374 139.7714
35.67317 139.7618
35.659485 139.70021
35.729866 139.71095
35.658524 139.70132
35.54388 139.7709
35.669365 139.80942
35.66361 139.87271
35.730045 139.68303
35.695507 139.7008
35.631664 139.64478
35.669582 139.68922
35.562477 139.71605
35.693127 139.77786
35.607048 139.73448
35.742054 139.64911
35.713253 139.77603
35.69569 139.69835
35.658596 139.69954
35.658745 139.69913
35.7115 139.77669
35.695507 139.7008
35.77466 139.78584
35.54213 139.77171
35.55198 139.69058
35.632923 139.51735
35.607296 139.66867
35.707935 139.7717
35.62049 139.7044
35.663315 139.73212
35.74309 139.60695
35.69113 139.69266
35.63203 139.70654
35.69113 139.69264
35.713696 139.77919
35.66495 139.6005
35.698597 139.77303
35.72709 139.71263
35.66669 139.75813
35.666664 139.60341
35.66669 139.75813
35.66922 139.75923
35.690804 139.70027
35.731216 139.71487
35.695923 139.76163
35.72466 139.78755
35.73752 139.67213
35.66963 139.68886
35.728947 139.7908
35.729027 139.71109
35.73002 139.7918
35.673428 139.76082
35.66163 139.66655
35.677742 139.7668
35.690525 139.70872
35.768547 139.87105
35.56571 139.72826
35.55456 139.57632
35.666092 139.77461
35.69029 139.69896
35.6824 139.77386
35.71856 139.7929
35.661587 139.66748
35.661976 139.73628
35.659554 139.61053
35.750866 139.8669
35.706276 139.58081
35.731533 139.71179
35.681377 139.76608
35.651043 139.54433
35.665115 139.71246
35.706276 139.58081
35.659813 139.70035
35.67851 139.90114
35.663513 139.73293
35.589096 139.61537
35.68008 139.72023
35.622944 139.75063
35.661263 139.66783
35.658348 139.61171
35.6291 139.77737
35.535583 139.63438
35.69621 139.75998
35.70074 139.77188
35.607605 139.73453
35.73386 139.75504
35.63753 139.52377
35.689434 139.69748
35.629986 139.68588
35.72806 139.7192
35.661587 139.66748
35.70466 139.58005
35.732708 139.8987
35.690804 139.70027
35.65138 139.54437
35.628178 139.73788
35.691685 139.70114
35.77824 139.72125
35.69836 139.77293
35.713696 139.77751
35.665848 139.7602
35.648422 139.54326
35.65718 139.70375
35.747673 139.6227
35.70829 139.76941
35.66899 139.67972
35.698597 139.77303
35.54892 139.78452
35.698597 139.77303
35.810143 139.76282
35.73402 139.5302
35.713448 139.77628
35.586132 139.58113
35.698677 139.77422
35.55138 139.7884
35.622944 139.75063
35.653866 139.7498
35.562244 139.71484
35.697853 139.77245
35.733543 139.75456
35.698597 139.77303
35.64114 139.75282
35.578278 139.7604
35.630146 139.74043
35.683517 139.76657
35.845886 139.64697
35.74954 139.58653
35.572186 139.59764
35.80371 139.71909
35.698555 139.7707
35.695927 139.86786
35.737926 139.76103
35.698597 139.77303
35.730354 139.71056
35.663925 139.75687
35.690804 139.70027
35.624756 139.77585
35.681377 139.76608
35.63489 139.713
35.670097 139.76611
35.63455 139.88614
35.69801 139.77371
35.670097 139.76611
35.670097 139.76611
35.657734 139.69911
35.666138 139.7706
35.730774 139.71547
35.66241 139.69711
35.699825 139.81253
35.733692 139.74028
35.681133 139.76782
35.658524 139.70132
35.7707 139.64265
35.659615 139.61053
35.681133 139.76782
35.698494 139.7725
35.752434 139.73813
35.68694 139.66562
35.68694 139.66562
35.592033 139.67964
35.698597 139.77303
35.68694 139.66562
35.62755 139.75069
35.61988 139.72838
35.749264 139.70683
35.716133 139.85736
35.620705 139.74658
35.66669 139.75813
35.535324 139.58948
35.630653 139.87384
35.72359 139.68327
35.69556 139.77588
35.713448 139.77628
35.690804 139.70027
35.728523 139.76364
35.670624 139.72664
35.729378 139.71542
35.762917 139.72768
35.67408 139.76312
35.696426 139.69846
35.67025 139.76567
35.697674 139.66931
35.729416 139.71585
35.659565 139.61064
35.579044 139.75989
35.553154 139.7312
35.698986 139.77106
35.717964 139.81673
35.672295 139.70345
35.728615 139.7744
35.70501 139.6222
35.681377 139.76608
35.664993 139.74388
35.657852 139.57541
35.703007 139.77167
35.65886 139.61131
35.724834 139.88922
35.643513 139.67116
35.690804 139.70027
35.726814 139.77698
35.655907 139.88173
35.6887 139.6998
35.690804 139.70027
35.63368 139.71552
35.7218 139.71533
35.689396 139.8262
35.660378 139.72964
35.73563 139.70801
35.73563 139.70801
35.663082 139.73141
35.69915 139.77167
35.653366 139.69624
35.697815 139.77377
35.567265 139.69174
35.73023 139.71117
35.730354 139.71056
35.72992 139.716
35.801918 139.71759
35.675438 139.7629
35.705616 139.64867
35.676872 139.89827
35.69829 139.77286
35.55138 139.7884
35.55325 139.78699
35.729866 139.71095
35.660435 139.7028
35.5532 139.64682
35.6597 139.70114
35.650116 139.68578
35.69643 139.81395
35.55604 139.57768
35.733456 139.73949
35.7032 139.57991
35.54892 139.78452
35.530075 139.69994
35.693943 139.70096
35.627525 139.7788
35.736813 139.90222
35.64923 139.55817
35.693584 139.70255
35.57266 139.70354
35.77806 139.72084
35.670677 139.70253
35.527473 139.7032
35.630024 139.74039
35.65745 139.5876
35.743996 139.81157
35.68133 139.7679
35.586464 139.7279
35.67274 139.73636
35.682095 139.682
35.632236 139.64183
35.658646 139.69566
35.72729 139.71136
35.736794 139.63777
35.690804 139.70027
35.607864 139.66928
35.607864 139.66928
35.54892 139.78452
35.603485 139.70741
35.707005 139.79462
35.694218 139.70062
35.60743 139.68562
35.563976 139.71603
35.672764 139.90085
35.623886 139.75128
35.563976 139.71603
35.758774 139.81662
35.68212 139.80034
35.588367 139.72891
35.59783 139.62273
35.690617 139.70297
35.721542 139.52144
35.626953 139.87369
35.730354 139.71056
35.69397 139.70496
35.572823 139.70074
35.607887 139.68544
35.60909 139.68552
35.647285 139.7498
35.681698 139.67545
35.58479 139.59422
35.66166 139.66846
35.587883 139.72893
35.55138 139.7884
35.54506 139.76903
35.684742 139.79698
35.657852 139.57541
35.681377 139.76608
35.690804 139.70027
35.71433 139.70338
35.64081 139.60799
35.801918 139.71759
35.5532 139.64682
35.681377 139.76608
35.553406 139.78741
35.61921 139.70535
35.5532 139.64682
35.684742 139.77444
35.745834 139.60951
35.588432 139.72792
35.690804 139.70027
35.552654 139.64665
35.679684 139.7044
35.69455 139.70067
35.692856 139.69888
35.737873 139.65453
35.551 139.78818
35.813454 139.80112
35.660465 139.70274
35.56124 139.716
35.68468 139.76605
35.67198 139.76396
35.54506 139.76903
35.61853 139.73213
35.698597 139.77303
35.658012 139.69896
35.56227 139.71584
35.60423 139.5076
35.737816 139.65356
35.68175 139.77129
35.763435 139.67648
35.826817 139.65268
35.66385 139.7636
35.71374 139.70332
35.74727 139.82722
35.686165 139.72678
35.72777 139.77097
35.54483 139.76831
35.530914 139.69698
35.711864 139.70808
35.681206 139.76706
35.69235 139.7011
35.630146 139.74043
35.62645 139.72343
35.56229 139.715
35.65807 139.70012
35.698677 139.77422
35.54429 139.76828
35.69958 139.76523
35.729866 139.71095
35.69965 139.60353
35.54892 139.78452
35.7136 139.70615
35.69086 139.70485
35.658745 139.69913
35.59235 139.71715
35.59689 139.66731
35.749645 139.80515
35.708042 139.77362
35.699036 139.77086
35.688755 139.69705
35.702602 139.5609
35.702705 139.56084
35.671215 139.765
35.655617 139.75674
35.604275 139.50734
35.67147 139.47981
35.69168 139.69551
35.69064 139.7687
35.658524 139.70132
35.77806 139.72084
35.544746 139.76855
35.60261 139.61945
35.625393 139.77563
35.562477 139.71605
35.745205 139.71448
35.659805 139.6677
35.54506 139.76903
35.768547 139.87105
35.60507 139.68622
35.658524 139.70132
35.65943 139.70056
35.658745 139.69913
35.702408 139.69554
35.699356 139.74469
35.661587 139.66748
35.656757 139.54214
35.704327 139.6362
35.560684 139.72372
35.80578 139.69632
35.712536 139.77528
35.725525 139.76321
35.69347 139.70271
35.743797 139.67859
35.55138 139.7884
35.602238 139.6979
35.67255 139.90215
35.691257 139.69557
35.69556 139.77588
35.561928 139.71474
35.69001 139.70589
35.68388 139.70213
35.815422 139.70654
35.531326 139.6969
35.704773 139.63538
35.665115 139.71246
35.844013 139.70369
35.68008 139.72023
35.572098 139.70288
35.746784 139.75464
35.698597 139.77303
35.690998 139.73558
35.683075 139.88152
35.641968 139.82507
35.843185 139.80074
35.726208 139.71284
35.645924 139.82692
35.544712 139.77
35.72983 139.7148
35.645924 139.82692
35.596592 139.71147
35.551796 139.74551
35.636692 139.5871
35.732258 139.71376
35.60856 139.70512
35.672195 139.48047
35.683105 139.65652
35.690804 139.70027
35.672195 139.48047
35.6958 139.70195
35.69017 139.69893
35.551956 139.7872
35.607536 139.66884
35.681374 139.76778
35.681377 139.76608
35.737926 139.76103
35.658905 139.70258
35.667194 139.75854
35.681377 139.76608
35.719177 139.82135
35.531326 139.6969
35.681305 139.76938
35.628857 139.68527
35.76309 139.85175
35.66669 139.75813
35.719723 139.82076
35.712715 139.7042
35.713448 139.77628
35.732204 139.70587
35.673656 139.65541
35.681377 139.76608
35.681377 139.76608
35.73364 139.70877
35.60888 139.74278
35.74309 139.60695
35.689133 139.70001
35.655468 139.74707
35.649582 139.69972
35.705357 139.63583
35.67514 139.75987
35.673744 139.66725
35.80072 139.61928
35.66669 139.75813
35.658524 139.70132
35.690804 139.70027
35.7299 139.72397
35.710762 139.8129
35.67498 139.76321
35.77869 139.80313
35.643246 139.67001
35.646553 139.71022
35.69169 139.77087
35.691296 139.73547
35.709934 139.73167
35.703335 139.66565
35.67498 139.76321
35.681248 139.76749
35.73037 139.72229
35.712143 139.81071
35.690556 139.70593
35.792736 139.80241
35.697926 139.6829
35.698677 139.77422
35.737873 139.65453
35.62645 139.72343
35.66073 139.66742
35.658524 139.70132
35.70346 139.6657
35.65538 139.74709
35.645733 139.74757
35.659985 139.6955
35.604424 139.7018
35.65907 139.70114
35.658524 139.70132
35.586864 139.70593
35.54892 139.78452
35.676716 139.76627
35.630146 139.74043
35.69958 139.76523
35.681488 139.76526
35.63368 139.71552
35.601868 139.70811
35.73498 139.71667
35.661587 139.66748
35.729866 139.71095
35.658195 139.70203
35.70985 139.73088
35.631374 139.64363
35.634285 139.71567
35.603752 139.5076
35.81677 139.73627
35.713448 139.77628
35.681377 139.76608
35.647453 139.71187
35.750866 139.8669
35.658524 139.70132
35.552044 139.7416
35.72825 139.88672
35.758385 139.62436
35.69336 139.78238
35.671726 139.83698
35.658546 139.6984
35.668827 139.83066
35.65449 139.8424
35.688187 139.59937
35.599953 139.6106
35.664585 139.85938
35.65618 139.60822
35.70054 139.77469
35.769035 139.70245
35.629276 139.68701
35.60743 139.68562
35.655865 139.6078
35.687622 139.59993
35.814808 139.70184
35.60909 139.68552
35.56836 139.55347
35.60931 139.6855
35.659466 139.6105
35.72021 139.78416
35.68722 139.68954
35.658314 139.69908
35.698967 139.60442
35.752434 139.73813
35.659218 139.75267
