35.6467 139.71152
35.656082 139.73404
35.694267 139.78256
35.578777 139.73407
35.729866 139.71095
35.627213 139.71432
35.602665 139.61696
35.710114 139.64836
35.69614 139.66817
35.64331 139.66748
35.638546 139.68309
35.64434 139.75562
35.521294 139.63054
35.65787 139.69879
35.676292 139.73676
35.647053 139.70242
35.681316 139.62811
35.690468 139.70819
35.6904 139.70914
35.646996 139.69807
35.655155 139.70467
35.628914 139.68677
35.660965 139.72409
35.644253 139.69905
35.685055 139.78366
35.671547 139.6162
35.671005 139.75996
35.66011 139.6961
35.69161 139.70847
35.66062 139.72627
35.660965 139.72409
35.694393 139.70209
35.690804 139.70027
35.68924 139.70001
35.654213 139.53033
35.62527 139.57057
35.623257 139.57109
35.690804 139.70027
35.680508 139.76808
35.66836 139.6504
35.822216 139.5752
35.6746 139.7777
35.669357 139.76483
35.537865 139.74184
35.703686 139.57922
35.63679 139.87827
35.693047 139.74799
35.702778 139.73885
35.714527 139.70354
35.703735 139.73523
35.658566 139.74548
35.54506 139.76903
35.532753 139.70074
35.6746 139.7777
35.658524 139.70132
35.67697 139.78595
35.658184 139.7029
35.6589 139.70326
35.658997 139.73193
35.654076 139.70528
35.65956 139.72934
35.63347 139.66165
35.52311 139.69148
35.668327 139.70409
35.690804 139.70027
35.65908 139.70505
35.646687 139.66942
35.648342 139.71146
35.629368 139.7415
35.82802 139.69052
35.655617 139.75674
35.55138 139.7884
35.65881 139.70529
35.677658 139.6262
35.6746 139.7777
35.62536 139.72318
35.64539 139.71199
35.660965 139.72409
35.690483 139.70805
35.660965 139.72409
35.60138 139.72688
35.628025 139.73804
35.691517 139.6984
35.67498 139.76321
35.549 139.78444
35.75477 139.6067
35.628227 139.73871
35.578777 139.73407
35.67994 139.76822
35.66717 139.60207
35.660965 139.72409
35.692184 139.69711
35.706425 139.84251
35.646996 139.69807
35.694736 139.70009
35.655155 139.70467
35.65842 139.69498
35.6746 139.7777
35.68008 139.72023
35.660965 139.72409
35.65842 139.69498
35.644253 139.69905
35.66221 139.73454
35.544674 139.76855
35.705597 139.80054
35.655155 139.70467
35.637608 139.70433
35.65829 139.69533
35.690804 139.70027
35.637608 139.70433
35.681377 139.76608
35.660934 139.72932
35.659668 139.79378
35.707134 139.7854
35.54506 139.76903
35.659668 139.79378
35.75136 139.54591
35.6886 139.7107
35.64907 139.69139
35.668278 139.75847
35.688595 139.80939
35.66868 139.76108
35.707134 139.7854
35.609573 139.74731
35.63057 139.71434
35.670544 139.71785
35.65189 139.5444
35.6746 139.7777
35.628227 139.73871
35.659462 139.72357
35.694122 139.70453
35.57958 139.57301
35.693943 139.70444
35.755497 139.76776
35.60138 139.72688
35.65073 139.5515
35.700638 139.75667
35.7135 139.77628
35.67226 139.76031
35.624043 139.51741
35.656548 139.53975
35.657795 139.5366
35.690804 139.70027
35.63788 139.70439
35.729866 139.71095
35.6746 139.7777
35.737873 139.65453
35.67697 139.78595
35.66377 139.73228
35.613926 139.70035
35.690384 139.7219
35.66089 139.66766
35.66227 139.69931
35.669666 139.70665
35.58105 139.64142
35.698376 139.77289
35.703686 139.57922
35.661922 139.69762
35.68898 139.79626
35.699017 139.77463
35.6602 139.69588
35.707134 139.7854
35.660965 139.72409
35.69161 139.70847
35.65687 139.73529
35.658215 139.69702
35.699017 139.77463
35.699017 139.77463
35.578777 139.73407
35.69066 139.70026
35.729347 139.71817
35.645733 139.74757
35.643482 139.74918
35.590153 139.7285
35.718163 139.72745
35.69633 139.7007
35.67241 139.6517
35.697964 139.77242
35.664417 139.69911
35.664417 139.69911
35.659748 139.70316
35.64654 139.70953
35.69369 139.7021
35.707134 139.7854
35.584663 139.74075
35.65189 139.5444
35.695335 139.70262
35.660152 139.7288
35.707134 139.7854
35.658524 139.70132
35.65829 139.69533
35.65829 139.69533
35.65829 139.69533
35.681377 139.76608
35.6904 139.70914
35.6746 139.7777
35.67697 139.78595
35.55138 139.7884
35.551292 139.78741
35.659668 139.79378
