35.690804 139.70027
35.667217 139.79285
35.668644 139.65048
35.729027 139.71109
35.666275 139.79535
35.680645 139.76636
35.560684 139.72372
35.665874 139.89305
35.59974 139.61023
35.599953 139.6106
35.530987 139.69662
35.668934 139.76819
35.66834 139.76675
35.690533 139.75595
35.729866 139.71095
35.66225 139.7749
35.603752 139.5076
35.536766 139.70288
35.532753 139.70074
35.748306 139.56767
35.636227 139.88368
35.7032 139.57991
35.531326 139.6969
35.531536 139.69675
35.636456 139.87895
35.531166 139.69632
35.544746 139.76855
35.698597 139.77303
35.690804 139.70027
35.733692 139.74028
35.60184 139.72177
35.69747 139.68286
35.66669 139.75813
35.658195 139.70203
35.660294 139.72928
35.729866 139.71095
35.690804 139.70027
35.62851 139.73833
35.688866 139.70242
35.69697 139.78836
35.5596 139.7211
35.553825 139.64627
35.691032 139.6995
35.681686 139.76465
35.688564 139.70226
35.688957 139.70001
35.580944 139.64151
35.52745 139.70094
35.678078 139.56776
35.531326 139.6969
35.69528 139.69872
35.6636 139.75125
35.658524 139.70132
35.620785 139.56992
35.632812 139.88031
35.68245 139.76418
35.61989 139.7317
35.63441 139.79161
35.530987 139.69662
35.66225 139.7749
35.603752 139.5076
35.728634 139.5526
35.67282 139.69432
35.70231 139.74503
35.7587 139.6894
35.660294 139.72928
35.69679 139.68245
35.698597 139.77303
35.673893 139.75096
35.66669 139.75813
35.729866 139.71095
35.55454 139.7297
35.690804 139.70027
35.68137 139.76646
35.645733 139.74757
35.66181 139.74727
35.697865 139.69853
35.67739 139.73698
35.658905 139.70258
35.63231 139.87917
35.631664 139.64478
35.712067 139.76523
35.660294 139.72928
35.531326 139.6969
35.532307 139.69707
35.609352 139.7429
35.680645 139.76636
35.66708 139.7574
35.668224 139.60114
35.668224 139.60114
35.66951 139.82079
35.603752 139.5076
35.70231 139.74503
35.63548 139.87952
35.552727 139.696
35.53108 139.69699
35.677345 139.73743
35.659275 139.70586
35.77806 139.72084
35.692696 139.69109
35.633896 139.5311
35.7587 139.6894
35.692696 139.69109
35.5596 139.7211
35.71679 139.85826
35.676308 139.78458
35.690804 139.70027
35.706425 139.84251
35.66708 139.7574
35.70029 139.83368
35.66669 139.75813
35.55716 139.71976
35.69697 139.78836
35.729866 139.71095
35.731842 139.72806
35.696163 139.78809
35.697712 139.82732
35.690804 139.70027
35.707058 139.8319
35.710117 139.82803
35.66841 139.75526
35.68923 139.70056
35.620785 139.56992
35.620815 139.56972
35.690804 139.70027
35.62104 139.56946
35.679413 139.78001
35.729866 139.71095
35.576817 139.71445
35.628696 139.73965
35.530987 139.69662
35.727367 139.77135
35.680645 139.76636
35.66225 139.7749
35.616047 139.55331
35.552727 139.696
35.672318 139.79456
35.669456 139.81856
35.666683 139.77843
35.633137 139.71567
35.55138 139.7884
35.7587 139.6894
35.57573 139.65965
35.660305 139.69843
35.690903 139.70004
35.690903 139.69974
35.7032 139.57991
35.6817 139.76932
35.71679 139.85826
35.5532 139.64682
35.6933 139.69202
35.729866 139.71095
35.706425 139.84251
35.653652 139.75735
35.70029 139.83368
35.648365 139.70338
35.65799 139.70308
35.690804 139.70027
35.62851 139.73833
35.562515 139.71698
35.695072 139.70024
35.56082 139.569
35.70462 139.61998
35.679413 139.78001
35.530987 139.69662
35.680645 139.76636
35.68018 139.76836
35.552727 139.696
35.66225 139.7749
35.665874 139.89305
35.645733 139.74757
35.748306 139.56767
35.614628 139.52824
35.7587 139.6894
35.628418 139.73987
35.7032 139.57991
35.676308 139.78458
35.5532 139.64682
35.555813 139.72122
35.698597 139.77303
35.52745 139.70094
35.729237 139.71085
35.729866 139.71095
35.648365 139.70338
35.536766 139.70288
35.532753 139.70074
35.54107 139.64928
35.62851 139.73833
35.692856 139.69888
35.6403 139.75627
35.733692 139.74028
35.531536 139.69675
35.645733 139.74757
35.681686 139.76465
35.690804 139.70027
35.662197 139.71352
35.62104 139.56946
35.858738 139.65729
35.530987 139.69662
35.680645 139.76636
35.617188 139.56456
35.6657 139.72258
35.70087 139.69722
35.552727 139.696
35.855587 139.64865
35.616047 139.55331
35.737675 139.76135
35.680393 139.73459
35.645733 139.74757
35.698597 139.77303
35.53108 139.69699
35.572617 139.73216
35.715332 139.85368
35.7032 139.57991
35.631664 139.64478
35.531326 139.6969
35.676308 139.78458
35.71679 139.85826
35.66669 139.75813
35.55716 139.71976
35.62851 139.73833
35.70087 139.69722
35.670326 139.76324
35.686237 139.76573
35.696163 139.78809
35.70171 139.71626
35.637608 139.70433
35.688866 139.70242
35.52745 139.70094
35.690804 139.70027
35.72777 139.77097
35.686005 139.73067
35.766327 139.76224
35.702194 139.75517
35.729866 139.71095
35.544674 139.76855
35.705585 139.7519
35.690346 139.69978
35.742527 139.84644
35.748306 139.56767
35.672985 139.76178
35.71679 139.85826
35.706425 139.84251
35.697586 139.82608
35.72951 139.7194
35.70029 139.83368
35.70717 139.75145
35.777332 139.72115
35.68923 139.70056
35.658524 139.70132
35.620815 139.56972
35.56082 139.569
35.617188 139.56456
35.530987 139.69662
35.680645 139.76636
35.552727 139.696
35.71455 139.77809
35.619564 139.56223
35.630814 139.72594
35.620186 139.56128
35.70231 139.74503
35.70231 139.74503
35.608334 139.561
35.6731 139.74077
35.531326 139.6969
35.574368 139.66206
35.53108 139.69699
35.644314 139.6991
35.7587 139.6894
35.633137 139.71567
35.7032 139.57991
35.67697 139.78595
35.698597 139.77303
35.527447 139.70128
35.62851 139.73833
35.730354 139.71056
35.729866 139.71095
35.66669 139.75813
35.561356 139.57509
35.660294 139.72928
35.64717 139.74744
35.67048 139.74762
35.56082 139.569
35.630146 139.74043
35.532753 139.70074
35.531868 139.7002
35.577423 139.55844
35.530987 139.69662
35.531326 139.6969
35.531536 139.69675
35.63788 139.70439
35.680645 139.76636
35.675053 139.76332
35.605145 139.74255
35.644314 139.6991
35.66783 139.89102
35.66225 139.7749
35.531326 139.6969
35.665874 139.89305
35.645733 139.74757
35.53108 139.69699
35.748306 139.56767
35.658905 139.70258
35.54896 139.78418
35.70231 139.74503
35.7587 139.6894
35.702206 139.58035
35.688866 139.70242
35.658195 139.70203
35.7032 139.57991
35.564026 139.58044
35.729233 139.90709
35.75601 139.59764
35.676308 139.78458
35.527447 139.70128
35.5532 139.64682
35.54896 139.78418
35.730354 139.71056
35.63292 139.73352
35.620815 139.56972
35.729237 139.71085
35.698597 139.77303
35.636105 139.88339
35.617188 139.56456
35.690804 139.70027
35.66669 139.75813
35.62104 139.56946
35.655613 139.70369
35.678078 139.56776
35.681377 139.76608
35.616047 139.55331
35.729866 139.71095
35.646877 139.70995
35.52671 139.69472
35.690804 139.70027
35.729588 139.71071
35.55664 139.71404
35.530987 139.69662
35.680645 139.76636
35.70087 139.69722
35.66836 139.6504
35.631664 139.64478
35.70231 139.74503
35.53072 139.69626
35.522697 139.7321
35.552727 139.696
35.69296 139.73639
35.65209 139.62889
35.69158 139.73703
35.748306 139.56767
35.62885 139.73799
35.628426 139.73698
35.66225 139.7749
35.71337 139.77634
35.7587 139.6894
35.70231 139.74503
35.690804 139.70027
35.679836 139.78006
35.527454 139.70058
35.7032 139.57991
35.644314 139.6991
35.698597 139.77303
35.679413 139.78001
35.5532 139.64682
35.63368 139.71552
35.670185 139.75021
35.658524 139.70132
35.66669 139.75813
35.527447 139.70128
35.676308 139.78458
35.690804 139.70027
35.695312 139.74054
35.729237 139.71085
35.67282 139.69432
35.700974 139.74094
35.633686 139.64963
35.65491 139.7962
35.683636 139.76155
35.653652 139.75735
35.69132 139.77121
35.62436 139.88803
35.68334 139.76056
35.683792 139.75931
35.663254 139.74086
35.700703 139.74146
35.655296 139.77371
35.651093 139.72357
35.617035 139.62585
