35.6518 139.54558
35.635193 139.76752
35.6266 139.72493
35.63441 139.79161
35.688004 139.69899
35.695072 139.70108
35.700233 139.561
35.65907 139.70058
35.658524 139.70132
35.691296 139.73547
35.62885 139.73799
35.75724 139.70831
35.62885 139.73799
35.658443 139.69815
35.699036 139.77086
35.857594 139.65625
35.644314 139.6991
35.71362 139.77652
35.712833 139.51123
35.587017 139.63062
35.64266 139.66843
35.607483 139.74904
35.544746 139.76855
35.661263 139.69641
35.692524 139.69954
35.681377 139.76608
35.643246 139.67001
35.715332 139.85368
35.71679 139.85826
35.690804 139.70027
35.701008 139.76605
35.845993 139.64783
35.669888 139.75807
35.65387 139.87234
35.700737 139.77188
35.68658 139.70044
35.531326 139.6969
35.695435 139.76746
35.690998 139.73558
35.702362 139.5799
35.698597 139.77303
35.72246 139.85397
35.657833 139.70145
35.690804 139.70027
35.71362 139.77652
35.69834 139.77312
35.66669 139.75813
35.660137 139.72997
35.659107 139.69862
35.624912 139.63258
35.688885 139.67342
35.729866 139.71095
35.623257 139.57109
35.62527 139.57057
35.529797 139.69916
35.684437 139.72998
35.65491 139.7962
35.693584 139.70245
35.529797 139.69916
35.690804 139.70027
35.729164 139.7101
35.66019 139.698
35.587738 139.72906
35.657833 139.70145
35.764923 139.73085
35.846107 139.64796
35.688957 139.70001
35.694393 139.69281
35.71417 139.79291
35.628227 139.73871
35.62882 139.74275
35.690804 139.70027
35.63466 139.7124
35.69152 139.70125
35.69023 139.70743
35.690804 139.70027
35.658627 139.6996
35.693745 139.70152
35.681377 139.76608
35.66167 139.69757
35.70061 139.75682
35.66669 139.75813
35.701294 139.70004
35.673744 139.66725
35.69583 139.70013
35.576702 139.72266
35.630146 139.74043
35.681377 139.76608
35.704517 139.6345
35.57573 139.65965
35.55138 139.67172
35.530827 139.69803
35.65797 139.57503
35.69031 139.68837
35.648735 139.69313
35.63441 139.79161
35.629868 139.79427
35.529278 139.70007
35.65865 139.70918
35.670334 139.64992
35.65579 139.73703
35.69104 139.7066
35.695335 139.70262
35.69386 139.70334
35.6721 139.69064
35.64833 139.7109
35.720028 139.76335
35.54506 139.76903
35.712948 139.70403
35.64313 139.70158
35.68599 139.74495
35.788254 139.61292
35.644176 139.66992
35.681377 139.76608
35.709743 139.77548
35.64728 139.6674
35.71797 139.6531
35.65438 139.69594
35.66669 139.75813
35.64325 139.69824
35.575027 139.75879
35.695065 139.74783
35.670204 139.74982
35.572598 139.71317
35.686005 139.73067
35.55191 139.74078
35.658524 139.70132
35.693005 139.70155
35.690804 139.70027
35.662716 139.6972
35.6886 139.7107
35.55303 139.73553
35.630146 139.74043
35.631573 139.6454
35.631073 139.64256
35.531326 139.6969
35.6904 139.70914
35.649788 139.67964
35.66067 139.69528
35.735558 139.8018
35.670704 139.69664
35.643272 139.67021
35.588497 139.73041
35.649063 139.69986
35.690804 139.70027
35.671 139.76279
35.628914 139.68677
35.61308 139.62682
35.688225 139.70131
35.657097 139.69568
35.681377 139.76608
35.693684 139.7022
35.787106 139.67477
35.689808 139.6979
35.635193 139.76752
35.66651 139.75604
35.711655 139.69751
35.71049 139.775
35.594364 139.5734
35.70462 139.61998
35.65073 139.5515
35.66283 139.70952
35.690956 139.70529
35.83091 139.57854
35.698597 139.77303
35.715332 139.85368
35.69808 139.7731
35.698597 139.77303
35.690556 139.70593
35.699516 139.57707
35.638298 139.6327
35.783993 139.67241
35.729866 139.71095
35.694008 139.70442
35.645367 139.74788
35.729633 139.7132
35.7299 139.71362
35.689518 139.72237
35.690804 139.70027
35.690804 139.70027
35.56183 139.71361
35.646137 139.82742
35.6958 139.70195
35.71679 139.85826
35.69569 139.69835
35.666145 139.64143
35.729027 139.71109
35.607536 139.66884
35.691917 139.70569
35.732525 139.72789
35.649227 139.70749
35.572598 139.71317
35.707027 139.66643
35.56895 139.71352
35.61218 139.62589
35.665302 139.75629
35.630566 139.70963
35.646877 139.70995
35.69519 139.81392
35.751423 139.54546
35.751335 139.54529
35.6794 139.69388
35.670254 139.76299
35.750744 139.54526
35.689133 139.70001
35.60993 139.82565
35.662437 139.7345
35.64771 139.70963
35.692924 139.69905
35.661423 139.66713
35.705387 139.75438
35.696438 139.81395
35.635193 139.76752
35.67867 139.74017
35.698597 139.77303
35.62999 139.68301
35.69834 139.77312
35.698597 139.77303
35.70583 139.6658
35.70155 139.83937
35.693184 139.69952
35.692547 139.70119
35.688023 139.6994
35.68018 139.76836
35.691147 139.70152
35.6908 139.7013
35.642727 139.699
35.690804 139.70027
35.743797 139.67859
35.674507 139.77763
35.623257 139.57109
35.588432 139.72792
35.692696 139.69109
35.774426 139.73174
35.658524 139.70132
35.711655 139.69751
35.689293 139.80898
35.691296 139.69823
35.695896 139.69997
35.658745 139.69913
35.548866 139.78308
35.673912 139.76288
35.715332 139.85368
35.663315 139.73212
35.664143 139.7452
35.58772 139.569
35.814747 139.58684
35.66534 139.74336
35.681377 139.76608
35.748707 139.80481
35.794502 139.79079
35.656425 139.7012
35.593792 139.60565
35.62049 139.7044
35.751415 139.63928
35.695065 139.70108
35.827957 139.80304
35.681377 139.76608
35.628227 139.73871
35.667614 139.63184
35.698597 139.77303
35.658524 139.70132
35.63347 139.66165
35.69286 139.69415
35.694393 139.69281
35.70185 139.77498
35.63368 139.71552
35.70281 139.5798
35.636692 139.5871
35.628647 139.73851
35.588432 139.72792
35.6905 139.7
35.698597 139.77303
35.620064 139.72705
35.705025 139.63458
35.628937 139.73566
35.7078 139.77556
35.715206 139.63069
35.637608 139.70433
35.66051 139.72922
35.67579 139.64415
35.78367 139.66638
35.711655 139.69751
35.67994 139.76822
35.644924 139.66943
35.5771 139.66162
35.70787 139.77263
35.572598 139.71317
35.66051 139.72922
35.645576 139.70186
35.659435 139.69768
35.64714 139.70847
35.707085 139.77411
35.68083 139.76808
35.822216 139.5752
35.65559 139.73677
35.586384 139.72795
35.586384 139.72803
35.585255 139.72647
35.648746 139.70895
35.629257 139.73875
35.695187 139.70528
35.693317 139.7037
35.6867 139.72868
35.660706 139.69792
35.69808 139.7731
35.54506 139.76903
35.698597 139.77303
35.658524 139.70132
35.70281 139.5798
35.712624 139.79381
35.641968 139.65889
35.749157 139.6168
35.647835 139.74484
35.629864 139.73593
35.701912 139.73798
35.653053 139.64706
35.658524 139.70132
35.76114 139.71884
35.690804 139.70027
35.74261 139.78175
35.53021 139.67827
35.690804 139.70027
35.539577 139.66324
35.738186 139.76033
35.678417 139.76611
35.70078 139.77066
35.681377 139.76608
35.667614 139.63184
35.656605 139.73575
35.54907 139.62186
35.705437 139.65147
35.554558 139.603
35.644314 139.6991
35.556343 139.60095
35.564026 139.58044
35.70357 139.75511
35.690243 139.6968
35.661396 139.66904
35.71332 139.77628
35.66417 139.67642
35.692253 139.68864
35.68788 139.70221
35.665775 139.75827
35.707134 139.7854
35.661556 139.6695
35.695534 139.68872
35.61192 139.63881
35.707657 139.77298
35.697468 139.78598
35.630146 139.74043
35.667614 139.63184
35.641968 139.82507
35.629242 139.77612
35.605293 139.50562
35.62521 139.77562
35.562035 139.71379
35.66246 139.70003
35.670967 139.65878
35.7015 139.7712
35.77572 139.78624
35.72165 139.70627
35.694225 139.70453
35.77398 139.78604
35.66866 139.76137
35.698597 139.77303
35.629917 139.7334
35.707478 139.57869
35.627525 139.7788
35.72686 139.71227
35.632812 139.88031
35.63231 139.87917
35.70678 139.64986
35.659904 139.69904
35.647537 139.7107
35.697998 139.77391
35.645924 139.82692
35.642235 139.67165
35.626404 139.88771
35.62741 139.8895
35.77961 139.69514
35.690346 139.69978
35.77466 139.78584
35.696438 139.81395
35.663086 139.70062
35.6359 139.69344
35.690804 139.70027
35.641968 139.82507
35.70093 139.70312
35.69634 139.56107
35.554073 139.73964
35.69001 139.70589
35.605293 139.50562
35.697037 139.8134
35.684826 139.79843
35.698597 139.77303
35.627934 139.87642
35.714123 139.4938
35.711197 139.79262
35.52311 139.69148
35.695644 139.7945
35.630146 139.74043
35.626072 139.8761
35.697998 139.77391
35.68083 139.76808
35.660355 139.72993
35.630215 139.6402
35.777336 139.56999
35.64808 139.66933
35.681377 139.76608
35.66272 139.73268
35.713295 139.70505
35.65886 139.69978
35.607536 139.66884
35.64224 139.82553
35.62904 139.73976
35.667614 139.63184
35.66763 139.63205
35.6544 139.73691
35.70331 139.75198
35.659 139.66771
35.72673 139.48784
35.69532 139.70143
35.667336 139.63145
35.62795 139.77382
35.689995 139.68777
35.691517 139.6984
35.695896 139.69997
35.660828 139.69836
35.725357 139.72043
35.70139 139.70781
35.67088 139.76172
35.65907 139.70114
35.64145 139.7225
35.659943 139.7015
35.691933 139.72427
35.60993 139.82565
35.66225 139.7749
35.632282 139.78961
35.711773 139.69785
35.641968 139.82507
35.700737 139.77188
35.605293 139.50562
35.700104 139.77397
35.66319 139.73213
35.670357 139.50482
35.628178 139.73788
35.64914 139.69937
35.698597 139.77303
35.69834 139.77312
35.607048 139.73448
35.7032 139.57991
35.661346 139.70465
35.69275 139.72841
35.634487 139.7122
35.663982 139.73053
35.690998 139.73558
35.710815 139.79198
35.711197 139.79262
35.695896 139.69997
35.690804 139.70027
35.663696 139.66899
35.6839 139.4726
35.69958 139.76523
35.762325 139.70488
35.698338 139.77304
35.562477 139.71605
35.696106 139.79253
35.684742 139.77444
35.696907 139.8145
35.690132 139.70006
35.658524 139.70132
35.712406 139.70683
35.626434 139.63393
35.708237 139.7699
35.70223 139.54482
35.64236 139.66895
35.689335 139.68974
35.697815 139.7752
35.702705 139.56084
35.684025 139.7013
35.66076 139.72748
35.572098 139.70288
35.572598 139.71317
35.681133 139.76782
35.65907 139.69891
35.67156 139.70317
35.577347 139.5838
35.693134 139.70255
35.69001 139.70589
35.660492 139.66843
35.76955 139.87045
35.71219 139.70518
35.729866 139.71095
35.703743 139.75258
35.690052 139.69933
35.603752 139.5076
35.629242 139.77612
35.66067 139.69528
35.690468 139.68593
35.688343 139.69693
35.662994 139.69987
35.68599 139.76343
35.689217 139.7079
35.681377 139.76608
35.722885 139.6527
35.732197 139.76665
35.646828 139.7096
35.69021 139.7076
35.626404 139.88771
35.575733 139.65965
35.54506 139.76903
35.67988 139.76837
35.713696 139.77751
35.562477 139.71605
35.562344 139.71379
35.694393 139.69281
35.72976 139.71486
35.531536 139.69675
35.681377 139.76608
35.587746 139.62778
35.717842 139.79744
35.641834 139.66637
35.704723 139.63623
35.699253 139.69624
35.57573 139.65965
35.58749 139.62952
35.70824 139.61388
