52.349785 4.9111032
52.349785 4.9111032
52.37366 4.897864
52.35948 4.93976
52.38055 4.637993
52.289635 5.150326
52.30924 4.762187
52.308952 4.7612896
52.4425 4.6380544
52.36422 4.882897
52.37281 4.875697
52.32978 5.0671034
52.370834 4.9006414
52.352707 4.845616
52.358044 4.86763
52.370285 4.8849354
52.36609 4.896469
52.32419 5.113318
52.30924 4.762187
52.377644 4.7571287
52.363426 4.8797717
52.304333 4.7497954
52.371346 4.845244
52.30924 4.762187
52.30924 4.762187
52.308323 4.765234
52.371746 4.636979
52.372265 4.8888836
52.497807 4.928624
52.343246 4.8530602
52.29811 4.745071
52.363842 4.834299
52.307617 4.806548
52.321354 4.8758073
52.34064 4.623592
52.29163 4.724967
52.30924 4.762187
52.30924 4.762187
52.51141 4.968229
52.334595 4.9575896
52.337196 4.9623466
52.40838 4.64687
52.40007 4.841618
52.349976 4.9185815
52.382042 4.9027777
52.3388 4.8733377
52.489254 4.7930923
52.30924 4.762187
52.383247 4.64947
52.374454 4.9039364
52.351078 4.8356833
52.371944 4.638808
52.371334 4.6402135
52.342236 4.844885
52.36241 4.8325996
52.370163 4.6537657
52.310616 4.69828
52.30924 4.762187
52.30924 4.762187
52.370567 4.900474
52.316307 4.956573
52.30581 4.7661247
52.309658 4.760213
52.31279 5.04302
52.30924 4.762187
52.362236 4.8805904
52.388226 4.660392
52.34959 4.874019
52.32544 4.950864
52.37772 4.6080675
52.310028 4.9504566
52.38048 4.842664
52.37323 4.897177
52.380974 4.854115
52.37366 4.897864
52.30924 4.762187
52.352463 4.90294
52.31268 5.0376544
52.439064 4.824155
52.38103 4.8543253
52.35432 4.8662567
52.36609 4.896469
52.3625 4.9105453
52.38036 4.891595
52.3625 4.9105453
52.378613 4.900546
52.308598 4.767239
52.374817 4.899048
52.37302 4.892628
52.36609 4.896469
52.36422 4.882897
52.374454 4.9039364
52.341755 4.876107
52.497852 4.9512124
52.37353 4.90464
52.380936 4.8541145
52.38103 4.8543253
52.36409 4.8842483
52.377644 4.7571287
52.30924 4.762187
52.30924 4.762187
52.36609 4.896469
52.30924 4.762187
52.45847 4.670863
52.369354 4.906034
52.323643 4.936509
52.49324 4.8037047
52.378613 4.900546
52.35919 4.926108
52.385315 4.851746
52.371746 4.636979
52.307617 4.806548
52.308323 4.765234
52.355537 4.86186
52.40007 4.841618
52.469166 4.8049946
52.51141 4.968229
52.371746 4.636979
52.30924 4.762187
52.374165 4.644484
52.34857 4.917949
52.360603 4.931379
52.30924 4.762187
52.496014 5.0572667
52.35544 4.78653
52.371452 4.8392305
52.30924 4.762187
52.284378 4.7325935
52.30924 4.762187
52.34064 4.623592
52.30924 4.762187
52.337196 4.9623466
52.382042 4.9027777
52.371944 4.638808
52.371334 4.6402135
52.382996 4.801772
52.374413 4.886958
52.50945 4.945579
52.486687 4.962561
52.43088 4.6428113
52.41356 4.652476
52.370163 4.6537657
52.36241 4.8325996
52.346836 4.674201
52.347 4.7512026
52.340885 4.829961
52.318764 4.66733
52.30587 4.836185
52.350285 5.181172
52.308693 4.7637005
52.346165 4.6286783
52.336468 4.8853755
52.303257 4.945607
52.318764 4.66733
52.327682 5.0621653
52.33728 4.8897314
52.3158 4.9493012
52.307384 4.9472294
52.432 4.8144226
52.30924 4.762187
52.30499 4.692172
52.30924 4.762187
52.307587 4.7652984
52.359158 4.8313975
52.31279 5.04302
52.31026 4.9433756
