52.349785 4.9111032
52.349785 4.9111032
52.37366 4.897864
52.35948 4.93976
52.38055 4.637993
52.289635 5.150326
52.30924 4.762187
52.308952 4.7612896
52.4425 4.6380544
52.36422 4.882897
52.37281 4.875697
52.32978 5.0671034
52.370834 4.9006414
52.352707 4.845616
52.358044 4.86763
52.370285 4.8849354
52.36609 4.896469
52.32419 5.113318
52.30924 4.762187
52.377644 4.7571287
52.363426 4.8797717
52.304333 4.7497954
52.371346 4.845244
52.30924 4.762187
52.30924 4.762187
52.308323 4.765234
52.371746 4.636979
52.372265 4.8888836
52.497807 4.928624
52.343246 4.8530602
52.29811 4.745071
52.363842 4.834299
52.307617 4.806548
52.321354 4.8758073
52.34064 4.623592
52.29163 4.724967
52.30924 4.762187
52.30924 4.762187
52.51141 4.968229
52.334595 4.9575896
52.337196 4.9623466
52.40838 4.64687
52.40007 4.841618
52.349976 4.9185815
52.382042 4.9027777
52.3388 4.8733377
52.489254 4.7930923
52.30924 4.762187
52.383247 4.64947
52.374454 4.9039364
52.351078 4.8356833
52.371944 4.638808
52.371334 4.6402135
52.342236 4.844885
52.36241 4.8325996
52.370163 4.6537657
52.310616 4.69828
52.30924 4.762187
52.30924 4.762187
52.370567 4.900474
52.316307 4.956573
52.30581 4.7661247
52.309658 4.760213
52.31279 5.04302
52.30924 4.762187
52.362236 4.8805904
52.388226 4.660392
52.34959 4.874019
52.32544 4.950864
52.37772 4.6080675
52.310028 4.9504566
52.38048 4.842664
52.37323 4.897177
52.380974 4.854115
52.37366 4.897864
52.30924 4.762187
52.352463 4.90294
52.31268 5.0376544
52.439064 4.824155
52.38103 4.8543253
52.35432 4.8662567
52.36609 4.896469
52.3625 4.9105453
52.38036 4.891595
52.3625 4.9105453
52.378613 4.900546
52.308598 4.767239
52.374817 4.899048
52.37302 4.892628
52.36609 4.896469
52.36422 4.882897
52.374454 4.9039364
52.341755 4.876107
52.497852 4.9512124
52.37353 4.90464
52.380936 4.8541145
52.38103 4.8543253
52.36409 4.8842483
52.377644 4.7571287
52.30924 4.762187
52.30924 4.762187
52.36609 4.896469
52.30924 4.762187
52.45847 4.670863
52.369354 4.906034
52.323643 4.936509
52.49324 4.8037047
52.378613 4.900546
52.35919 4.926108
52.385315 4.851746
52.371746 4.636979
52.307617 4.806548
52.308323 4.765234
52.355537 4.86186
52.40007 4.841618
52.469166 4.8049946
52.51141 4.968229
52.371746 4.636979
52.30924 4.762187
52.374165 4.644484
52.34857 4.917949
52.360603 4.931379
52.30924 4.762187
52.496014 5.0572667
52.35544 4.78653
52.371452 4.8392305
52.30924 4.762187
52.284378 4.7325935
52.30924 4.762187
52.34064 4.623592
52.30924 4.762187
52.337196 4.9623466
52.382042 4.9027777
52.371944 4.638808
52.371334 4.6402135
52.382996 4.801772
52.374413 4.886958
52.50945 4.945579
52.486687 4.962561
52.43088 4.6428113
52.41356 4.652476
52.370163 4.6537657
52.36241 4.8325996
52.346836 4.674201
52.347 4.7512026
52.340885 4.829961
52.318764 4.66733
52.30587 4.836185
52.350285 5.181172
52.308693 4.7637005
52.346165 4.6286783
52.336468 4.8853755
52.303257 4.945607
52.318764 4.66733
52.327682 5.0621653
52.33728 4.8897314
52.3158 4.9493012
52.307384 4.9472294
52.432 4.8144226
52.30924 4.762187
52.30499 4.692172
52.30924 4.762187
52.307587 4.7652984
52.359158 4.8313975
52.31279 5.04302
52.31026 4.9433756
52.328205 4.8020554
52.378513 4.899672
52.35142 4.611104
52.372265 4.8888836
52.38685 4.8689175
52.36556 4.8957953
52.463345 4.799718
52.368034 4.8903375
52.366104 4.8995857
52.289635 5.150326
52.362247 4.883912
52.382347 4.6387577
52.3648 4.881749
52.393463 4.627392
52.32978 5.0671034
52.353867 4.840398
52.35726 4.992549
52.37469 4.897307
52.362217 4.873829
52.38092 4.8540463
52.37864 4.8465586
52.380966 4.854072
52.38085 4.854058
52.38449 4.8511915
52.380974 4.854115
52.3625 4.9105453
52.37972 4.6319127
52.358044 4.86763
52.361847 4.9227753
52.365356 4.9356055
52.373898 4.849332
52.37366 4.897864
52.374447 4.8997226
52.42741 4.8051553
52.426437 4.8027196
52.37731 4.894154
52.373844 4.885568
52.30507 4.705014
52.379868 4.751881
52.503975 5.0592766
52.37609 4.899045
52.365288 4.8856516
52.30924 4.762187
52.30924 4.762187
52.48 4.663111
52.30924 4.762187
52.31233 4.7617097
52.30924 4.762187
52.462803 4.813015
52.30924 4.762187
52.305534 4.6443815
52.380936 4.8541145
52.38103 4.8543253
52.30924 4.762187
52.311153 4.7613072
52.297344 4.658837
52.295906 4.65818
52.297096 4.6591477
52.378613 4.900546
52.497807 4.929878
52.300003 4.955349
52.378613 4.900546
52.38895 4.8379006
52.388767 4.8381376
52.38905 4.838426
52.379337 4.838224
52.36936 4.8365164
52.365147 4.833972
52.357582 4.8339415
52.371746 4.636979
52.350273 4.832989
52.351173 4.872093
52.30924 4.762187
52.258434 4.7877254
52.40641 4.645746
52.306786 5.1412153
52.365 4.884096
52.30312 4.751104
52.303604 4.763013
52.29313 4.769072
52.31397 4.7692466
52.335 4.927926
52.294956 4.7683115
52.37281 4.875697
52.495186 4.9536004
52.40007 4.841618
52.30924 4.762187
52.509872 4.782273
52.39054 4.823348
52.385315 4.851746
52.404182 4.627497
52.3388 4.8733377
52.371944 4.638808
52.371334 4.6402135
52.371613 4.838785
52.34627 4.9172454
52.35155 4.872103
52.337135 4.873059
52.370163 4.6537657
52.341576 4.8569264
52.342667 4.8286777
52.309814 4.8513503
52.308483 4.9425097
52.491184 4.6965375
52.378613 4.900546
52.30924 4.762187
52.311146 4.759983
52.371593 4.9669943
52.30857 4.767809
52.307465 4.771452
52.360058 4.925846
52.31286 4.8491335
52.36979 4.954735
52.30903 4.7620583
52.367607 5.190568
52.30837 4.9526978
52.305634 4.9509616
52.37281 4.875697
52.344795 4.777963
52.362247 4.883912
52.379547 4.8975525
52.32085 4.8480177
52.46547 4.9587493
52.370384 4.894924
52.36392 4.898447
52.36609 4.896469
52.37302 4.892628
52.358044 4.86763
52.370285 4.8849354
52.36422 4.882897
52.377644 4.7571287
52.358044 4.86763
52.358044 4.86763
52.30924 4.762187
52.42757 4.8061156
52.36063 4.6483345
52.486687 4.962561
52.51644 4.9937434
52.351173 4.872093
52.307587 4.7652984
52.372265 4.8888836
52.30924 4.762187
52.37302 4.892628
52.29537 4.658761
52.297096 4.6591477
52.30924 4.762187
52.497807 4.928624
52.306496 4.7649713
52.385315 4.851746
52.30924 4.762187
52.391064 4.841081
52.281788 4.825632
52.4425 4.6380544
52.512276 5.0433683
52.34064 4.623592
52.30857 4.767809
52.388004 4.638376
52.372967 4.8803387
52.40007 4.841618
52.302666 4.750925
52.301567 4.750692
52.30924 4.762187
52.379604 4.899251
52.386925 4.622072
52.496014 5.0572667
52.379055 4.928038
52.321793 4.7674165
52.40928 4.942431
52.340885 4.829961
52.31316 4.7619777
52.36241 4.8325996
52.348362 4.9156876
52.388542 4.840465
52.36609 4.896469
52.38291 4.802307
52.29313 4.769072
52.30587 4.836185
52.363216 4.6261787
52.33728 4.8897314
52.353626 4.84156
52.385315 4.851746
52.36369 4.8532104
52.359158 4.8313975
52.349213 4.857117
52.383247 4.64947
52.309822 4.764719
52.308483 4.9425097
52.311157 4.761193
52.20708 4.8831654
52.31279 5.04302
52.389088 4.8374133
52.38766 4.659864
52.478104 4.856303
52.30924 4.762187
52.35994 4.909446
52.37356 4.637009
52.371746 4.636979
52.364433 4.87986
52.359016 4.9108405
52.36349 4.8843713
52.357582 4.8339415
52.37359 4.89323
52.31695 4.9556065
52.374413 4.886958
52.306114 4.678777
52.367294 4.895587
52.382145 4.85562
52.380936 4.8541145
52.380985 4.854319
52.381523 4.8555994
52.380985 4.854319
52.3694 4.903036
52.30924 4.762187
52.497852 4.9512124
52.30507 4.705014
52.309685 4.761672
52.39594 4.870019
52.392838 4.872265
52.370285 4.8849354
52.377644 4.7571287
52.36063 4.6483345
52.378613 4.900546
52.378613 4.900546
52.30924 4.762187
52.381916 4.8732543
52.307587 4.7652984
52.50945 4.945579
52.486687 4.962561
52.36654 4.894648
52.296043 4.6638765
52.297344 4.658837
52.29552 4.65818
52.297096 4.6591477
52.385315 4.851746
52.309654 4.7732806
52.309654 4.7732806
52.51644 4.9937434
52.51356 4.992981
52.497807 4.929878
52.30312 4.751104
52.37281 4.875697
52.309055 4.761801
52.511375 5.047642
52.315163 5.0917664
52.312645 4.9440446
52.396862 4.64284
52.394524 4.6419168
52.455643 4.841366
52.30942 4.7636566
52.38906 4.837932
52.292103 4.720516
52.307575 4.763399
52.40928 4.942431
52.30587 4.836185
52.360603 4.931379
52.371746 4.636979
52.382042 4.9027777
52.496014 5.0572667
52.509872 4.782273
52.371452 4.8392305
52.30924 4.762187
52.30924 4.762187
52.27494 4.7492533
52.286182 4.726181
52.349426 4.856697
52.261745 4.6878905
52.31284 4.8066583
52.3388 4.8733377
52.30924 4.762187
52.308483 4.9425097
52.310616 4.69828
52.359158 4.8313975
52.495186 4.9536004
52.393204 4.849225
52.307384 4.9472294
52.283043 4.8426538
52.379627 4.897564
52.363415 4.8835516
52.297535 4.817848
52.358383 4.881052
52.37281 4.875697
52.36487 4.881551
52.30507 4.705014
52.37972 4.6319127
52.354473 4.85558
52.377506 4.8942556
52.309658 4.760213
52.377644 4.7571287
52.328205 4.8020554
52.4308 4.6987014
52.328205 4.8020554
52.409233 4.9424047
52.286507 4.96005
52.328205 4.8020554
52.4308 4.6987014
52.30924 4.762187
52.312374 4.940094
52.328205 4.8020554
52.42757 4.8061156
52.36609 4.896469
52.30924 4.762187
52.309917 4.764842
52.30924 4.762187
52.30924 4.762187
52.317772 4.958906
52.276566 4.795524
52.30587 4.836185
52.309673 4.771521
52.370285 4.8849354
52.296043 4.6638765
52.29537 4.658761
52.297096 4.6591477
52.3572 4.83882
52.30924 4.762187
52.497807 4.928624
52.409233 4.9424047
52.486687 4.962561
52.51644 4.9937434
52.30314 4.751065
52.302666 4.750925
52.30924 4.762187
52.39054 4.823348
52.372265 4.8888836
52.489254 4.7930923
52.312073 4.762107
52.455643 4.841366
52.311153 4.7613072
52.358044 4.86763
52.32158 4.7673264
52.358044 4.86763
52.292168 4.7353864
52.38812 4.8419237
52.37302 4.892628
52.36422 4.882897
52.370285 4.8849354
52.309685 4.761672
52.36609 4.896469
52.30924 4.762187
52.332348 5.0145936
52.307957 4.9330487
52.30942 4.7636566
52.30924 4.762187
52.334515 4.859873
52.335 4.927926
52.311275 4.760295
52.30924 4.762187
52.311184 4.760344
52.32158 4.7673264
52.310616 4.69828
52.32666 4.927304
52.308945 4.761402
52.385315 4.851746
52.3388 4.8733377
52.371746 4.636979
52.32158 4.7673264
52.337135 4.873059
52.347736 4.9194913
52.30942 4.7636566
52.371944 4.638808
52.371334 4.6402135
52.309658 4.760213
52.378613 4.900546
52.494774 4.686184
52.36241 4.8325996
52.349213 4.857117
52.370163 4.6537657
52.30924 4.762187
52.46263 4.8138137
52.309055 4.761801
52.39897 4.656649
52.385315 4.851746
52.31286 4.8491335
52.295578 4.700143
52.44993 4.797137
52.31279 5.04302
52.30929 4.764161
52.317223 4.6674485
52.359272 4.879705
52.376816 4.9050345
52.46698 4.825696
52.309273 4.8645043
52.448643 4.8491597
52.37771 4.9151587
52.30507 4.705014
52.378613 4.900546
52.382378 4.893229
52.308334 4.763882
52.361145 4.635202
52.291157 4.7340775
52.302776 4.759742
52.30924 4.762187
52.39714 4.8388095
52.296043 4.6638765
52.297344 4.658837
52.3007 4.665012
52.30388 4.695692
52.497807 4.928624
52.30314 4.751065
52.2994 4.747896
52.307644 4.7704234
52.281788 4.825632
52.30924 4.762187
52.489254 4.7930923
52.306877 4.749734
52.414776 4.8642826
52.24269 4.8167405
52.51644 4.9937434
52.30924 4.762187
52.24242 4.972561
52.39054 4.823348
52.3396 4.8731318
52.30924 4.762187
52.30587 4.836185
52.30924 4.762187
52.309685 4.761672
52.347736 4.9194913
52.30582 4.766146
52.30924 4.762187
52.30924 4.762187
52.335934 4.876763
52.366783 5.1875157
52.509872 4.782273
52.40007 4.841618
52.494774 4.686184
52.306675 4.8076663
52.367016 4.7211685
52.378613 4.900546
52.388004 4.638376
52.378513 4.899672
52.34466 4.861293
52.371944 4.638808
52.371334 4.6402135
52.3408 4.8657355
52.370163 4.6537657
52.303257 4.945607
52.378613 4.900546
52.393204 4.849225
52.379868 4.751881
52.382347 4.6387577
52.369987 4.8845124
52.37123 4.6501164
52.369816 4.929038
52.369816 4.929038
52.46087 4.811379
52.38557 4.8248253
52.38131 4.6650453
52.36276 4.86065
52.377327 4.893277
52.373768 4.89931
52.306633 4.665662
52.4704 4.8396645
52.36422 4.882897
52.364456 4.8825755
52.30507 4.705014
52.368343 4.896732
52.503975 5.0592766
52.365063 4.935739
52.30849 4.8104024
52.49995 4.9774237
52.349976 4.9185815
52.549133 4.914826
52.37302 4.892628
52.37252 4.9008465
52.36706 4.895987
52.378613 4.900546
52.312256 4.945607
52.358692 4.8860083
52.289455 4.7233005
52.328205 4.8020554
52.382347 4.6387577
52.376995 4.901013
52.328205 4.8020554
52.381767 4.9171486
52.39291 4.9058332
52.4308 4.6987014
52.30924 4.762187
52.317772 4.958906
52.296043 4.6638765
52.297344 4.658837
52.286507 4.96005
52.42757 4.8061156
52.30924 4.762187
52.308952 4.7612896
52.304413 4.75384
52.362976 4.651178
52.29537 4.658761
52.297096 4.6591477
52.296043 4.6638765
52.497807 4.928624
52.371746 4.636979
52.30314 4.751065
52.302666 4.750925
52.30408 4.7501254
52.512276 5.0433683
52.33581 4.87476
52.372967 4.8803387
52.319317 4.8795285
52.307617 4.806548
52.486687 4.962561
52.51644 4.9937434
52.30924 4.762187
52.503975 5.0592766
52.35432 4.8061156
52.309246 4.7733665
52.258575 4.685433
52.378613 4.900546
52.30924 4.762187
52.32666 4.927304
52.496014 5.0572667
52.261253 4.687066
52.30924 4.762187
52.348362 4.9156876
52.509872 4.782273
52.347363 4.912745
52.347736 4.9194913
52.358044 4.86763
52.30857 4.767809
52.37302 4.892628
52.36422 4.882897
52.37366 4.897864
52.378296 4.897692
52.378613 4.900546
52.306812 4.930179
52.310616 4.69828
52.371944 4.638808
52.371334 4.6402135
52.353626 4.84156
52.370163 4.6537657
52.24269 4.8167405
52.337135 4.873059
52.30415 4.8710203
52.30924 4.762187
52.342968 4.920888
52.383247 4.64947
52.30924 4.762187
52.239044 4.835713
52.358017 4.8402176
52.350197 5.005837
52.34014 4.917523
52.31279 5.04302
52.367607 5.190568
52.43219 4.8144445
52.28601 4.948311
52.310028 4.9504566
52.391937 4.836247
52.30128 4.755621
52.375416 4.8460436
52.380524 4.8993874
52.378613 4.900546
52.380974 4.854115
52.365955 4.897077
52.31543 4.996018
52.382812 4.850873
52.38449 4.8511915
52.380913 4.854361
52.380966 4.854072
52.38084 4.8540287
52.381523 4.8555994
52.38086 4.85394
52.382347 4.6387577
52.30924 4.762187
52.36063 4.6483345
52.291157 4.7340775
