52.37281 4.875697
52.344795 4.777963
52.362247 4.883912
52.379547 4.8975525
52.32085 4.8480177
52.46547 4.9587493
52.370384 4.894924
52.36392 4.898447
52.36609 4.896469
52.37302 4.892628
52.358044 4.86763
52.370285 4.8849354
52.36422 4.882897
52.377644 4.7571287
52.358044 4.86763
52.358044 4.86763
52.30924 4.762187
52.42757 4.8061156
52.36063 4.6483345
52.486687 4.962561
52.51644 4.9937434
52.351173 4.872093
52.307587 4.7652984
52.372265 4.8888836
52.30924 4.762187
52.37302 4.892628
52.29537 4.658761
52.297096 4.6591477
52.30924 4.762187
52.497807 4.928624
52.306496 4.7649713
52.385315 4.851746
52.30924 4.762187
52.391064 4.841081
52.281788 4.825632
52.4425 4.6380544
52.512276 5.0433683
52.34064 4.623592
52.30857 4.767809
52.388004 4.638376
52.372967 4.8803387
52.40007 4.841618
52.302666 4.750925
52.301567 4.750692
52.30924 4.762187
52.379604 4.899251
52.386925 4.622072
52.496014 5.0572667
52.379055 4.928038
52.321793 4.7674165
52.40928 4.942431
52.340885 4.829961
52.31316 4.7619777
52.36241 4.8325996
52.348362 4.9156876
52.388542 4.840465
52.36609 4.896469
52.38291 4.802307
52.29313 4.769072
52.30587 4.836185
52.363216 4.6261787
52.33728 4.8897314
52.353626 4.84156
52.385315 4.851746
52.36369 4.8532104
52.359158 4.8313975
52.349213 4.857117
52.383247 4.64947
52.309822 4.764719
52.308483 4.9425097
52.311157 4.761193
52.20708 4.8831654
52.31279 5.04302
52.389088 4.8374133
52.38766 4.659864
52.478104 4.856303
52.30924 4.762187
52.35994 4.909446
52.37356 4.637009
52.371746 4.636979
52.364433 4.87986
52.359016 4.9108405
52.36349 4.8843713
52.357582 4.8339415
52.37359 4.89323
52.31695 4.9556065
52.374413 4.886958
52.306114 4.678777
52.367294 4.895587
52.382145 4.85562
52.380936 4.8541145
52.380985 4.854319
52.381523 4.8555994
52.380985 4.854319
52.3694 4.903036
52.30924 4.762187
52.497852 4.9512124
52.30507 4.705014
52.309685 4.761672
52.39594 4.870019
52.392838 4.872265
52.370285 4.8849354
52.377644 4.7571287
52.36063 4.6483345
52.378613 4.900546
52.378613 4.900546
52.30924 4.762187
52.381916 4.8732543
52.307587 4.7652984
52.50945 4.945579
52.486687 4.962561
52.36654 4.894648
52.296043 4.6638765
52.297344 4.658837
52.29552 4.65818
52.297096 4.6591477
52.385315 4.851746
52.309654 4.7732806
52.309654 4.7732806
52.51644 4.9937434
52.51356 4.992981
52.497807 4.929878
52.30312 4.751104
52.37281 4.875697
52.309055 4.761801
52.511375 5.047642
52.315163 5.0917664
52.312645 4.9440446
52.396862 4.64284
52.394524 4.6419168
52.455643 4.841366
52.30942 4.7636566
52.38906 4.837932
52.292103 4.720516
52.307575 4.763399
52.40928 4.942431
52.30587 4.836185
52.360603 4.931379
52.371746 4.636979
52.382042 4.9027777
52.496014 5.0572667
52.509872 4.782273
52.371452 4.8392305
52.30924 4.762187
52.30924 4.762187
52.27494 4.7492533
52.286182 4.726181
52.349426 4.856697
52.261745 4.6878905
52.31284 4.8066583
52.3388 4.8733377
52.30924 4.762187
52.308483 4.9425097
52.310616 4.69828
52.359158 4.8313975
52.495186 4.9536004
52.393204 4.849225
52.307384 4.9472294
52.283043 4.8426538
