52.379627 4.897564
52.363415 4.8835516
52.297535 4.817848
52.358383 4.881052
52.37281 4.875697
52.36487 4.881551
52.30507 4.705014
52.37972 4.6319127
52.354473 4.85558
52.377506 4.8942556
52.309658 4.760213
52.377644 4.7571287
52.328205 4.8020554
52.4308 4.6987014
52.328205 4.8020554
52.409233 4.9424047
52.286507 4.96005
52.328205 4.8020554
52.4308 4.6987014
52.30924 4.762187
52.312374 4.940094
52.328205 4.8020554
52.42757 4.8061156
52.36609 4.896469
52.30924 4.762187
52.309917 4.764842
52.30924 4.762187
52.30924 4.762187
52.317772 4.958906
52.276566 4.795524
52.30587 4.836185
52.309673 4.771521
52.370285 4.8849354
52.296043 4.6638765
52.29537 4.658761
52.297096 4.6591477
52.3572 4.83882
52.30924 4.762187
52.497807 4.928624
52.409233 4.9424047
52.486687 4.962561
52.51644 4.9937434
52.30314 4.751065
52.302666 4.750925
52.30924 4.762187
52.39054 4.823348
52.372265 4.8888836
52.489254 4.7930923
52.312073 4.762107
52.455643 4.841366
52.311153 4.7613072
52.358044 4.86763
52.32158 4.7673264
52.358044 4.86763
52.292168 4.7353864
52.38812 4.8419237
52.37302 4.892628
52.36422 4.882897
52.370285 4.8849354
52.309685 4.761672
52.36609 4.896469
52.30924 4.762187
52.332348 5.0145936
52.307957 4.9330487
52.30942 4.7636566
52.30924 4.762187
52.334515 4.859873
52.335 4.927926
52.311275 4.760295
52.30924 4.762187
52.311184 4.760344
52.32158 4.7673264
52.310616 4.69828
52.32666 4.927304
52.308945 4.761402
52.385315 4.851746
52.3388 4.8733377
52.371746 4.636979
52.32158 4.7673264
52.337135 4.873059
52.347736 4.9194913
52.30942 4.7636566
52.371944 4.638808
52.371334 4.6402135
52.309658 4.760213
52.378613 4.900546
52.494774 4.686184
52.36241 4.8325996
52.349213 4.857117
52.370163 4.6537657
52.30924 4.762187
52.46263 4.8138137
52.309055 4.761801
52.39897 4.656649
52.385315 4.851746
52.31286 4.8491335
52.295578 4.700143
52.44993 4.797137
52.31279 5.04302
52.30929 4.764161
52.317223 4.6674485
