35.7051 139.61958
35.694393 139.70209
35.71558 139.80032
35.6467 139.71152
35.714542 139.48007
35.725594 139.77663
35.656082 139.73404
35.705074 139.6195
35.706276 139.61778
35.66643 139.89548
35.694267 139.78256
35.75576 139.73357
35.693123 139.69945
35.54896 139.7846
35.575027 139.75879
35.75075 139.58206
35.70919 139.77382
35.60993 139.82565
35.613888 139.72481
35.77686 139.50255
35.64731 139.6692
35.669933 139.82523
35.6839 139.56842
35.685406 139.82666
35.672565 139.48466
35.748287 139.6448
35.544746 139.76855
35.578777 139.73407
35.628407 139.73854
35.748806 139.7196
35.74576 139.74438
35.682205 139.79877
35.544727 139.76901
35.68956 139.77066
35.64406 139.82475
35.55138 139.7884
35.781403 139.50766
35.682873 139.70177
35.677223 139.68246
35.676857 139.6824
35.629955 139.74026
35.55138 139.7884
35.628067 139.73778
35.655518 139.75673
35.6762 139.69937
35.651894 139.89185
35.616673 139.63905
35.766125 139.80922
35.75111 139.74745
35.690754 139.74751
35.682888 139.56732
35.577415 139.66046
35.67018 139.8255
35.55243 139.64749
35.55272 139.64731
35.681133 139.76782
35.55003 139.63368
35.753494 139.87022
35.78543 139.73367
35.620575 139.56993
35.68175 139.77129
35.66685 139.75893
35.657898 139.7048
35.63178 139.64214
35.627213 139.71432
35.730274 139.71138
35.755028 139.87698
35.6249 139.70345
35.66467 139.76018
35.701637 139.68831
35.658184 139.7029
35.55138 139.7884
35.64763 139.81905
35.70206 139.69518
35.6886 139.7107
35.68444 139.73715
35.756912 139.87563
35.646408 139.80711
35.690693 139.71149
35.61527 139.72003
35.71153 139.7926
35.676334 139.78603
35.7101 139.77351
35.662796 139.72954
35.602665 139.61696
35.711563 139.70982
35.66553 139.89365
35.66382 139.89645
35.639565 139.63174
35.71176 139.68492
35.710114 139.64836
35.785347 139.64001
35.6669 139.61368
35.62575 139.66177
35.62559 139.66365
35.69614 139.66817
35.567894 139.693
35.638058 139.62434
35.64385 139.66953
35.72859 139.77687
35.726814 139.77698
35.660892 139.71527
35.742744 139.7806
35.72852 139.77467
35.735374 139.7185
35.73511 139.69392
35.665268 139.7284
35.64331 139.66748
35.76244 139.83667
35.549927 139.55719
35.65781 139.69864
35.657192 139.54184
35.691425 139.7619
35.57903 139.57344
35.72604 139.59203
35.638546 139.68309
35.698112 139.77177
35.62854 139.68594
35.695503 139.75171
35.640892 139.60176
35.7305 139.71199
35.672043 139.76418
35.66807 139.77252
35.66587 139.77011
35.74171 139.81499
35.75576 139.73357
35.756096 139.73332
35.789692 139.724
35.665157 139.7698
35.718643 139.61433
35.711803 139.79732
35.742252 139.81056
35.75283 139.73819
35.626003 139.63239
35.75111 139.74745
35.702267 139.57906
35.55003 139.63368
35.679665 139.78091
35.753494 139.87022
35.75009 139.76497
35.662186 139.7345
35.57526 139.6573
35.688416 139.69705
35.64434 139.75562
35.662354 139.697
35.67237 139.73816
35.765728 139.84767
35.734573 139.49141
35.671238 139.61636
35.658504 139.72975
35.608555 139.67018
35.625603 139.63329
35.7777 139.6308
35.758762 139.8566
35.66183 139.60751
35.706078 139.47742
35.521294 139.63054
35.65787 139.69879
35.704998 139.6336
35.73617 139.65967
35.705284 139.66562
35.730267 139.74216
35.659004 139.69533
35.691013 139.68677
35.689102 139.6877
35.732937 139.70978
35.6567 139.70154
35.65694 139.70251
35.70068 139.71918
35.656696 139.70146
35.64501 139.67372
35.562393 139.71701
35.70884 139.66487
35.693657 139.70248
35.676334 139.78603
35.762096 139.82492
35.70873 139.66496
35.676292 139.73676
35.68535 139.77922
35.621502 139.70453
35.685432 139.77911
35.685776 139.7794
35.70968 139.79138
35.521408 139.63022
35.671726 139.83698
35.62662 139.70331
35.52781 139.69728
35.66462 139.73198
35.62411 139.72316
35.57965 139.64458
35.703457 139.48055
35.69761 139.61972
35.647053 139.70242
35.681316 139.62811
35.6845 139.68622
35.8039 139.71118
35.745445 139.78235
35.621304 139.70148
35.576416 139.71413
35.708336 139.77061
35.558727 139.70877
35.67449 139.79578
35.67968 139.6248
35.690468 139.70819
35.607536 139.73238
35.6904 139.70914
35.646996 139.69807
35.68959 139.70152
35.697994 139.77126
35.74959 139.86545
35.669422 139.8638
35.64914 139.69937
35.660076 139.75223
35.80774 139.80156
35.693943 139.70444
35.74948 139.86534
35.6945 139.6984
35.70108 139.77661
35.640766 139.59879
35.69306 139.706
35.701614 139.77971
35.71188 139.70859
35.655155 139.70467
35.6266 139.72493
35.694035 139.69917
35.712242 139.77882
35.77076 139.81134
35.702564 139.77379
35.671806 139.70938
35.650345 139.67825
35.732616 139.71405
35.628914 139.68677
35.6243 139.7229
35.693977 139.70087
35.573772 139.74818
35.636276 139.73322
35.70364 139.70412
35.635834 139.73135
35.70086 139.73984
35.70234 139.7039
35.63227 139.73071
35.635117 139.73479
35.694023 139.70488
35.64634 139.52963
35.645622 139.80191
35.660965 139.72409
35.700916 139.74178
35.711086 139.77513
35.65956 139.72934
35.662014 139.73477
35.740795 139.70815
35.659584 139.69872
35.69612 139.57051
35.67968 139.6248
35.660706 139.69792
35.647476 139.67809
35.70075 139.77191
35.685055 139.78366
35.671547 139.6162
35.671005 139.75996
35.66011 139.6961
35.697517 139.61755
35.69161 139.70847
35.72604 139.59203
35.63178 139.64214
35.66062 139.72627
35.75576 139.73357
35.756096 139.73332
35.668995 139.7004
35.660965 139.72409
35.694393 139.70209
35.768776 139.87045
35.644207 139.70082
35.576576 139.57384
35.655315 139.75677
35.690483 139.70805
35.607388 139.7357
35.71406 139.77408
35.690483 139.70805
35.633343 139.71577
35.58642 139.67561
35.651314 139.68561
35.548695 139.78448
35.67967 139.77083
35.656567 139.72401
35.673187 139.73839
35.712452 139.77592
35.658707 139.70464
35.654213 139.53033
35.62527 139.57057
35.623257 139.57109
35.65973 139.72343
35.628006 139.73795
35.628605 139.73796
35.69242 139.70132
35.682533 139.7737
35.663044 139.73315
35.697952 139.768
35.67737 139.75175
35.62868 139.73938
35.6295 139.74004
35.534958 139.64021
35.585804 139.65271
35.725525 139.76321
35.659668 139.72763
35.694054 139.74948
35.689682 139.70079
35.548695 139.78448
35.54951 139.78261
35.690754 139.74751
35.541504 139.71114
35.628723 139.73978
35.57367 139.67189
35.662514 139.73413
35.682957 139.76636
35.680508 139.76808
35.690754 139.74751
35.706276 139.61778
35.572098 139.6599
35.548717 139.78352
35.633987 139.71613
35.63414 139.71672
35.775467 139.5971
35.56037 139.66864
35.685696 139.74164
35.670074 139.70215
35.57409 139.67464
35.612484 139.57141
35.629868 139.79427
35.629868 139.79427
35.702072 139.75531
35.694424 139.74307
35.554653 139.66946
35.689194 139.7025
35.67449 139.70445
35.72976 139.71486
35.548496 139.67209
35.542336 139.67368
35.691257 139.69557
35.585804 139.65271
35.62794 139.7386
35.585804 139.65271
35.670704 139.69664
35.60229 139.72086
35.701637 139.68831
35.759464 139.88376
35.530586 139.6864
35.83605 139.79341
35.71522 139.80293
35.624332 139.51572
35.671314 139.7533
35.64694 139.74867
35.650036 139.63689
35.68749 139.52946
35.62426 139.73918
35.54319 139.74124
35.656567 139.72401
35.72244 139.85625
35.72246 139.85397
35.537052 139.63457
35.656418 139.73645
35.72944 139.70729
35.64318 139.62799
35.734108 139.71031
35.628105 139.77429
35.658817 139.73216
35.85 139.673
35.54256 139.57321
35.643856 139.52531
35.756096 139.73332
35.550594 139.78412
35.54506 139.76903
35.6961 139.70059
35.57845 139.5733
35.83106 139.737
35.83084 139.73598
35.74934 139.57462
35.549503 139.78413
35.544746 139.76855
35.575027 139.75879
35.69906 139.75285
35.68314 139.70178
35.689743 139.75789
35.636806 139.74663
35.64694 139.74867
35.62886 139.74304
35.67967 139.77083
35.72568 139.71951
35.689438 139.77554
35.681248 139.76749
35.69494 139.78453
35.748806 139.7196
35.616673 139.63905
35.660122 139.69609
35.73714 139.77652
35.549828 139.7833
35.681133 139.76782
35.70619 139.64697
35.653347 139.54272
35.686325 139.78227
35.705814 139.65005
35.705856 139.6499
35.6839 139.56842
35.628067 139.73778
35.55138 139.7884
35.69236 139.70094
35.521362 139.6304
35.693752 139.70172
35.69331 139.70369
35.706516 139.77618
35.54878 139.78398
35.55138 139.7884
35.691807 139.70944
35.753494 139.87022
35.75933 139.80276
35.646408 139.80711
35.646435 139.80933
35.64561 139.81055
35.54506 139.76903
35.6762 139.69937
35.702602 139.5609
35.7027 139.56134
35.702267 139.57906
35.603268 139.50789
35.55003 139.63368
35.658184 139.7029
35.550858 139.78192
35.658577 139.71078
35.70356 139.56116
35.705093 139.56142
35.55207 139.64734
35.704525 139.56154
35.730274 139.71138
35.55243 139.64749
35.623123 139.74918
35.61264 139.7192
35.66549 139.85883
35.70427 139.58098
35.625378 139.6617
35.62559 139.66365
35.64826 139.62465
35.658203 139.72314
35.69397 139.70496
35.669357 139.76483
35.537865 139.74184
35.620674 139.70502
35.703686 139.57922
35.585953 139.68135
35.6945 139.6984
35.63679 139.87827
35.64889 139.71071
35.624107 139.69241
35.730118 139.71722
35.544746 139.76855
35.710327 139.71245
35.60138 139.72688
35.68694 139.78159
35.68116 139.69807
35.62108 139.56847
35.697773 139.7574
35.693047 139.74799
35.67116 139.79146
35.727657 139.79895
35.659534 139.7237
35.73635 139.65671
35.65338 139.7047
35.576576 139.57384
35.702778 139.73885
35.714527 139.70354
35.731964 139.58763
35.705273 139.62036
35.701805 139.60016
35.73634 139.73386
35.698174 139.81276
35.73418 139.74002
35.703735 139.73523
35.658566 139.74548
35.74171 139.81499
35.696033 139.82576
35.742252 139.81056
35.75576 139.73357
35.756096 139.73332
35.589 139.74567
35.671078 139.79839
35.66221 139.73454
35.653614 139.67244
35.691387 139.69821
35.652508 139.5446
35.73386 139.75504
35.63178 139.64214
35.65275 139.56155
35.664032 139.54243
35.69906 139.75285
35.64406 139.82475
35.832184 139.73595
35.83084 139.73598
35.54506 139.76903
35.74919 139.58609
35.551952 139.74384
35.6839 139.56842
35.62537 139.70726
35.623466 139.70728
35.625874 139.70744
35.70854 139.79144
35.672268 139.76578
35.676647 139.76366
35.74065 139.74419
35.732925 139.81
35.740032 139.74649
35.672325 139.73654
35.73988 139.74678
35.744045 139.74547
35.737576 139.74904
35.695904 139.75063
35.694424 139.74307
35.748806 139.7196
35.681587 139.77055
35.54475 139.76823
35.65643 139.54462
35.689606 139.69167
35.78543 139.73367
35.617386 139.63243
35.653347 139.54272
35.733543 139.75456
35.63951 139.71165
35.70619 139.64697
35.64077 139.71269
35.706055 139.64822
35.628067 139.73778
35.65019 139.67018
35.729485 139.71086
35.75283 139.73819
35.749565 139.8046
35.646408 139.80711
35.646435 139.80933
35.64561 139.81055
35.679665 139.78091
35.54685 139.76912
35.705814 139.65005
35.682888 139.56732
35.6886 139.7107
35.766125 139.80922
35.75009 139.76497
35.6957 139.82263
35.667133 139.74039
35.55003 139.63368
35.64687 139.85046
35.770332 139.63794
35.543987 139.77138
35.72864 139.71155
35.679817 139.74545
35.68217 139.78773
35.730274 139.71138
35.70104 139.6828
35.663315 139.73212
35.548996 139.784
35.548985 139.78438
35.702602 139.5609
35.67697 139.78595
35.7027 139.56134
35.658184 139.7029
35.548985 139.78438
35.6589 139.70326
35.690754 139.74751
35.701637 139.68831
35.547768 139.78387
35.70168 139.69067
35.690292 139.69974
35.60927 139.67033
35.66807 139.77252
35.69671 139.68219
35.62437 139.72334
35.7292 139.7717
35.665157 139.7698
35.66454 139.66045
35.658997 139.73193
35.814598 139.69536
35.817066 139.69307
35.65517 139.79112
35.631866 139.57745
35.79289 139.6386
35.792553 139.6392
35.71912 139.61432
35.634205 139.57933
35.676777 139.6761
35.785347 139.64001
35.63258 139.58748
35.60993 139.82565
35.60993 139.82565
35.708843 139.59734
35.731964 139.58763
35.659462 139.70052
35.582775 139.76099
35.654076 139.70528
35.63053 139.60023
35.656506 139.6957
35.63053 139.60023
35.631393 139.59938
35.723045 139.69344
35.706154 139.61827
35.631012 139.60089
35.705288 139.62059
35.70583 139.61847
35.64634 139.52963
35.72604 139.59203
35.655273 139.7969
35.69376 139.7043
35.56407 139.59436
35.65761 139.79845
35.65956 139.72934
35.576576 139.57384
35.665874 139.89305
35.55138 139.7884
35.621166 139.63553
35.628067 139.73778
35.544674 139.76855
35.521362 139.6304
35.6762 139.69937
35.75283 139.73819
35.55003 139.63368
35.69808 139.7731
35.679836 139.78006
35.680367 139.7616
35.75009 139.76497
35.70216 139.67348
35.69236 139.70094
35.679665 139.78091
35.55138 139.7884
35.55884 139.5514
35.706238 139.6452
35.70619 139.64697
35.706055 139.64822
35.697857 139.77393
35.668327 139.70409
35.558224 139.5517
35.68394 139.70114
35.6886 139.7107
35.714077 139.73953
35.705856 139.6499
35.730274 139.71138
35.622417 139.75009
35.658184 139.7029
35.70575 139.7871
35.690292 139.69974
35.695976 139.81189
35.646057 139.70644
35.69152 139.70654
35.6981 139.69724
35.64665 139.7024
35.676655 139.76402
35.642906 139.70065
35.700165 139.74188
35.64138 139.6981
35.670216 139.81659
35.73364 139.72087
35.642586 139.67009
35.671314 139.7533
35.62575 139.66177
35.625423 139.66193
35.62559 139.66365
35.668633 139.80496
35.655907 139.88173
35.709736 139.74364
35.66261 139.87299
35.636566 139.69511
35.73091 139.8459
35.6968 139.74817
35.70925 139.66568
35.629276 139.65013
35.6467 139.66968
35.708874 139.66605
35.65829 139.69533
35.63106 139.60149
35.665447 139.8369
35.60993 139.82565
35.70527 139.62048
35.58442 139.75465
35.589 139.74567
35.70271 139.60104
35.719852 139.8637
35.678436 139.69281
35.646435 139.70831
35.669342 139.76038
35.66268 139.7334
35.727192 139.59155
35.75576 139.73357
35.756096 139.73332
35.598347 139.79843
35.60993 139.82565
35.667595 139.76215
35.576576 139.57384
35.560028 139.65425
35.54506 139.76903
35.677635 139.76259
35.657787 139.703
35.742252 139.81056
35.789692 139.724
35.672565 139.48466
35.84171 139.78806
35.69494 139.78453
35.627537 139.62428
35.832184 139.73595
35.697857 139.77393
35.69808 139.78503
35.551735 139.7885
35.710144 139.80064
35.701904 139.67575
35.62137 139.74931
35.681416 139.62941
35.55138 139.7884
35.62533 139.72533
35.65908 139.70505
35.644474 139.69821
35.72859 139.77687
35.698307 139.52184
35.646687 139.66942
35.648342 139.71146
35.69336 139.68231
35.72604 139.59203
35.67432 139.73723
35.799294 139.78934
35.664574 139.5215
35.69518 139.70413
35.702705 139.74443
35.629368 139.7415
35.729736 139.71579
35.682903 139.70174
35.698803 139.76894
35.708313 139.70877
35.689808 139.6979
35.662437 139.7332
35.66268 139.7334
35.72852 139.77467
35.75576 139.73357
35.756096 139.73332
35.537014 139.63393
35.713905 139.7037
35.63178 139.64214
35.64778 139.67902
35.69906 139.75285
35.83084 139.73598
35.55138 139.7884
35.631546 139.6581
35.67208 139.7683
35.563644 139.65518
35.663475 139.76927
35.680367 139.7567
35.674084 139.74109
35.548855 139.78436
35.72568 139.71951
35.64406 139.82475
35.693035 139.70274
35.78289 139.78578
35.775223 139.786
35.548855 139.78436
35.83106 139.737
35.83084 139.73598
35.548855 139.78436
35.672565 139.48466
35.68671 139.79436
35.617386 139.63243
35.545532 139.78598
35.63006 139.62233
35.783695 139.51097
35.729485 139.71086
35.65881 139.70529
35.681133 139.76782
35.753494 139.87022
35.55138 139.7884
35.75283 139.73819
35.627758 139.73845
35.69808 139.7731
35.70462 139.63582
35.61758 139.71306
35.85865 139.75331
35.858875 139.75368
35.721973 139.50624
35.798077 139.77174
35.682888 139.56732
35.75009 139.76497
35.704494 139.63628
35.779415 139.72217
35.64762 139.7094
35.686337 139.72957
35.677658 139.6262
35.693047 139.74799
35.85811 139.65724
35.69162 139.78555
35.68381 139.86432
35.79828 139.83868
35.730274 139.71138
35.547092 139.76848
35.623123 139.74918
35.68897 139.70976
35.689827 139.6987
35.701904 139.67575
35.654865 139.79626
35.70216 139.67348
35.785603 139.51282
35.673412 139.60587
35.60546 139.73232
35.751762 139.58578
35.61311 139.56934
35.613083 139.56949
35.70503 139.66449
35.61268 139.5699
35.70954 139.81181
35.81629 139.70494
35.562584 139.71527
35.77326 139.52055
35.70619 139.65057
35.773235 139.52061
35.77305 139.52106
35.773956 139.5215
35.730427 139.70746
35.70074 139.77188
35.658566 139.74548
35.82692 139.8049
35.812714 139.77061
35.662083 139.73436
35.751118 139.8319
35.70457 139.6344
35.659424 139.74129
35.659122 139.68283
35.521362 139.6304
35.634727 139.71277
35.665615 139.8574
35.728703 139.80263
35.62536 139.72318
35.55412 139.60452
35.660652 139.69844
35.758392 139.70645
35.662952 139.73302
35.64604 139.70726
35.715546 139.77945
35.70087 139.78867
35.7685 139.87085
35.663513 139.73293
35.668667 139.67763
35.735653 139.65352
35.70248 139.47998
35.66037 139.6978
35.731293 139.74095
35.688717 139.61629
35.645813 139.67017
35.840786 139.73447
35.61923 139.72975
35.642715 139.66753
35.649826 139.75555
35.695934 139.81139
35.64539 139.71199
35.660965 139.72409
35.70185 139.77498
35.52991 139.69987
35.671856 139.76755
35.646706 139.71085
35.71558 139.80032
35.644474 139.69821
35.76345 139.53601
35.690483 139.70805
35.725594 139.77663
35.695415 139.70317
35.660965 139.72409
35.648407 139.66026
35.73386 139.75504
35.696472 139.61305
35.68671 139.79436
35.577347 139.5838
35.576576 139.57384
35.733543 139.75456
35.712437 139.77768
35.72852 139.77467
35.660892 139.69798
35.66045 139.6964
35.74171 139.81499
35.60138 139.72688
35.54896 139.78418
35.601368 139.71864
35.66197 139.75612
35.665157 139.7698
35.54506 139.76903
35.742252 139.81056
35.660305 139.69843
35.69428 139.70337
35.575027 139.75879
35.692493 139.70113
35.611393 139.62396
35.549 139.78444
35.636806 139.74663
35.69044 139.69992
35.64694 139.74867
35.559734 139.71442
35.626644 139.60449
35.67967 139.77083
35.711224 139.75655
35.75477 139.6067
35.632812 139.88031
35.55138 139.7884
35.653984 139.59903
35.69494 139.78453
35.578777 139.73407
35.693893 139.70132
35.54506 139.76903
35.690334 139.83562
35.665115 139.71246
35.66717 139.60207
35.689434 139.69748
35.73162 139.49365
35.55138 139.7884
35.615746 139.72012
35.75933 139.80276
35.660965 139.72409
35.550858 139.78192
35.61955 139.72762
35.7024 139.57875
35.696594 139.79842
35.69031 139.84593
35.66247 139.7325
35.76133 139.70552
35.689526 139.84454
35.7002 139.50629
35.700436 139.50494
35.692787 139.69882
35.684727 139.77483
35.705585 139.7519
35.779858 139.56555
35.59714 139.7446
35.701904 139.67575
35.70216 139.67348
35.65243 139.54395
35.64868 139.79005
35.692184 139.69711
35.624557 139.73909
35.628006 139.73795
35.62812 139.73795
35.683277 139.77724
35.550594 139.78412
35.55207 139.64734
35.808468 139.75275
35.55243 139.64749
35.626186 139.7128
35.55272 139.64731
35.628952 139.74078
35.628418 139.73987
35.73069 139.71237
35.643982 139.65523
35.578445 139.57495
35.578693 139.57365
35.643364 139.68968
35.76634 139.84782
35.689285 139.69823
35.69313 139.70132
35.756912 139.87563
35.775227 139.69566
35.577084 139.6588
35.67196 139.71667
35.77895 139.69255
35.52709 139.69441
35.70873 139.66496
35.711086 139.77513
35.588852 139.72905
35.79037 139.68658
35.618305 139.7395
35.618473 139.73961
35.69001 139.70589
35.621502 139.70453
35.799995 139.68442
35.71473 139.79674
35.659447 139.66737
35.707436 139.65
35.662014 139.73477
35.51181 139.71396
35.646996 139.69807
35.66868 139.76108
35.668377 139.87512
35.715546 139.77945
35.711086 139.77513
35.53689 139.63335
35.695156 139.79568
35.64994 139.71024
35.704082 139.58095
35.73498 139.71667
35.658802 139.69843
35.694736 139.70009
35.690563 139.70857
35.69089 139.70883
35.727657 139.79895
35.655155 139.70467
35.690285 139.70802
35.65842 139.69498
35.725677 139.7997
35.70898 139.66612
35.694687 139.70357
35.70846 139.66614
35.657036 139.75473
35.830654 139.69609
35.698544 139.77159
35.65842 139.70909
35.680393 139.73459
35.69397 139.70496
35.64634 139.52963
35.69967 139.81094
35.711086 139.77513
35.669636 139.76541
35.609474 139.74915
35.65742 139.54025
35.646996 139.69807
35.66793 139.7269
35.60993 139.82565
35.694168 139.7023
35.570213 139.77003
35.690525 139.70872
35.710697 139.78578
35.66342 139.72906
35.760277 139.70596
35.690765 139.70856
35.594364 139.5734
35.660965 139.72409
35.697952 139.768
35.75576 139.73357
35.66083 139.66739
35.731934 139.72908
35.76133 139.70552
35.65842 139.69498
35.658516 139.77643
35.597275 139.71191
35.551144 139.78908
35.68006 139.72021
35.64406 139.82475
35.710915 139.79788
35.663147 139.87308
35.699017 139.77463
35.54506 139.76903
35.625874 139.70744
35.625557 139.70705
35.62537 139.70726
35.623466 139.70728
35.766125 139.80922
35.682796 139.68687
35.551735 139.7885
35.63111 139.79372
35.847527 139.68599
35.672043 139.76418
35.66221 139.73454
35.54506 139.76903
35.54896 139.78418
35.6762 139.69937
35.627815 139.7386
35.749413 139.80432
35.65926 139.70248
35.672565 139.48466
35.732697 139.71503
35.65231 139.55994
35.734997 139.75348
35.63951 139.71165
35.637985 139.71324
35.64077 139.71269
35.554707 139.78738
35.70462 139.63582
35.737045 139.7514
35.692265 139.70522
35.73745 139.74922
35.644505 139.86116
35.701454 139.77208
35.75859 139.78929
35.659668 139.72763
35.69168 139.69551
35.691013 139.68677
35.622944 139.75063
35.60177 139.72234
35.66361 139.87271
35.55138 139.7884
35.54506 139.76903
35.705585 139.7519
35.581577 139.74911
35.779858 139.56555
35.665474 139.84625
35.653984 139.59903
35.749413 139.80432
35.65973 139.72343
35.713226 139.7047
35.663315 139.73212
35.544674 139.76855
35.581577 139.74911
35.647358 139.48697
35.55207 139.64734
35.689976 139.69824
35.55243 139.64749
35.72021 139.78416
35.658295 139.69534
35.732613 139.70837
35.705597 139.80054
35.705204 139.61981
35.755108 139.87706
35.711086 139.77513
35.728657 139.79985
35.705685 139.61894
35.70065 139.61769
35.76138 139.7404
35.70075 139.77191
35.751392 139.74878
35.69176 139.77794
35.655155 139.70467
35.695934 139.81139
35.750744 139.74834
35.696472 139.61305
35.66283 139.69461
35.706318 139.61855
35.637608 139.70433
35.72852 139.77467
35.669483 139.71388
35.659786 139.75224
35.65829 139.69533
35.723034 139.5772
35.826664 139.79268
35.705376 139.65108
35.70453 139.77798
35.627144 139.77441
35.6929 139.68025
35.809418 139.57924
35.659336 139.71861
35.660385 139.69894
35.692184 139.69711
35.672565 139.48466
35.559975 139.71906
35.650486 139.5968
35.686913 139.76361
35.54506 139.76903
35.65907 139.70058
35.726677 139.59138
35.549828 139.7833
35.706238 139.6452
35.70619 139.64697
35.706055 139.64822
35.748806 139.7196
35.549618 139.62015
35.678135 139.73486
35.68217 139.78773
35.54506 139.76903
35.6886 139.7107
35.6762 139.69937
35.653347 139.54272
35.6839 139.56842
35.741276 139.76501
35.690693 139.71149
35.54878 139.78398
35.691277 139.71126
35.637608 139.70433
35.628067 139.73778
35.654728 139.66576
35.701904 139.67575
35.705284 139.66562
35.69581 139.75206
35.749565 139.8046
35.76827 139.87473
35.70204 139.58035
35.75009 139.76497
35.55003 139.63368
35.54896 139.78418
35.658184 139.7029
35.658443 139.68604
35.665127 139.85847
35.54506 139.76903
35.662876 139.73146
35.55138 139.7884
35.658577 139.71078
35.55138 139.7884
35.675514 139.7655
35.660934 139.72932
35.681133 139.76782
35.730274 139.71138
35.578342 139.57326
35.69808 139.76599
35.642265 139.60867
35.687042 139.69887
35.671974 139.80595
35.67925 139.74149
35.705814 139.65005
35.705856 139.6499
35.691715 139.69864
35.692204 139.76451
35.58042 139.75526
35.659668 139.79378
35.690292 139.69974
35.621834 139.74873
35.758392 139.70645
35.71401 139.70447
35.705547 139.77597
35.70594 139.64781
35.70767 139.7764
35.666782 139.76231
35.65685 139.70044
35.65685 139.70044
35.785347 139.64001
35.72755 139.53969
35.707577 139.66573
35.643295 139.66971
35.626034 139.77539
35.601368 139.71864
35.64737 139.61734
35.690483 139.70813
35.665787 139.73096
35.706318 139.61855
35.665787 139.73096
35.658566 139.74548
35.704643 139.6197
35.64795 139.71014
35.646004 139.69765
35.592773 139.57442
35.669983 139.64215
35.703762 139.5609
35.67114 139.61859
35.676277 139.66788
35.72992 139.72389
35.7299 139.72397
35.726677 139.59138
35.728905 139.7249
35.70089 139.80948
35.755222 139.52171
35.587963 139.6307
35.571297 139.63203
35.690483 139.70813
35.795086 139.74666
35.73219 139.72902
35.565826 139.63892
35.750706 139.50792
35.695633 139.69818
35.681713 139.82738
35.707134 139.7854
35.64795 139.71014
35.690483 139.70813
35.596756 139.5624
35.57717 139.57613
35.730133 139.72583
35.74171 139.81499
35.644115 139.75749
35.696472 139.61305
35.753494 139.87022
35.644157 139.75754
35.752754 139.86897
35.665447 139.8369
35.752003 139.86847
35.61264 139.7192
35.742252 139.81056
35.542583 139.57472
35.69906 139.75285
35.664185 139.73233
35.67967 139.77083
35.653595 139.54399
35.54896 139.78418
35.588024 139.72856
35.575027 139.75879
35.68239 139.58002
35.680607 139.76907
35.64406 139.82475
35.686024 139.57185
35.68093 139.76765
35.54506 139.76903
35.636806 139.74663
35.54506 139.76903
35.748806 139.7196
35.64694 139.74867
35.832184 139.73595
35.697914 139.78693
35.682873 139.70177
35.636276 139.73322
35.635834 139.73135
35.653614 139.67244
35.63227 139.73071
35.630386 139.7291
35.69494 139.78453
35.729485 139.71086
35.628067 139.73778
35.75283 139.73819
35.627758 139.73845
35.54506 139.76903
35.67755 139.55525
35.672325 139.73654
35.69747 139.76152
35.663902 139.77054
35.75933 139.80276
35.659668 139.79378
35.70216 139.67348
35.68128 139.76576
35.75009 139.76497
35.55207 139.64734
35.55003 139.63368
35.658707 139.70464
35.686337 139.72957
35.658184 139.7029
35.684437 139.72998
35.68599 139.76343
35.72864 139.71155
35.6326 139.62146
35.54896 139.78418
35.65243 139.54395
35.66081 139.72829
35.737274 139.69012
35.658577 139.71078
35.706238 139.6452
35.730274 139.71138
35.706055 139.64822
35.70575 139.7871
35.693047 139.74799
35.6886 139.7107
35.658794 139.69748
35.6886 139.7107
35.689396 139.8262
35.690292 139.69974
35.689682 139.70079
35.64907 139.69139
35.69117 139.70667
35.73668 139.48698
35.703217 139.64981
35.66175 139.90082
35.62684 139.60883
35.672913 139.7426
35.703217 139.56015
35.67305 139.73761
35.624447 139.74307
35.553673 139.74036
35.672554 139.73715
35.696377 139.82614
35.707478 139.75952
35.73037 139.72229
35.662514 139.73413
35.708485 139.77223
35.554382 139.60295
35.706017 139.64775
35.73722 139.7191
35.694275 139.6987
35.74087 139.71431
35.65338 139.7047
35.7403 139.70969
35.72604 139.59203
35.740795 139.70815
35.70148 139.70467
35.64396 139.70172
35.654076 139.70528
35.69395 139.75856
35.739204 139.7106
35.735947 139.70985
35.703735 139.73523
35.668278 139.75847
35.731346 139.71309
35.704155 139.57986
35.704334 139.57991
35.657192 139.54184
35.688595 139.80939
35.66868 139.76108
35.73041 139.72308
35.72992 139.72389
35.7299 139.72397
35.703453 139.60219
35.75576 139.73357
35.756096 139.73332
35.707134 139.7854
35.660427 139.69945
35.71473 139.79674
35.75075 139.58206
35.656372 139.69942
35.693474 139.76915
35.69906 139.75285
35.6595 139.7286
35.609573 139.74731
35.63057 139.71434
35.58132 139.51659
35.670544 139.71785
35.69397 139.70496
35.701904 139.67575
35.665447 139.8369
35.748806 139.7196
35.74576 139.74438
35.70104 139.6828
35.744267 139.82332
35.701637 139.68831
35.69303 139.70221
35.653347 139.54272
35.70206 139.69518
35.659893 139.53561
35.65742 139.54025
35.688004 139.69899
35.75283 139.73819
35.55138 139.7884
35.807552 139.71397
35.75009 139.76497
35.55134 139.78108
35.64762 139.7094
35.658184 139.7029
35.563015 139.62772
35.623123 139.74918
35.753494 139.87022
35.767155 139.84778
35.68394 139.70114
35.66047 139.72928
35.55207 139.64734
35.730274 139.71138
35.658577 139.71078
35.690693 139.71149
35.548615 139.79268
35.699326 139.48032
35.665035 139.7125
35.756912 139.87563
35.664318 139.76228
35.54896 139.78418
35.68006 139.7697
35.63006 139.62233
35.55243 139.64749
35.683533 139.63777
35.659462 139.72357
35.599663 139.61159
35.707268 139.67194
35.549927 139.55719
35.792015 139.63123
35.693893 139.70457
35.58479 139.59422
35.68548 139.57275
35.661236 139.69638
35.69552 139.75566
35.63165 139.57684
35.694122 139.70453
35.671314 139.7533
35.693165 139.70209
35.635193 139.76752
35.702057 139.76794
35.63745 139.75618
35.703617 139.60095
35.665405 139.71307
35.55412 139.60452
35.661396 139.66748
35.666027 139.77512
35.699253 139.69624
35.735374 139.7185
35.62739 139.7512
35.655396 139.7497
35.693943 139.70444
35.62755 139.75069
35.743576 139.77809
35.663246 139.73228
35.72852 139.77467
35.70148 139.70467
35.63258 139.58748
35.742744 139.7806
35.652164 139.6248
35.755497 139.76776
35.70388 139.58185
35.6635 139.6991
35.68599 139.76343
35.60138 139.72688
35.62317 139.69832
35.69808 139.76599
35.54896 139.78418
35.662624 139.69492
35.575027 139.75879
35.65073 139.5515
35.58442 139.75465
35.66535 139.72926
35.66428 139.69359
35.636806 139.74663
35.726677 139.59138
35.643646 139.74432
35.645264 139.7442
35.694668 139.79866
35.72992 139.72389
35.727192 139.59155
35.7299 139.72397
35.66063 139.72215
35.720833 139.69093
35.810497 139.54372
35.669983 139.64215
35.69397 139.70496
35.6958 139.70195
35.64506 139.88751
35.666527 139.75504
35.700638 139.75667
35.626484 139.6314
35.627537 139.62428
35.54506 139.76903
35.671577 139.74126
35.689743 139.75789
35.69906 139.75285
35.65584 139.69461
35.64191 139.7484
35.64694 139.74867
35.65262 139.7496
35.832184 139.73595
35.83084 139.73598
35.550594 139.78412
35.672565 139.48466
35.55138 139.7884
35.836376 139.79497
35.697914 139.78693
35.75933 139.80276
35.653347 139.54272
35.689785 139.68431
35.629013 139.7396
35.551735 139.7885
35.628067 139.73778
35.550377 139.78189
35.75283 139.73819
35.634617 139.60397
35.688004 139.69899
35.691566 139.69997
35.6862 139.77603
35.697952 139.768
35.682888 139.56732
35.677635 139.76259
35.674477 139.62021
35.66549 139.85883
35.679657 139.7809
35.75009 139.76497
35.55003 139.63368
35.6886 139.7107
35.632248 139.788
35.702843 139.56161
35.70947 139.73347
35.658184 139.7029
35.7023 139.56091
35.54896 139.78418
35.62137 139.74931
35.690693 139.71149
35.71041 139.72879
35.658577 139.71078
35.730274 139.71138
35.71021 139.72812
35.68124 139.73477
35.550476 139.78944
35.70252 139.57678
35.809826 139.8424
35.70575 139.7871
35.649597 139.63654
35.707546 139.66289
35.66342 139.72906
35.66334 139.75948
35.665524 139.75948
35.66255 139.73492
35.67226 139.76031
35.659195 139.70267
35.700127 139.77538
35.71042 139.79794
35.544674 139.76855
35.544746 139.76855
35.756096 139.73332
35.69515 139.68604
35.671577 139.74126
35.6392 139.74023
35.576763 139.55876
35.67967 139.77083
35.66254 139.73499
35.54506 139.76903
35.7308 139.71056
35.83106 139.737
35.624043 139.51741
35.55138 139.7884
35.656548 139.53975
35.626667 139.74037
35.54896 139.78418
35.657795 139.5366
35.6595 139.7286
35.73178 139.71046
35.748806 139.7196
35.697975 139.78648
35.834507 139.60379
35.578278 139.7604
35.75283 139.73819
35.85865 139.75331
35.63788 139.70439
35.634617 139.60397
35.753494 139.87022
35.65913 139.57384
35.69337 139.79193
35.55003 139.63368
35.694336 139.7887
35.682888 139.56732
35.703762 139.5609
35.55207 139.64734
35.690693 139.71149
35.622173 139.66452
35.55243 139.64749
35.55272 139.64731
35.62575 139.66177
35.673412 139.60587
35.691277 139.71126
35.69926 139.77391
35.54506 139.76903
35.72568 139.71951
35.64762 139.7094
35.658184 139.7029
35.690594 139.69257
35.691566 139.69997
35.61454 139.52783
35.681133 139.76782
35.64406 139.82475
35.658577 139.71078
35.545437 139.78542
35.701637 139.68831
35.7023 139.56091
35.70532 139.78114
35.705715 139.78006
35.67697 139.78595
35.693058 139.67938
35.70168 139.69067
35.708187 139.75214
35.625416 139.72554
35.67882 139.66568
35.717606 139.73657
35.64907 139.71065
35.69747 139.68286
35.696472 139.61305
35.646282 139.70638
35.693882 139.70465
35.622307 139.69789
35.70613 139.8438
35.614635 139.56618
35.62568 139.66974
35.694206 139.70503
35.70185 139.77498
35.563683 139.71507
35.63323 139.5317
35.709938 139.69493
35.61396 139.56734
35.710278 139.69298
35.66377 139.73228
35.693977 139.70465
35.61311 139.56934
35.612904 139.5695
35.61268 139.5699
35.731155 139.7286
35.717632 139.81311
35.785347 139.64001
35.561478 139.72343
35.620235 139.57004
35.621502 139.70453
35.56152 139.72331
35.70179 139.76979
35.64324 139.66762
35.60138 139.72688
35.601868 139.70811
35.694878 139.70128
35.70174 139.58209
35.61661 139.57187
35.697117 139.801
35.67126 139.61736
35.55412 139.60452
35.709515 139.69359
35.61457 139.57188
35.69021 139.7076
35.61394 139.57199
35.658566 139.74548
35.64863 139.71062
35.613926 139.70035
35.663982 139.73053
35.694225 139.70453
35.70185 139.77498
35.61923 139.72975
35.690384 139.7219
35.76868 139.87105
35.75056 139.83534
35.66089 139.66766
35.646004 139.69765
35.662228 139.72354
35.66444 139.73135
35.66227 139.69931
35.669666 139.70665
35.713177 139.70547
35.70173 139.77202
35.647385 139.72276
35.663982 139.73053
35.711563 139.70982
35.713238 139.79237
35.698376 139.77289
35.808468 139.75275
35.67263 139.60925
35.70075 139.77191
35.669155 139.63313
35.703686 139.57922
35.645607 139.71153
35.661922 139.69762
35.708187 139.69423
35.70453 139.77798
35.706814 139.69443
35.672783 139.60855
35.712635 139.70064
35.694393 139.70209
35.64436 139.69963
35.67753 139.78246
35.6892 139.70891
35.658215 139.69702
35.701794 139.69583
35.701714 139.69641
35.621777 139.74036
35.70146 139.69888
35.675373 139.77686
35.673885 139.6079
35.70152 139.69746
35.70089 139.80948
35.70621 139.61798
35.706062 139.61818
35.56184 139.71883
35.68898 139.79626
35.693092 139.69951
35.704536 139.69757
35.64689 139.70236
35.704777 139.70036
35.64453 139.71518
35.704437 139.69946
35.6657 139.72258
35.626568 139.72441
35.699017 139.77463
35.703255 139.70085
35.701393 139.7007
35.69963 139.7689
35.705284 139.66562
35.64833 139.7109
35.585327 139.66885
35.748585 139.7107
35.726093 139.71317
35.705338 139.66522
35.705284 139.66562
35.73634 139.73386
35.62477 139.71954
35.658215 139.69702
35.664116 139.73381
35.676113 139.7135
35.701454 139.7048
35.701233 139.70454
35.701145 139.70502
35.700985 139.70453
35.672707 139.79375
35.679714 139.8313
35.6602 139.69588
35.64819 139.71027
35.636555 139.7346
35.64506 139.88751
35.636276 139.73322
35.635834 139.73135
35.6634 139.73402
35.635757 139.73137
35.662186 139.7345
35.688225 139.78163
35.637035 139.62105
35.73244 139.53601
35.707134 139.7854
35.65617 139.69403
35.647053 139.70242
35.668633 139.80496
35.605576 139.73436
35.628895 139.73772
35.66164 139.73523
35.73236 139.70964
35.630295 139.7378
35.605507 139.73434
35.634007 139.7374
35.70185 139.77498
35.634357 139.73662
35.632984 139.73578
35.725594 139.77663
35.66015 139.75696
35.65649 139.69933
35.74171 139.81499
35.652935 139.54417
35.728615 139.7744
35.660965 139.72409
35.69161 139.70847
35.544746 139.76855
35.75576 139.73357
35.756096 139.73332
35.84055 139.69543
35.840786 139.73447
35.547756 139.78514
35.76133 139.70552
35.836246 139.69872
35.66268 139.73108
35.660652 139.69844
35.65687 139.73529
35.69133 139.69922
35.671932 139.75955
35.67967 139.77083
35.545113 139.76721
35.684708 139.64047
35.658215 139.69702
35.55138 139.7884
35.62794 139.7386
35.56223 139.69928
35.558197 139.69676
35.555058 139.69566
35.6567 139.75383
35.54874 139.78436
35.699017 139.77463
35.699017 139.77463
35.672565 139.48466
35.699017 139.77463
35.578777 139.73407
35.685543 139.78853
35.585327 139.66885
35.550594 139.78342
35.699017 139.77463
35.553085 139.64842
35.76133 139.70552
35.547573 139.78491
35.74568 139.7297
35.70397 139.57912
35.699017 139.77463
35.66483 139.70883
35.53112 139.69507
35.67993 139.76819
35.54892 139.78452
35.69066 139.70026
35.691715 139.69864
35.653984 139.59903
35.729347 139.71817
35.75399 139.58267
35.580223 139.6621
35.643856 139.52531
35.655518 139.75673
35.749035 139.56989
35.643356 139.60916
35.741257 139.50195
35.643482 139.74918
35.661423 139.71654
35.590153 139.7285
35.527 139.69418
35.70442 139.57913
35.708775 139.77295
35.658443 139.68604
35.643246 139.67001
35.718163 139.72745
35.563244 139.71567
35.66646 139.4926
35.69633 139.7007
35.658203 139.71872
35.603115 139.67314
35.5349 139.5878
35.674465 139.73784
35.626404 139.62643
35.610092 139.75516
35.672226 139.4774
35.68116 139.69807
35.65908 139.70505
35.629192 139.68568
35.55369 139.64577
35.681103 139.54367
35.67241 139.6517
35.694126 139.70099
35.697964 139.77242
35.664417 139.69911
35.767223 139.87126
35.660965 139.72409
35.69946 139.81209
35.65745 139.5876
35.697887 139.82405
35.697887 139.82405
35.643703 139.69762
35.68355 139.78429
35.629868 139.79427
35.69634 139.69838
35.692047 139.826
35.61893 139.72815
35.653503 139.54443
35.69802 139.81532
35.69899 139.81647
35.736652 139.65341
35.73498 139.71667
35.711258 139.7984
35.648735 139.69313
35.6975 139.80586
35.696125 139.65417
35.664417 139.69911
35.697067 139.80135
35.69676 139.80042
35.663982 139.73053
35.648476 139.6802
35.662437 139.7332
35.659748 139.70316
35.69649 139.79608
35.66268 139.7334
35.6962 139.70253
35.69768 139.79688
35.69691 139.7935
35.65461 139.7452
35.64654 139.70953
35.56186 139.5886
35.694336 139.7887
35.69575 139.7859
35.83964 139.73508
35.659748 139.70316
35.70148 139.70467
35.69667 139.78386
35.62678 139.63457
35.578526 139.57234
35.699497 139.5195
35.709988 139.6678
35.64506 139.88751
35.69369 139.7021
35.824802 139.72475
35.73673 139.65309
35.707134 139.7854
35.707592 139.61615
35.709988 139.6678
35.631012 139.60089
35.697464 139.66902
35.655666 139.6942
35.54506 139.76903
35.69397 139.70496
35.644196 139.82457
35.579994 139.5771
35.705284 139.66562
35.840096 139.71242
35.646603 139.70824
35.66164 139.73523
35.650486 139.5968
35.756096 139.73332
35.732616 139.76799
35.70034 139.77116
35.700787 139.56628
35.668766 139.63533
35.54892 139.78452
35.61457 139.57188
35.575027 139.75879
35.69924 139.76268
35.61661 139.57187
35.58442 139.75465
35.620575 139.56993
35.584663 139.74075
35.560993 139.59259
35.672325 139.73654
35.636806 139.74663
35.709988 139.6678
35.653614 139.67244
35.643646 139.74432
35.645264 139.7442
35.653347 139.5431
35.64694 139.74867
35.73132 139.71065
35.695335 139.70262
35.72665 139.69472
35.696472 139.61305
35.689194 139.7025
35.671764 139.7346
35.73153 139.74072
35.69523 139.69856
35.66342 139.72906
35.660152 139.7288
35.69534 139.80531
35.73253 139.70741
35.707134 139.7854
35.664104 139.76044
35.60993 139.82565
35.65829 139.69533
35.565243 139.64426
35.565243 139.64426
35.691093 139.70677
35.698994 139.77293
35.658443 139.68604
35.76305 139.73235
35.791092 139.83495
35.65829 139.69533
35.665756 139.89449
35.65829 139.69533
35.650486 139.5968
35.75576 139.73357
35.756096 139.73332
35.626797 139.77437
35.635193 139.76752
35.664707 139.85854
35.73313 139.71695
35.69906 139.75285
35.821255 139.7391
35.68137 139.78651
35.81992 139.73724
35.68671 139.79436
35.55487 139.78719
35.81677 139.73627
35.7299 139.72397
35.68006 139.72021
35.6839 139.56842
35.728905 139.7249
35.72568 139.71951
35.549828 139.7833
35.748806 139.7196
35.63854 139.7906
35.703003 139.6367
35.706055 139.64822
35.667892 139.77405
35.639954 139.7889
35.705814 139.65005
35.653503 139.54443
35.70488 139.73607
35.690903 139.70004
35.628067 139.73778
35.655518 139.75673
35.65491 139.7962
35.65913 139.57384
35.70462 139.63582
35.834507 139.60379
35.681744 139.76358
35.744373 139.51273
35.54878 139.78398
35.69146 139.69832
35.64687 139.85046
35.55003 139.63368
35.702602 139.5609
35.7027 139.56134
35.70148 139.70467
35.6904 139.70914
35.670116 139.81664
35.681133 139.76782
35.550594 139.78412
35.681133 139.76782
35.63221 139.64215
35.632236 139.64183
35.631115 139.64214
35.67435 139.76704
35.713642 139.70317
35.570774 139.55406
35.563374 139.71503
35.749565 139.8046
35.55237 139.78836
35.55138 139.7884
35.606335 139.6794
35.54892 139.78452
35.599888 139.61015
35.705093 139.56142
35.704525 139.56154
35.679657 139.7809
35.67697 139.78595
35.67882 139.66568
35.52625 139.69508
35.55138 139.7884
35.551292 139.78741
35.659668 139.79378
