52.410378 4.6322823
52.40007 4.841618
52.388004 4.638376
52.339973 4.854133
52.4172 4.893454
52.30924 4.762187
52.350033 4.646553
52.372852 4.7526627
52.287888 4.7552123
52.410378 4.6322823
52.30924 4.762187
52.372356 4.888612
52.350197 4.786173
52.41024 4.9596367
52.289204 4.83195
52.30942 4.7636566
52.381596 4.63244
52.45141 4.634493
52.358044 4.86763
52.30924 4.762187
52.29041 4.8495317
52.374863 4.899439
52.30924 4.762187
52.30924 4.762187
52.339973 4.854133
52.30844 4.765191
52.37708 4.8952675
52.292374 4.648574
52.405815 4.6401997
52.30942 4.7636566
52.36911 4.666424
52.339714 4.9349914
52.487392 4.682992
52.23087 4.925262
52.379627 4.897564
52.36019 4.9205446
52.370735 4.8033853
52.30924 4.762187
52.484127 4.6675305
52.336624 4.880376
52.309685 4.761672
52.367935 4.805572
52.339714 4.9349914
52.33148 4.781755
52.30658 4.765221
52.375107 4.8839273
52.352695 4.8517942
52.466557 4.802441
52.30449 5.1450963
52.374165 4.644484
52.387924 4.6384406
52.373203 4.845204
52.30924 4.762187
52.380695 4.734851
52.33994 4.7805567
52.30872 4.700948
52.376686 4.9222183
52.31698 4.9793386
52.468548 4.7959204
52.30924 4.762187
52.31551 4.957242
52.30924 4.762187
52.350197 4.786471
52.372356 4.888612
52.38916 4.611093
52.31189 4.9471307
52.376686 4.9222183
52.354244 4.9085584
52.360058 4.925846
52.380627 4.6376348
52.36003 4.9265695
52.30849 4.8104024
52.30924 4.762187
52.30924 4.762187
52.48476 4.7490044
52.355476 4.900603
52.30849 4.8104024
52.322445 4.972516
52.3647 4.614537
52.451923 4.634522
52.464317 4.9512534
52.341576 4.8569264
52.352924 4.7545
52.30924 4.762187
52.33728 4.8897314
52.36063 4.6483345
52.362408 4.884521
52.288536 4.8530984
52.39046 4.827871
52.358875 4.6543255
52.360107 4.925347
52.33148 4.781755
52.31252 4.944277
52.30924 4.762187
52.299686 5.0266776
52.30924 4.762187
52.38069 4.646744
52.358337 4.89911
52.30924 4.762187
52.358356 4.8989153
52.358356 4.8989153
52.422157 4.881282
52.360847 4.9055457
52.37958 4.6311235
52.414154 4.6440997
52.20729 4.865484
52.381638 4.6358337
52.451923 4.634522
52.21231 4.8626566
52.36341 4.877662
52.309685 4.761672
52.36363 4.882618
52.30924 4.762187
52.376648 4.6312094
52.355724 4.9281015
52.376686 4.9222183
52.374966 4.879312
52.376686 4.9222183
52.488422 4.7524204
52.37814 4.8992496
52.352135 4.7990966
52.38655 4.891423
52.378727 4.761365
52.382942 4.889517
52.313957 4.7510815
52.346325 4.952278
52.388905 4.8383527
52.311172 4.760813
52.33728 4.8897314
52.328163 4.8547153
52.37127 4.8937764
52.35859 4.925558
52.360115 4.9256296
52.350273 4.832989
52.299686 5.0266776
52.37591 4.9256945
52.24251 4.797441
52.343327 4.8899727
52.376675 4.6297503
52.363323 4.898443
52.372852 4.7526627
52.382294 4.633
52.37453 4.8728304
52.39855 4.8522825
52.35432 4.8061156
52.31279 5.04302
52.312366 5.043529
52.336937 4.8720503
52.34356 4.8866415
52.35539 4.7797947
52.379868 4.751881
52.500095 4.9729815
52.31816 4.852438
52.374596 4.88396
52.397106 4.9393396
52.30924 4.762187
52.312893 4.7613773
52.38052 4.891
52.32171 5.0802565
52.31534 4.927597
52.384605 4.636075
52.308525 4.707019
52.343033 4.887892
52.337883 4.6240373
52.37339 4.8939695
52.50504 4.9516478
52.361305 4.9006534
52.361305 4.9006534
52.36797 4.8914104
52.35988 4.885161
52.308693 4.7637005
52.388004 4.638376
52.361305 4.9006534
52.309685 4.761672
52.28046 5.1424813
52.30924 4.762187
52.371906 4.891962
52.371895 4.607421
52.29734 4.9472694
52.39729 4.939803
52.36363 4.882618
52.350105 4.815625
52.308693 4.7637005
52.37335 4.890859
52.340717 4.889751
52.30907 4.761908
52.36594 4.8967323
52.335667 4.974639
52.351673 4.857247
52.318474 4.8918343
52.397923 4.940423
52.30924 4.762187
52.357746 4.8915873
52.388004 4.638376
52.358383 4.881052
52.309967 5.14596
52.43841 4.816664
52.30924 4.762187
52.309547 5.1450777
52.358383 4.881052
52.436226 4.6516843
52.30879 5.015051
52.436226 4.6516843
52.49589 4.754941
52.374863 4.895882
52.30924 4.762187
52.36334 4.87746
52.30844 4.7653413
52.329887 5.069285
