35.71186 139.79703
35.668938 139.76366
35.672863 139.73605
35.652466 139.74477
35.6858 139.75667
35.653053 139.74501
35.777603 139.63293
35.7587 139.6894
35.669987 139.75479
35.63409 139.71393
35.660294 139.72928
35.550003 139.78647
35.690804 139.70027
35.683384 139.70154
35.658566 139.74548
35.663074 139.66798
35.665787 139.73096
35.665596 139.69846
35.651875 139.72508
35.671875 139.7629
35.651237 139.69608
35.654808 139.70499
35.56292 139.5704
35.561985 139.5743
35.655636 139.67874
35.671764 139.7346
35.563572 139.56993
35.695877 139.76524
35.649185 139.69846
35.7032 139.57991
35.670677 139.70253
35.65329 139.74532
35.646294 139.71043
35.531326 139.6969
35.730072 139.71112
35.56365 139.57014
35.702705 139.56084
35.77399 139.63539
35.677116 139.78523
35.676926 139.78554
35.668793 139.76248
35.687008 139.70233
35.61308 139.62682
35.676647 139.76366
35.699802 139.7718
35.71115 139.77356
35.690804 139.70027
35.690422 139.70164
35.56283 139.56845
35.56283 139.56845
35.683655 139.78506
35.764397 139.85263
35.660202 139.5233
35.741962 139.64793
35.682957 139.76636
35.66416 139.51727
35.6916 139.7047
35.698597 139.77303
35.668663 139.70453
35.562725 139.7175
35.655308 139.73502
35.692467 139.70338
35.71362 139.77652
35.617188 139.56456
35.672222 139.76378
35.62795 139.77383
35.69091 139.70195
35.667614 139.63184
35.68164 139.76898
35.62104 139.56946
35.62929 139.68486
35.6685 139.7642
35.698597 139.77303
35.681133 139.76782
35.56248 139.56758
35.578777 139.73407
35.64181 139.75768
35.66738 139.75859
35.620815 139.56972
35.620785 139.56992
35.729866 139.71095
35.64914 139.69937
35.617188 139.77982
35.690468 139.75458
35.673523 139.76274
35.67971 139.76808
35.691483 139.75314
35.625725 139.72426
35.649292 139.69905
35.66582 139.69968
35.69139 139.74995
35.64767 139.70912
35.693203 139.74983
35.613094 139.65134
35.562893 139.65092
35.675816 139.76181
35.646168 139.7079
35.702484 139.56097
35.79465 139.51378
35.727306 139.53947
35.702705 139.56084
35.731842 139.72806
35.67039 139.70712
35.6786 139.76299
35.703598 139.59987
35.677494 139.73538
35.531166 139.69632
35.531536 139.69675
35.64224 139.82553
35.612232 139.62776
35.531326 139.6969
35.67458 139.71713
35.644314 139.6991
35.61273 139.66652
35.783615 139.62747
35.64871 139.70764
35.65851 139.70102
35.704643 139.61938
35.52165 139.62907
35.687008 139.70233
35.634453 139.57898
35.69877 139.77013
35.71406 139.77408
35.71556 139.67242
35.728996 139.71346
35.70484 139.61899
35.69687 139.79745
35.711044 139.76038
35.728783 139.71259
35.66054 139.69928
35.68403 139.77444
35.66303 139.7011
35.672268 139.76578
35.709965 139.77458
35.687565 139.79738
35.668556 139.76187
35.69115 139.75697
35.650154 139.74872
35.660995 139.74365
35.690804 139.70027
35.644314 139.6991
35.531326 139.6969
35.698338 139.77151
35.699757 139.57341
35.702087 139.57932
35.661846 139.69981
35.68358 139.68643
35.575928 139.65964
35.666927 139.6914
35.690804 139.70027
35.668495 139.69
35.672043 139.76418
35.802315 139.71771
35.732807 139.70448
35.55192 139.57928
35.65115 139.7366
35.6933 139.69202
35.70624 139.68271
35.65887 139.66733
35.669487 139.70328
35.689682 139.7004
35.667614 139.63184
35.683384 139.70154
35.60584 139.51486
35.562386 139.71596
35.717422 139.78102
35.670143 139.703
35.67435 139.76704
35.649227 139.70282
35.707363 139.75114
35.664875 139.73944
35.67548 139.77168
35.691566 139.69997
35.678127 139.72234
35.647747 139.69696
35.616047 139.55331
35.65995 139.69981
35.66535 139.72926
35.69972 139.76448
35.69115 139.75697
35.617188 139.56456
35.69808 139.7731
35.62104 139.56946
35.620815 139.56972
35.6701 139.76323
35.620785 139.56992
35.698597 139.77303
35.68914 139.69926
35.666656 139.74133
35.67613 139.6432
35.67994 139.76822
35.660934 139.72932
35.670704 139.69664
35.610687 139.74847
35.670677 139.70253
35.603325 139.74628
35.669243 139.63303
35.693123 139.74353
35.649754 139.70435
35.782433 139.66777
35.524742 139.64561
35.698597 139.77303
35.702206 139.58035
35.705585 139.7519
35.699757 139.57341
35.670704 139.69664
35.70357 139.75511
35.58801 139.72826
35.657 139.75865
35.649727 139.69344
35.704784 139.7535
35.531536 139.69675
35.67968 139.80806
35.78833 139.66145
35.531326 139.6969
35.697964 139.77379
35.529297 139.69664
35.529568 139.69643
35.70179 139.74586
35.692493 139.70113
35.629623 139.74477
35.729866 139.71095
35.64388 139.69951
35.667446 139.63203
35.6746 139.7777
35.712902 139.7039
35.66202 139.69797
35.66688 139.70416
35.711857 139.77402
35.552727 139.696
35.79465 139.51378
35.532753 139.70074
35.667614 139.63184
35.69169 139.77087
35.67458 139.71713
35.536766 139.70288
35.532307 139.69707
35.531326 139.6969
35.658524 139.70132
35.67215 139.47716
35.55454 139.7297
35.619698 139.72855
35.77399 139.63539
35.70815 139.6059
35.56133 139.57562
35.659573 139.72859
35.690804 139.70027
35.71679 139.85826
35.69808 139.7731
35.731842 139.72806
35.562386 139.71596
35.67459 139.77768
35.699272 139.7752
35.673115 139.75839
35.552425 139.64737
35.81577 139.5715
35.63006 139.62233
35.71406 139.77408
35.633194 139.57123
35.66807 139.77252
35.666443 139.77231
35.659325 139.69972
35.692 139.69397
35.70624 139.68271
35.728756 139.71127
35.648262 139.7456
35.691296 139.73547
35.672268 139.76578
35.6037 139.50803
35.696426 139.69846
35.753933 139.73746
35.696705 139.70111
35.717392 139.78938
35.660313 139.72957
35.69236 139.70094
35.752434 139.73813
35.54281 139.5746
35.67498 139.76321
35.6933 139.69202
35.70736 139.72668
35.534172 139.71938
35.698597 139.77303
35.699017 139.77463
35.662876 139.73146
35.681953 139.7012
35.759182 139.73901
35.693092 139.6932
35.6746 139.7777
35.690804 139.70027
35.730377 139.7124
35.628696 139.73965
35.61162 139.72267
35.65907 139.69891
35.658745 139.69913
35.704937 139.58482
35.53351 139.71777
35.61053 139.72234
35.644253 139.69905
35.698597 139.77303
35.65887 139.66733
35.537674 139.73311
35.695602 139.70088
35.668488 139.76295
35.752434 139.73813
35.628723 139.73978
35.672237 139.7258
35.681023 139.768
35.75245 139.73029
35.673195 139.72562
35.630024 139.74039
35.7032 139.57991
35.712406 139.77644
35.648205 139.49059
35.689682 139.7004
35.603752 139.5076
35.64987 139.69168
35.68403 139.76936
35.641968 139.65889
35.588432 139.72792
35.643417 139.66388
35.701088 139.74321
35.729866 139.71095
35.64362 139.66965
35.66054 139.58693
35.561356 139.57509
35.628227 139.73871
35.62694 139.74107
35.66836 139.6504
35.712902 139.7039
35.729866 139.71095
35.66582 139.69968
35.691677 139.70467
35.67212 139.88664
35.69044 139.69992
35.690804 139.70027
35.66343 139.73323
35.700737 139.77188
35.644314 139.6991
35.62929 139.68486
35.70776 139.70464
35.561996 139.5743
35.70611 139.70697
35.658524 139.70132
35.69115 139.75697
35.559605 139.71616
35.66696 139.75838
35.667805 139.76108
35.67207 139.82704
35.609447 139.74886
35.672268 139.76578
35.65733 139.7823
35.694466 139.69908
35.703903 139.59686
35.671436 139.76576
35.70917 139.66661
35.726234 139.59207
35.676647 139.76366
35.727623 139.57713
35.681297 139.76703
35.69914 139.57695
35.69914 139.57695
35.672127 139.7366
35.66413 139.52701
35.562893 139.65092
35.695347 139.62463
35.530987 139.69662
35.56504 139.65395
35.71679 139.85826
35.712902 139.7039
35.691032 139.6995
35.689877 139.70227
35.690224 139.69919
35.667614 139.63184
35.690804 139.70027
35.64403 139.70102
35.691868 139.70198
35.66866 139.76137
35.66836 139.6504
35.673115 139.75839
35.62936 139.69945
35.6587 139.70079
35.547756 139.60246
35.62049 139.7044
35.69423 139.70445
35.552727 139.696
35.56283 139.56845
35.690804 139.70027
35.66669 139.75813
35.817646 139.66959
35.658524 139.70132
35.549477 139.57893
35.60309 139.50789
35.749405 139.587
35.634876 139.64479
35.675484 139.76778
35.69537 139.75777
35.72906 139.71884
35.681248 139.78094
35.732807 139.70448
35.6933 139.69202
35.677124 139.7063
35.662354 139.70035
35.6969 139.70262
35.649082 139.70274
35.664593 139.7846
35.628227 139.73871
35.532917 139.69707
35.658745 139.69913
35.658524 139.70132
35.664097 139.69917
35.617035 139.62585
35.660465 139.72978
35.670677 139.70253
35.649986 139.70277
35.532753 139.70074
35.730106 139.71764
35.669918 139.7032
35.606884 139.73386
35.536766 139.70288
35.658905 139.70258
35.729347 139.71817
35.560684 139.72372
35.69115 139.75697
35.6198 139.68681
35.55454 139.7297
35.678154 139.70569
35.687008 139.70233
35.657757 139.75418
35.68788 139.70221
35.634136 139.88156
35.72986 139.71793
35.550995 139.73286
35.658905 139.70258
35.64914 139.69937
35.660286 139.6992
35.645924 139.82692
35.697853 139.77193
35.71352 139.7931
35.692684 139.69107
35.692696 139.69109
35.690617 139.7032
35.661587 139.66748
35.716965 139.73802
35.80097 139.7185
35.66319 139.73213
35.664898 139.78426
35.7032 139.57991
35.699017 139.77463
35.702206 139.58035
35.628693 139.69444
35.692493 139.70113
35.688698 139.69861
35.70075 139.77191
35.70074 139.77188
35.69272 139.70316
35.655247 139.79362
35.55366 139.57912
35.710743 139.7985
35.690804 139.70027
35.677135 139.71837
35.65907 139.70114
35.562477 139.71605
35.65345 139.74377
35.552425 139.64737
35.658745 139.69913
35.67215 139.47716
35.706306 139.75243
35.700256 139.48026
35.645702 139.82669
35.703598 139.59987
35.68164 139.76898
35.71406 139.77408
35.787086 139.67233
35.692 139.681
35.55138 139.7884
35.73811 139.76077
35.69257 139.67894
35.78833 139.66145
35.711884 139.77039
35.666374 139.73126
35.659004 139.69533
35.64451 139.69868
35.69115 139.75697
35.681377 139.76608
35.552727 139.696
35.686558 139.67162
35.669125 139.68892
35.658524 139.70132
35.67112 139.64828
35.67458 139.71713
35.730335 139.71774
35.6589 139.70326
35.694424 139.74307
35.696156 139.76012
35.69829 139.77467
35.78833 139.66145
35.588432 139.72792
35.55192 139.57928
35.76388 139.68709
35.55229 139.5798
35.71374 139.70332
35.65024 139.55861
35.684692 139.73058
35.628227 139.73871
35.76301 139.69022
35.692467 139.70338
35.65751 139.70203
35.6291 139.77737
35.56807 139.55347
35.681133 139.76782
35.649887 139.75647
35.763145 139.69002
35.671703 139.74149
35.66997 139.70787
35.64561 139.81055
35.669106 139.7074
35.67604 139.73862
35.69044 139.69992
35.64561 139.81055
35.690804 139.70027
35.562923 139.56981
35.69115 139.75697
35.68958 139.70146
35.689877 139.70227
35.552727 139.696
35.69958 139.63634
35.7121 139.77635
35.635193 139.76752
35.66457 139.73933
35.698597 139.77303
35.67498 139.76321
35.562893 139.65092
35.561916 139.57524
35.669033 139.70549
35.658524 139.70132
35.69065 139.75803
35.702713 139.57903
35.532307 139.69707
35.669785 139.74153
35.71146 139.76006
35.532944 139.69577
35.662037 139.69896
35.65939 139.71803
35.69001 139.70589
35.65939 139.71803
35.687008 139.70233
35.672264 139.76662
35.603752 139.5076
35.658234 139.70854
35.654575 139.79242
35.693844 139.70111
35.65887 139.66733
35.73023 139.71117
35.65543 139.71165
35.665585 139.73904
35.778114 139.63046
35.530586 139.69951
35.69631 139.74142
35.560738 139.5764
35.658905 139.70258
35.6746 139.7777
35.674812 139.76321
35.676926 139.76112
35.66669 139.75813
35.657715 139.7003
35.657715 139.7003
35.68948 139.69737
35.663567 139.70108
35.630146 139.74043
35.60704 139.73502
35.6909 139.70744
35.698376 139.77516
35.588432 139.72792
35.690468 139.70001
35.696156 139.7427
35.730965 139.71643
35.691917 139.70569
35.690804 139.70027
35.730976 139.70956
35.691566 139.69997
35.69066 139.70609
35.68892 139.70331
35.674835 139.7644
35.646877 139.70995
35.531326 139.6969
35.699528 139.76506
35.657707 139.70021
35.69958 139.76523
35.685596 139.77338
35.698597 139.77303
35.703518 139.77423
35.55138 139.7884
35.69829 139.77467
35.699017 139.77463
35.70034 139.77959
35.67792 139.769
35.731636 139.7084
35.665634 139.71164
35.71031 139.77357
35.626423 139.8846
35.630146 139.74043
35.55096 139.78873
35.730377 139.7124
35.658524 139.70132
35.68126 139.76765
35.659584 139.69872
35.68898 139.69926
35.60702 139.66898
35.692955 139.70895
35.658367 139.70242
35.696716 139.68228
35.699883 139.77242
35.72992 139.716
35.635193 139.76752
35.690804 139.70027
35.699226 139.70148
35.627758 139.73505
35.644848 139.69865
35.698597 139.77303
35.737873 139.65453
35.759995 139.6915
35.572784 139.61687
35.670677 139.70253
35.616047 139.55331
35.669697 139.76248
35.54506 139.76903
35.65633 139.75728
35.690746 139.70757
35.667515 139.70612
35.530952 139.69768
35.604374 139.68396
35.611183 139.74408
35.68342 139.66953
35.617188 139.56456
35.65701 139.75255
35.646294 139.71043
35.62104 139.56946
35.655853 139.75122
35.67212 139.88664
35.647438 139.70714
35.620815 139.56972
35.666546 139.69699
35.704636 139.61996
35.674168 139.76036
35.620785 139.56992
35.638737 139.49942
35.690804 139.70027
35.650017 139.68314
35.551796 139.74551
35.594086 139.60532
35.710915 139.79788
35.670677 139.70253
35.655155 139.70467
35.6259 139.77141
35.587337 139.62943
35.670677 139.70253
35.65794 139.69658
35.65794 139.69658
35.58749 139.62952
35.671436 139.76576
35.62628 139.7707
35.698597 139.77303
35.731464 139.74849
35.631733 139.79764
35.67231 139.75407
35.55138 139.7884
35.657063 139.6965
35.693707 139.77025
35.6612 139.71594
35.702755 139.57564
35.609577 139.66731
35.681377 139.76608
35.68091 139.76839
35.671932 139.75955
35.67044 139.70296
35.66388 139.52527
35.588432 139.72792
35.614674 139.53181
35.745617 139.71957
35.664528 139.69896
35.772274 139.6591
35.60704 139.73502
35.703186 139.57991
35.531536 139.69675
35.60713 139.7342
35.65189 139.5444
35.69643 139.81395
35.69342 139.70325
35.607594 139.66997
35.64896 139.70511
35.655468 139.74707
35.531326 139.6969
35.630146 139.74043
35.68959 139.70816
35.625877 139.72514
35.702843 139.7433
35.823383 139.5751
35.749645 139.80515
35.681515 139.53638
35.70087 139.69722
35.670197 139.70284
35.700497 139.69756
35.69881 139.6969
35.73741 139.67584
35.670204 139.74982
35.62104 139.56946
35.669895 139.74902
35.620815 139.56972
35.61769 139.7287
35.69115 139.75697
35.731564 139.7136
35.712048 139.79797
35.65635 139.75801
35.662617 139.66718
35.672195 139.48047
35.577423 139.55844
35.62521 139.77562
35.658566 139.74548
35.68412 139.78047
35.621704 139.56906
35.714783 139.7609
35.565514 139.65086
35.66899 139.67972
35.6254 139.77562
35.77641 139.6375
35.763786 139.72733
35.66319 139.73213
35.658524 139.70132
35.629868 139.79427
35.67839 139.74004
35.671803 139.76523
35.703568 139.64807
35.675438 139.7629
35.646626 139.74756
35.672264 139.76662
35.547756 139.78514
35.649803 139.70468
35.6682 139.86192
35.649464 139.70529
35.66791 139.74774
35.65929 139.69987
35.620785 139.56992
35.62645 139.72343
35.70231 139.74503
35.732807 139.70448
35.69667 139.75168
35.683594 139.70224
35.699528 139.7324
35.68962 139.70024
35.552727 139.696
35.705074 139.6195
35.690804 139.70027
35.728897 139.71538
35.646553 139.71022
35.55138 139.7884
35.618374 139.72757
35.671627 139.7033
35.709 139.79091
35.532307 139.69707
35.531326 139.6969
35.690903 139.70004
35.699722 139.751
35.710068 139.79897
35.531536 139.69675
35.531326 139.6969
35.617676 139.72748
35.712902 139.7039
35.703102 139.74977
35.529297 139.69664
35.695065 139.74783
35.564945 139.65475
35.6115 139.62662
35.728596 139.71332
35.68206 139.78603
35.78833 139.66145
35.64907 139.71065
35.71447 139.70511
35.532944 139.69577
35.698597 139.77303
35.692852 139.70331
35.695896 139.69997
35.70619 139.70657
35.674038 139.7672
35.533127 139.69498
35.84768 139.66914
35.691677 139.70467
35.670956 139.74763
35.690556 139.70593
35.665115 139.71246
35.675438 139.7629
35.658905 139.70258
35.658524 139.70132
35.691147 139.70152
35.729027 139.71109
35.674316 139.764
35.562515 139.71698
35.698338 139.77151
35.660213 139.69579
35.729866 139.71095
35.737675 139.76135
35.678738 139.74037
35.658524 139.70132
35.67215 139.47716
35.700527 139.7424
35.699566 139.75354
35.649036 139.70184
35.76955 139.87045
35.532288 139.69589
35.732117 139.76671
35.668636 139.70563
35.663006 139.74504
35.659668 139.79378
35.631664 139.64478
35.531868 139.7002
35.532753 139.70074
35.536766 139.70288
35.700253 139.75627
35.62521 139.77562
35.693203 139.74983
35.626007 139.88588
35.692837 139.78116
35.649727 139.69344
35.55454 139.7297
35.603752 139.5076
35.630146 139.74043
35.647728 139.7116
35.642963 139.71304
35.70946 139.77364
35.648262 139.7456
35.69294 139.70119
35.69261 139.70091
35.69213 139.78276
35.661427 139.70107
35.6955 139.70102
35.798286 139.59343
35.57573 139.65965
35.64865 139.74356
35.6589 139.70326
35.676613 139.76437
35.663227 139.66736
35.700226 139.7717
35.658524 139.70132
35.78804 139.6616
35.692688 139.70366
35.68402 139.73769
35.67737 139.75175
35.628475 139.74156
35.675026 139.75276
35.788216 139.61269
35.6115 139.62662
35.62521 139.77562
35.61375 139.62692
35.686474 139.7018
35.632812 139.88031
35.64159 139.71327
35.669487 139.70328
35.822216 139.5752
35.704784 139.7535
35.704765 139.7527
35.67844 139.76288
35.66182 139.7002
35.599022 139.6112
35.733456 139.73949
35.65869 139.74039
35.674126 139.75383
35.617676 139.62912
35.562893 139.65092
35.668606 139.76341
35.599934 139.74994
35.681377 139.76608
35.720745 139.67236
35.608757 139.66711
35.6746 139.75401
35.53021 139.67827
35.738586 139.737
35.705265 139.71878
35.533657 139.66632
35.54878 139.78398
35.539577 139.66324
35.599953 139.6106
35.689114 139.69934
35.822216 139.5752
35.698994 139.77293
35.660236 139.69838
35.543297 139.64151
35.66958 139.74799
35.661335 139.7144
35.672783 139.72403
35.628227 139.73871
35.55192 139.57928
35.737873 139.65453
35.708458 139.77315
35.68144 139.76471
35.61062 139.59341
35.648903 139.7022
35.643837 139.73125
35.68822 139.69183
35.673428 139.76286
35.562374 139.58804
35.564026 139.58044
35.670677 139.70253
35.670757 139.70284
35.675026 139.75276
35.73023 139.71117
35.576576 139.57384
35.669834 139.70601
35.669033 139.70549
35.668255 139.70732
35.681377 139.76608
35.607536 139.66884
35.74844 139.70271
35.705585 139.7519
35.64907 139.71065
35.714462 139.79417
35.675762 139.71481
35.692696 139.69109
35.657898 139.69893
35.712757 139.70644
35.84768 139.66914
35.616047 139.55331
35.705105 139.71832
35.68055 139.7684
35.550507 139.57542
35.690804 139.70027
35.617958 139.56508
35.619473 139.67947
35.617188 139.56456
35.743797 139.67859
35.67077 139.75519
35.562515 139.71698
35.550835 139.57506
35.62104 139.56946
35.57831 139.72067
35.620815 139.56972
35.620785 139.56992
35.646976 139.69829
35.62821 139.75668
35.703636 139.78816
35.65189 139.5444
35.665184 139.53139
35.676582 139.7609
35.665585 139.73904
35.648926 139.70105
35.62641 139.71239
35.705585 139.7519
35.669033 139.70549
35.663555 139.71262
35.659668 139.79378
35.729866 139.71095
35.658524 139.70132
35.531166 139.69632
35.531536 139.69675
35.552727 139.696
35.65823 139.7012
35.531326 139.6969
35.729736 139.71223
35.631733 139.79764
35.6115 139.62662
35.681297 139.76814
35.531868 139.7002
35.532753 139.70074
35.69831 139.77151
35.690804 139.70027
35.63772 139.73749
35.536766 139.70288
35.69107 139.70157
35.658386 139.702
35.643566 139.67065
35.560684 139.72372
35.644524 139.67015
35.73019 139.71268
35.729588 139.71071
35.650326 139.6837
35.66445 139.7566
35.550003 139.78647
35.56248 139.56758
35.69972 139.76448
35.695652 139.76068
35.691296 139.73547
35.532307 139.69707
35.532944 139.69577
35.621395 139.77316
35.657063 139.6965
35.670704 139.69664
35.64207 139.74847
35.67133 139.76515
35.634575 139.88681
35.73232 139.7299
35.667248 139.70892
35.729866 139.71095
35.689674 139.70079
35.687706 139.70213
35.67114 139.61859
35.670704 139.69664
35.70093 139.77065
35.630146 139.74043
35.690395 139.71262
35.724903 139.7633
35.620483 139.77226
35.744267 139.82332
35.551277 139.57541
35.609787 139.6687
35.658993 139.66805
35.658195 139.70203
35.66863 139.7049
35.627026 139.7744
35.623604 139.8872
35.73135 139.70749
35.731693 139.71288
35.63627 139.88344
35.676 139.7651
35.668636 139.70563
35.72949 139.71323
35.689674 139.70079
35.550003 139.78647
35.64914 139.69937
35.66319 139.73213
35.665787 139.73096
35.62592 139.78223
35.548607 139.57639
35.627525 139.7788
35.690804 139.70027
35.790924 139.63492
35.639633 139.63188
35.698338 139.77151
35.665432 139.73033
35.67842 139.76326
35.724545 139.7631
35.64769 139.6236
35.628 139.73856
35.701466 139.7401
35.62592 139.78223
35.664394 139.66722
35.729866 139.71095
35.628227 139.73871
35.700565 139.77078
35.658756 139.60774
35.619747 139.77325
35.6259 139.77141
35.790432 139.6376
35.738117 139.73938
35.71109 139.79636
35.626797 139.77437
35.624756 139.77585
35.699753 139.74678
35.724133 139.77718
35.66422 139.66734
35.546482 139.57658
35.72452 139.77751
35.72306 139.77608
35.723644 139.77797
35.722248 139.77872
35.625366 139.77208
35.70372 139.75352
35.673466 139.76051
35.722595 139.77773
35.777637 139.65228
35.72777 139.77097
35.722687 139.77797
35.722008 139.77844
35.661987 139.7086
35.721455 139.78008
35.703186 139.57991
35.661987 139.7086
35.670517 139.75974
35.683937 139.76688
35.66022 139.72993
35.690804 139.70027
35.770126 139.66081
35.698597 139.77303
35.60975 139.66757
35.697586 139.82608
35.632812 139.88031
35.675438 139.7629
35.610416 139.66693
35.698597 139.77303
35.685104 139.76471
35.695602 139.70146
35.702194 139.75517
35.6115 139.62662
35.658524 139.70132
35.69012 139.69962
35.66471 139.7023
35.659824 139.6982
35.644207 139.70082
35.683384 139.70154
35.6916 139.7047
35.630024 139.74039
35.62521 139.77562
35.694508 139.70355
35.615677 139.67593
35.666615 139.75818
35.658566 139.74548
35.662804 139.66791
35.705376 139.64986
35.607468 139.66678
35.625107 139.77927
35.675053 139.76332
35.729866 139.71095
35.546562 139.57622
35.72837 139.71112
35.693203 139.74983
35.64914 139.69937
35.697815 139.7752
35.701294 139.70004
35.607048 139.73448
35.72735 139.76657
35.658745 139.69913
35.71337 139.77634
35.62344 139.7747
35.733532 139.70874
35.770195 139.6609
35.689148 139.69926
35.73492 139.7516
35.65815 139.66125
35.628227 139.73871
35.669716 139.74112
35.619473 139.67947
35.6506 139.68431
35.55207 139.64734
35.690804 139.70027
35.666206 139.73128
35.69983 139.74252
35.562893 139.65092
35.70829 139.77446
35.693424 139.78099
35.64557 139.69713
35.620483 139.77226
35.66252 139.69836
35.699017 139.77463
35.681377 139.76608
35.66022 139.70038
35.696426 139.75125
35.698597 139.77303
35.699017 139.77463
35.58555 139.72641
35.84731 139.67099
35.666958 139.70677
35.7014 139.70085
35.585533 139.72661
35.659847 139.50482
35.662205 139.67067
35.62575 139.66177
35.697784 139.77565
35.673695 139.763
35.649403 139.72026
35.699017 139.77463
35.70583 139.6658
35.70539 139.59694
35.698517 139.77367
35.719006 139.70605
35.707073 139.6647
35.698597 139.77303
35.6717 139.76526
35.703205 139.75456
35.698597 139.77303
35.64314 139.71451
35.697357 139.77515
35.828426 139.80347
35.66528 139.73094
35.642418 139.71391
35.690804 139.70027
35.57648 139.66315
35.580967 139.72765
35.68957 139.70128
35.726234 139.59207
35.69344 139.78104
35.6589 139.70326
35.644035 139.71565
35.697754 139.77242
35.705585 139.7519
35.706497 139.71742
35.697617 139.77167
35.70427 139.77072
35.624973 139.88834
35.70154 139.69762
35.697834 139.77028
35.665585 139.73904
35.740303 139.49951
35.688972 139.69922
35.699203 139.77043
35.695896 139.69997
35.698826 139.77188
35.607708 139.67157
35.70094 139.77055
35.698597 139.77303
35.658524 139.70132
35.69824 139.77425
35.70124 139.77203
35.562344 139.71379
35.66317 139.70995
35.700672 139.77286
35.725525 139.76321
35.620483 139.77226
35.629955 139.74026
35.71637 139.7765
35.690895 139.70528
35.654865 139.79626
35.678345 139.7401
35.671116 139.76035
35.71048 139.81331
35.69829 139.77243
35.724068 139.6831
35.658646 139.69566
35.692688 139.70366
35.80097 139.7185
35.665592 139.71225
35.779278 139.72176
35.677353 139.77014
35.655136 139.793
35.802124 139.71799
35.673744 139.66725
35.676277 139.7777
35.80244 139.71906
35.697468 139.78598
35.667027 139.71425
35.562794 139.71739
35.728287 139.77228
35.703808 139.62164
35.66422 139.69775
35.666473 139.70905
35.631664 139.64478
35.660908 139.70073
35.69152 139.70125
35.646347 139.66988
35.655617 139.75674
35.659763 139.7009
35.68122 139.76834
35.52781 139.69728
35.66247 139.69789
35.801918 139.71759
35.703205 139.75456
35.681377 139.76608
35.68304 139.70216
35.68989 139.70735
35.659134 139.701
35.628178 139.73788
35.698364 139.77556
35.661198 139.70064
35.71274 139.69987
35.66188 139.70105
35.691154 139.7021
35.845398 139.67455
35.70736 139.77461
35.68468 139.76605
35.701805 139.77179
35.65551 139.7933
35.71337 139.77634
35.664715 139.66635
35.658524 139.70132
35.700157 139.78064
35.776566 139.6315
35.69293 139.79933
35.743797 139.67859
35.699615 139.7714
35.55138 139.7884
35.698597 139.77303
35.656467 139.792
35.661926 139.70908
35.63088 139.88066
35.658646 139.69566
35.75493 139.73654
35.62521 139.77562
35.626434 139.63393
35.522243 139.7323
35.67458 139.71713
35.703598 139.59987
35.562477 139.71605
35.731396 139.76808
35.72693 139.7646
35.68708 139.6969
35.732067 139.77798
35.672176 139.76201
35.701294 139.70004
35.732067 139.77798
