35.75576 139.73357
35.756096 139.73332
35.789692 139.724
35.665157 139.7698
35.718643 139.61433
35.711803 139.79732
35.742252 139.81056
35.75283 139.73819
35.607536 139.66884
35.658524 139.70132
35.690346 139.69978
35.75626 139.69458
35.626003 139.63239
35.75111 139.74745
35.702267 139.57906
35.6091 139.5163
35.64004 139.59874
35.690804 139.70027
35.531326 139.6969
35.55003 139.63368
35.658524 139.70132
35.658524 139.70132
35.681377 139.76608
35.679665 139.78091
35.753494 139.87022
35.75009 139.76497
35.777225 139.79045
35.615158 139.57913
35.686005 139.73067
35.670277 139.67062
35.704433 139.69728
35.6914 139.69388
35.814167 139.80132
35.630146 139.74043
35.62481 139.7234
35.710915 139.79788
35.615295 139.57944
35.814816 139.58693
35.828426 139.80347
35.815445 139.58719
35.551735 139.7885
35.56351 139.6789
35.729496 139.7913
35.688976 139.65512
35.630146 139.74043
35.68748 139.67728
35.681377 139.76608
35.53694 139.63487
35.53638 139.7035
35.538044 139.70645
35.709293 139.70331
35.668224 139.60114
35.71373 139.77722
35.69158 139.73703
35.67058 139.60895
35.732944 139.88167
35.697464 139.81424
35.624157 139.72575
35.682354 139.78677
35.636105 139.88339
35.689396 139.8262
35.53655 139.70413
35.572876 139.66501
35.709694 139.73132
35.817646 139.66959
35.702602 139.5609
35.690804 139.70027
35.747574 139.84018
35.725525 139.76321
35.702705 139.56084
35.64137 139.74103
35.698597 139.77303
35.63441 139.79161
35.627842 139.74092
35.7027 139.56134
35.607178 139.73473
35.713127 139.70454
35.607178 139.73473
35.626568 139.7414
35.697002 139.6827
35.623657 139.72667
35.572903 139.66266
35.7444 139.81128
35.625404 139.74205
35.666565 139.72621
35.697926 139.6829
35.738815 139.66243
35.696915 139.77547
35.625393 139.74205
35.696915 139.77547
35.654686 139.75731
35.6586 139.47888
35.645733 139.74757
35.729866 139.71095
35.690804 139.70027
35.677517 139.7654
35.530987 139.69662
35.690804 139.70027
35.791878 139.64587
35.62144 139.56955
35.653473 139.75722
35.623405 139.57097
35.64694 139.74736
35.551735 139.7885
35.623257 139.57109
35.6623 139.58487
35.748707 139.80481
35.681377 139.76608
35.690804 139.70027
35.745888 139.8563
35.63627 139.88344
35.749645 139.80515
35.57491 139.66324
35.74744 139.85716
35.732117 139.76671
35.621887 139.75092
35.55863 139.55151
35.53846 139.5919
35.658672 139.81738
35.66669 139.75813
35.68972 139.69925
35.70234 139.7524
35.815655 139.70436
35.692448 139.77168
35.702072 139.77188
35.690804 139.70027
35.729866 139.71095
35.663643 139.66046
35.814816 139.58693
35.609035 139.73555
35.654934 139.757
35.654934 139.757
35.67194 139.79575
35.630146 139.74043
35.531326 139.6969
35.711414 139.64377
35.688873 139.6823
35.70356 139.56116
35.695965 139.75807
35.815445 139.58719
35.615013 139.71649
35.665268 139.76088
35.681736 139.76485
35.610226 139.73582
35.75141 139.54576
35.690804 139.70027
35.605145 139.74255
35.64004 139.59874
35.684742 139.77444
35.698597 139.77303
35.727695 139.76671
35.55884 139.5514
35.809425 139.53238
35.61501 139.54222
35.583366 139.64174
35.59974 139.61023
35.658524 139.70132
35.690994 139.76389
35.57668 139.65947
35.661404 139.66725
35.708267 139.77386
35.752434 139.73813
35.672043 139.76418
35.76322 139.65948
35.619698 139.72855
35.57572 139.65965
35.84768 139.66914
35.730274 139.71138
35.690804 139.70027
35.66088 139.72832
35.791233 139.69139
35.748707 139.80481
35.645924 139.82692
35.638855 139.73798
35.58192 139.59547
35.66622 139.7585
35.682533 139.7737
35.630146 139.74043
35.586864 139.70593
35.58105 139.64142
35.749645 139.80515
35.67839 139.74004
35.6975 139.5827
35.68245 139.76418
35.69167 139.77087
35.701736 139.52483
35.699654 139.77237
35.67272 139.73962
35.708958 139.79657
35.690804 139.70027
35.665115 139.71246
35.654884 139.73717
35.71035 139.80904
35.68856 139.7015
35.66361 139.87271
35.57573 139.65965
35.67435 139.76704
35.586864 139.70593
35.64898 139.74466
35.61989 139.7317
35.63441 139.79161
35.72777 139.77097
35.65227 139.72223
35.698597 139.77303
35.705093 139.56142
35.658524 139.70132
35.655518 139.75673
35.688915 139.81557
35.68998 139.69737
35.58841 139.57042
35.689022 139.8157
35.738274 139.8486
35.664932 139.76692
35.654366 139.75688
35.627983 139.73796
35.530987 139.69662
35.703007 139.77167
35.69295 139.72679
35.646603 139.71204
35.568405 139.55351
35.69167 139.77087
35.599953 139.6106
35.630146 139.74043
35.56807 139.55347
35.6748 139.67113
35.693745 139.77089
35.70853 139.79562
35.749035 139.57002
35.55138 139.67172
35.640244 139.746
35.55863 139.55151
35.667267 139.73871
35.689003 139.69742
35.696106 139.79253
35.660202 139.5233
35.66225 139.7749
35.647068 139.71239
35.587715 139.56621
35.699383 139.52017
35.620815 139.56972
35.662876 139.73146
35.748306 139.56767
35.746784 139.75464
35.681377 139.76608
35.84768 139.66914
35.6933 139.69202
35.603752 139.5076
35.65556 139.73633
35.568405 139.55351
35.729866 139.71095
35.568665 139.5534
35.549126 139.66998
35.749645 139.80515
35.690804 139.70027
35.66151 139.72952
35.68903 139.81567
35.59119 139.55368
35.68855 139.69865
35.728634 139.5526
35.699802 139.7718
35.682533 139.7737
35.745434 139.71965
35.667534 139.765
35.750866 139.8669
35.673744 139.66725
35.68321 139.76889
35.630146 139.74043
35.61309 139.65137
35.68376 139.76859
35.691418 139.6973
35.677013 139.73705
35.698597 139.77303
35.684803 139.76949
35.693066 139.69656
35.61169 139.62883
35.682278 139.68684
35.56807 139.55347
35.630024 139.74039
35.694393 139.69281
35.698677 139.77422
35.66696 139.75838
35.67282 139.69432
35.699226 139.77441
35.68659 139.76591
35.7509 139.75264
35.701736 139.52483
35.603752 139.5076
35.68315 139.769
35.73023 139.71117
35.69643 139.81395
35.66669 139.75813
35.553474 139.5785
35.669685 139.76726
35.70231 139.74503
35.686005 139.88293
35.642574 139.75008
35.729027 139.71109
35.620197 139.72873
35.626537 139.72334
35.749332 139.8051
35.687084 139.76546
35.549618 139.62015
35.677742 139.7668
35.729866 139.71095
35.725594 139.77663
35.7106 139.79791
35.670395 139.7432
35.6905 139.7
35.732117 139.76671
35.69087 139.7003
35.6175 139.77936
35.69138 139.73672
35.587322 139.59134
35.62851 139.73833
35.65943 139.70056
35.801918 139.71759
35.620785 139.56992
35.7051 139.61958
35.67994 139.76822
35.698597 139.77303
35.70522 139.61977
35.699173 139.77255
35.64038 139.748
35.655617 139.75674
35.545498 139.57452
35.75971 139.7139
35.655518 139.75673
35.723476 139.62003
35.694153 139.6876
35.573822 139.53384
35.648056 139.74164
35.645733 139.74757
35.749645 139.80515
35.609837 139.74799
35.69414 139.68767
35.71215 139.79645
35.588432 139.72792
35.72777 139.77097
35.72777 139.77097
35.712093 139.79843
35.644314 139.6991
35.729866 139.71095
35.7587 139.6894
35.72833 139.55313
35.667427 139.76126
35.762096 139.82492
35.689857 139.83566
35.65866 139.68448
35.531326 139.6969
35.723457 139.62006
35.75283 139.73819
35.589745 139.66878
35.562923 139.56981
35.562477 139.71605
35.530804 139.69978
35.65189 139.5444
35.550003 139.78647
35.554085 139.60521
35.69958 139.76523
35.581577 139.74911
35.668842 139.62347
35.55138 139.7884
35.6981 139.76419
35.72615 139.51323
35.618374 139.72757
35.690804 139.70027
35.66319 139.73213
35.58132 139.74873
35.672962 139.73732
35.62412 139.72885
35.710857 139.75293
35.705376 139.64986
35.672867 139.76317
35.660294 139.72928
35.69679 139.68245
35.690815 139.70274
35.698597 139.77303
35.566597 139.73633
35.729866 139.71095
35.72777 139.77097
35.672318 139.79456
35.53105 139.68439
35.690594 139.69257
35.69958 139.76523
35.568405 139.55351
35.562458 139.71596
35.732635 139.7679
35.76358 139.72708
35.658596 139.69954
35.69336 139.55948
35.828426 139.80347
35.791233 139.69139
35.658733 139.68304
35.6035 139.61752
35.683777 139.78214
35.71333 139.77623
35.673893 139.75096
35.62568 139.71341
35.708958 139.79657
35.690804 139.70027
35.656593 139.5441
35.69086 139.70485
35.672874 139.72414
35.678345 139.7401
35.553474 139.5785
35.659733 139.79109
35.689102 139.70006
35.672485 139.72467
35.532753 139.70074
35.58555 139.68224
35.672543 139.72511
35.561356 139.57509
35.629257 139.73875
35.55129 139.78859
35.55138 139.7884
35.67882 139.66568
35.645733 139.74757
35.63313 139.71558
35.53082 139.69954
35.706867 139.61685
35.68321 139.76889
35.67218 139.7532
35.70583 139.6658
35.549835 139.6032
35.589622 139.72928
35.690804 139.70027
35.607296 139.66867
35.752434 139.73813
35.64914 139.69937
35.673203 139.76047
35.729866 139.71095
35.61279 139.54861
35.630146 139.74043
35.655567 139.5437
35.681377 139.76608
35.655613 139.70369
35.647793 139.68007
35.702633 139.74873
35.655518 139.75673
35.712944 139.76115
35.63706 139.73097
35.66669 139.75813
35.628227 139.73871
35.69167 139.77087
35.707104 139.78127
35.671577 139.74126
35.66669 139.75813
35.65843 139.69893
35.581577 139.74911
35.630146 139.74043
35.732876 139.71356
35.686356 139.78224
35.686356 139.78224
35.690804 139.70027
35.729664 139.7147
35.644188 139.73416
35.60743 139.68562
35.673744 139.66725
35.564323 139.65405
35.69167 139.77087
35.673046 139.75992
35.560684 139.72372
35.686417 139.74405
35.729866 139.71095
35.655613 139.70369
35.562923 139.56981
35.702705 139.56084
35.700428 139.75044
35.695896 139.69997
35.662876 139.73146
35.703056 139.77466
35.681377 139.76608
35.660923 139.75146
35.690804 139.70027
35.67498 139.76321
35.75849 139.62885
35.670204 139.74982
35.669876 139.61572
35.661404 139.66725
35.628628 139.7384
35.66096 139.75142
35.553753 139.57817
35.554386 139.57903
35.681377 139.76608
35.622944 139.75063
35.55342 139.57712
35.659424 139.74129
35.662106 139.72865
35.55456 139.57632
35.670677 139.70253
35.67965 139.77997
35.733437 139.73936
35.739113 139.76193
35.60743 139.68562
35.73884 139.76141
35.729866 139.71095
35.66464 139.76192
35.562923 139.56981
35.61769 139.7287
35.710903 139.78317
35.69556 139.77588
35.65617 139.54443
35.766125 139.80922
35.622837 139.74924
35.673893 139.75096
35.71679 139.85826
35.690754 139.76483
35.673096 139.75995
35.681282 139.76607
35.788273 139.61292
35.599022 139.6112
35.679836 139.78006
35.692333 139.77127
35.644314 139.6991
35.588432 139.72792
35.62645 139.72343
35.531326 139.6969
35.815655 139.70436
35.517956 139.63097
35.70829 139.76941
35.6588 139.69922
35.65463 139.70555
35.651024 139.74742
35.689396 139.8262
35.681168 139.71144
35.55454 139.7297
35.630146 139.74043
35.603523 139.73239
35.690804 139.70027
35.625362 139.72389
35.729866 139.71095
35.68137 139.76646
35.649956 139.74835
35.622005 139.72876
35.604374 139.68396
35.645733 139.74757
35.74978 139.80547
35.70195 139.58156
35.7244 139.75363
35.749565 139.8046
35.608467 139.6478
35.667458 139.74518
35.703064 139.58107
35.71679 139.85826
35.655617 139.75674
35.62904 139.74416
35.703106 139.58098
35.629185 139.73631
35.679466 139.74019
35.620518 139.75082
35.688103 139.69345
35.70304 139.57986
35.66181 139.74727
35.697773 139.7517
35.664707 139.7395
35.67996 139.78009
35.70947 139.73347
35.68241 139.68742
35.66472 139.76166
35.57392 139.66348
35.588432 139.72792
35.703186 139.57991
35.695816 139.7685
35.655243 139.69376
35.704395 139.79514
35.66051 139.72922
35.65037 139.74805
35.68599 139.76343
35.660454 139.72945
35.656593 139.5441
35.697865 139.69853
35.56407 139.59436
35.658524 139.70132
35.66669 139.75813
35.738274 139.8486
35.55138 139.7884
35.630146 139.74043
35.67739 139.73698
35.55474 139.74023
35.608467 139.6478
35.68972 139.69925
35.690346 139.69978
35.630146 139.74043
35.627983 139.73796
35.674576 139.76146
35.703842 139.59937
35.843185 139.80074
35.68659 139.76591
35.658905 139.70258
35.63368 139.71552
35.63231 139.87917
35.68972 139.69925
35.670677 139.70253
35.660454 139.72945
35.728596 139.71332
35.64004 139.59874
35.737408 139.65475
35.568665 139.5534
35.698597 139.77303
35.69808 139.76599
35.672195 139.48047
35.686005 139.73067
35.693676 139.69585
35.631664 139.64478
35.828426 139.80347
35.712067 139.76523
35.636692 139.5871
35.660294 139.72928
35.69747 139.76152
35.66735 139.80396
35.64004 139.59874
35.710358 139.73125
35.6115 139.62662
35.62645 139.72343
35.66361 139.87271
35.85744 139.64835
35.625935 139.71622
35.607647 139.73474
35.607647 139.73474
35.55138 139.7884
35.67124 139.59236
35.671696 139.72449
35.57491 139.66324
35.655617 139.75674
35.63924 139.74734
35.677013 139.73705
35.691296 139.73547
35.682728 139.77885
35.7032 139.57991
35.683594 139.70224
35.67052 139.77373
35.735085 139.75356
35.710037 139.8107
35.642944 139.73415
35.578033 139.54048
35.681377 139.76608
35.728664 139.56422
35.729866 139.71095
35.69365 139.76543
35.58105 139.64142
35.730366 139.71077
35.687523 139.79219
35.698597 139.77303
35.620815 139.56972
35.655613 139.70369
35.705585 139.7519
35.655617 139.75674
35.65815 139.66125
35.672188 139.76749
35.62481 139.7318
35.66051 139.72922
35.633896 139.5311
35.655617 139.75674
35.636276 139.73322
35.640728 139.69443
35.858738 139.65729
35.626118 139.72365
35.651875 139.72508
35.585537 139.75284
35.733627 139.79916
35.665497 139.75964
35.669376 139.80652
35.65872 139.7309
35.686325 139.78227
35.73023 139.71117
35.762917 139.72768
35.702705 139.56084
35.710083 139.73122
35.70583 139.6658
35.67867 139.74017
35.628418 139.73987
35.679836 139.78006
35.712902 139.7039
35.69167 139.77087
35.630146 139.74043
35.714367 139.76004
35.701244 139.7447
35.732117 139.76671
35.670544 139.71785
35.681377 139.76608
35.735916 139.7512
35.817646 139.66959
35.619698 139.72855
35.683792 139.75931
35.729866 139.71095
35.66361 139.87271
35.733353 139.88202
35.69167 139.77087
35.710384 139.72606
35.6886 139.7107
35.71664 139.66199
35.63331 139.66188
35.73275 139.88167
35.69794 139.70743
35.732944 139.88167
35.643574 139.74557
35.66919 139.75133
35.641968 139.60103
35.75906 139.71387
35.634083 139.7112
35.57573 139.65965
35.860283 139.71614
35.711334 139.78271
35.614628 139.52824
35.73652 139.74986
35.7032 139.57991
35.681377 139.76608
35.72777 139.77097
35.661575 139.73262
35.619698 139.72855
35.727074 139.77145
35.586864 139.70593
35.655468 139.74707
35.588432 139.72792
35.645325 139.6976
35.69958 139.76523
35.65189 139.5444
35.603752 139.5076
35.628807 139.69589
35.70231 139.74503
35.65886 139.69978
35.692368 139.70471
35.66051 139.72922
35.690804 139.70027
35.729347 139.71817
35.736794 139.63777
35.71198 139.72327
35.6314 139.88126
35.645733 139.74757
35.710926 139.5895
35.776566 139.6315
35.690804 139.70027
35.630146 139.74043
35.62906 139.69728
35.671974 139.80595
35.630024 139.74039
35.550476 139.78944
35.858536 139.65878
35.692688 139.70366
35.55138 139.7884
35.619183 139.73131
35.645924 139.82692
35.729084 139.71902
35.689102 139.70006
35.68932 139.70045
35.514996 139.66551
35.609127 139.73009
35.742714 139.84776
35.690998 139.73558
35.660454 139.72945
35.686607 139.68893
35.625294 139.6892
35.659573 139.72859
35.6824 139.77386
35.671577 139.74126
35.607536 139.66884
35.72777 139.77097
35.660095 139.72815
35.671093 139.74696
35.626568 139.7414
35.709713 139.61246
35.63441 139.79161
35.645733 139.74757
35.677517 139.7654
35.745617 139.85493
35.549484 139.79033
35.624165 139.68616
35.686337 139.72957
35.749332 139.8051
35.74599 139.85495
35.657856 139.69786
35.690804 139.70027
35.628628 139.7384
35.71333 139.77623
35.71021 139.72812
35.68596 139.69402
35.656372 139.69934
35.68139 139.77556
35.66096 139.75142
35.62885 139.73799
35.598347 139.79843
35.60993 139.82565
35.667595 139.76215
35.576576 139.57384
35.560028 139.65425
35.54506 139.76903
35.677635 139.76259
35.657787 139.703
35.733078 139.79901
35.742252 139.81056
35.53694 139.63487
35.789692 139.724
35.690804 139.70027
35.655617 139.75674
35.672565 139.48466
35.672195 139.48047
35.84171 139.78806
35.628025 139.73804
35.64615 139.82742
35.690804 139.70027
35.69494 139.78453
35.627537 139.62428
35.832184 139.73595
35.698597 139.77303
35.7565 139.8753
35.568665 139.5534
35.697857 139.77393
35.69808 139.78503
35.697372 139.78513
35.551735 139.7885
35.710144 139.80064
35.701904 139.67575
35.68121 139.76804
35.845436 139.64711
35.729866 139.71095
35.62137 139.74931
35.71347 139.77626
35.681416 139.62941
35.750866 139.8669
35.71301 139.77583
35.55138 139.7884
35.62533 139.72533
35.55207 139.64734
35.705376 139.64986
35.65189 139.5444
35.55243 139.64749
35.71347 139.77626
35.55272 139.64731
35.548985 139.78438
35.82688 139.66014
35.858738 139.65729
35.628025 139.73804
35.572098 139.70288
35.688698 139.69861
35.72568 139.71951
35.59714 139.7446
35.743996 139.81157
35.68157 139.76657
35.690804 139.70027
35.70168 139.69067
35.712902 139.7039
35.845436 139.64711
35.67038 139.74995
35.5532 139.64682
35.658195 139.70203
35.531326 139.6969
35.66051 139.72922
35.607536 139.66884
35.70148 139.70467
35.695965 139.75807
35.658585 139.70096
35.60743 139.68562
35.762074 139.75627
35.845436 139.64711
35.705585 139.7519
35.663315 139.73212
35.71738 139.8067
35.66669 139.75813
35.664864 139.73099
35.66532 139.7314
35.668224 139.60114
35.531536 139.69675
35.67994 139.76822
35.53165 139.69716
35.728104 139.77127
35.709293 139.70331
35.665634 139.73163
35.729027 139.71109
35.716927 139.80408
35.679703 139.63646
35.71679 139.85826
35.791233 139.69139
35.66439 139.73369
35.84768 139.66914
35.728725 139.56425
35.667503 139.47897
35.664032 139.73387
35.65455 139.75674
35.71626 139.74144
35.608795 139.71805
35.730274 139.71138
35.69747 139.68286
35.55138 139.7884
35.728664 139.56422
35.568665 139.5534
35.733456 139.73949
35.690804 139.70027
35.72695 139.74583
35.662876 139.73146
35.63627 139.88344
35.65428 139.66902
35.664547 139.73592
35.719303 139.80365
35.749565 139.8046
35.711487 139.77437
35.727623 139.57713
35.729866 139.71095
35.60743 139.68562
35.713657 139.7771
35.658516 139.77643
35.645733 139.74757
35.711414 139.77718
35.723804 139.64914
35.532753 139.70074
35.66651 139.73863
35.654648 139.6643
35.57491 139.66324
35.694736 139.70009
35.64672 139.7457
35.65498 139.7499
35.752434 139.73813
35.70462 139.61998
35.725784 139.72987
35.65404 139.74733
35.690804 139.70027
35.642998 139.86034
35.68083 139.76808
35.778942 139.60391
35.7308 139.71056
35.655468 139.74707
35.77806 139.72084
35.766624 139.84766
35.599022 139.6112
35.65461 139.7452
35.71347 139.77626
35.807854 139.84503
35.606247 139.73485
35.57668 139.65964
35.57668 139.65947
35.72444 139.79727
35.57667 139.6595
35.57573 139.65965
35.57491 139.66324
35.69777 139.64807
35.71048 139.81331
35.698597 139.77303
35.75136 139.54591
35.660313 139.72957
35.658524 139.70132
35.63627 139.88344
35.692448 139.77168
35.615013 139.71649
35.788223 139.61293
35.57573 139.65965
35.667267 139.73871
35.683353 139.65678
35.775223 139.786
35.630146 139.74043
35.561035 139.67104
35.673744 139.66725
35.61192 139.63881
35.68212 139.80034
35.69807 139.77548
35.628025 139.73804
35.61559 139.57701
35.700584 139.76404
35.681297 139.76703
35.66669 139.75813
35.724953 139.81949
35.615395 139.57709
35.69031 139.84593
35.629257 139.73875
35.680702 139.76866
35.66836 139.6504
35.684025 139.7013
35.70583 139.6658
35.68575 139.69812
35.815655 139.70436
35.677517 139.7654
35.619194 139.7283
35.6746 139.7777
35.814167 139.80132
35.68599 139.76343
35.614944 139.57693
35.67965 139.77997
35.729866 139.71095
35.672867 139.76317
35.690804 139.70027
35.532753 139.70074
35.614365 139.57883
35.657143 139.5981
35.749645 139.80515
35.531326 139.6969
35.668224 139.60114
35.69528 139.69035
35.63053 139.78777
35.61509 139.57925
35.77806 139.72084
35.68217 139.78773
35.673744 139.66725
35.817646 139.66959
35.615208 139.5791
35.732944 139.88167
35.670277 139.67062
35.617832 139.67639
35.61496 139.57906
35.68924 139.70001
35.6905 139.7
35.603752 139.5076
35.630146 139.74043
35.690804 139.70027
35.64496 139.74832
35.690746 139.70064
35.615295 139.57944
35.53846 139.5919
35.78398 139.60944
35.618843 139.78085
35.696907 139.8145
35.665962 139.75684
35.710915 139.79788
35.777225 139.79045
35.63627 139.88344
35.695866 139.75224
35.646553 139.71022
35.64694 139.74736
35.814747 139.58684
35.684177 139.70206
35.815445 139.58719
35.702705 139.56084
35.667503 139.64146
35.729866 139.71095
35.55304 139.64674
35.697464 139.81424
35.762917 139.72768
35.701736 139.52483
35.71867 139.82028
35.70231 139.74503
35.630146 139.74043
35.655617 139.75674
35.62049 139.7044
35.7032 139.57991
35.710762 139.8129
35.56351 139.6789
35.66631 139.75862
35.74954 139.58653
35.60393 139.50775
35.629013 139.68571
35.697926 139.6829
35.56509 139.68127
35.661587 139.66748
35.608532 139.73561
35.590572 139.72977
35.531326 139.6969
35.56259 139.71562
35.668644 139.65048
35.66899 139.67972
35.735714 139.78235
35.655518 139.75673
35.68438 139.70312
35.672318 139.79456
35.630146 139.74043
35.706425 139.84251
35.732117 139.76671
35.690804 139.70027
35.621887 139.75092
35.681377 139.76608
35.729866 139.71095
35.589622 139.72928
35.60743 139.68562
35.681206 139.7683
35.65491 139.7962
35.70357 139.75511
35.67205 139.61354
35.658356 139.47948
35.78407 139.87032
35.738834 139.66277
35.696907 139.8145
35.698154 139.75395
35.70764 139.77473
35.657833 139.70145
35.729027 139.71109
35.712948 139.70403
35.68381 139.7707
35.736515 139.74683
35.814747 139.58684
35.705597 139.66621
35.698597 139.77303
35.681377 139.76608
35.696438 139.81395
35.698677 139.77422
35.698597 139.77303
35.815445 139.58719
35.725525 139.76321
35.749645 139.80515
35.607296 139.66867
35.531326 139.6969
35.575733 139.65965
35.690804 139.70027
35.737873 139.65453
35.684742 139.77444
35.628025 139.73804
35.71048 139.81331
35.690804 139.70027
35.768684 139.6622
35.67255 139.90215
35.630146 139.74043
35.6762 139.69937
35.681377 139.76608
35.57131 139.68562
35.84768 139.66914
35.711414 139.64377
35.78635 139.86922
35.695072 139.70024
35.737244 139.77402
35.67498 139.76321
35.589417 139.66872
35.596626 139.73544
35.598248 139.71857
35.70231 139.74503
35.66879 139.70477
35.708958 139.79657
35.606247 139.73485
35.67988 139.76837
35.688347 139.7629
35.608467 139.6478
35.713696 139.77751
35.669064 139.75993
35.605145 139.74255
35.665115 139.71246
35.630146 139.74043
35.562386 139.71596
35.62741 139.8895
35.627026 139.88905
35.691685 139.70114
35.647015 139.74838
35.711098 139.78261
35.66791 139.7927
35.68972 139.69925
35.616444 139.7274
35.65513 139.76227
35.56082 139.569
35.655216 139.76242
35.70462 139.61998
35.531166 139.69632
35.6455 139.69736
35.673283 139.78331
35.66669 139.75813
35.630024 139.74039
35.690804 139.70027
35.695965 139.75807
35.679413 139.78001
35.801918 139.71759
35.679836 139.78006
35.658524 139.70132
35.674774 139.76878
35.530987 139.69662
35.69336 139.78238
35.732944 139.88167
35.62645 139.72343
35.654995 139.54503
35.67882 139.66568
35.706047 139.66597
35.66696 139.75838
35.71347 139.77626
35.735096 139.71048
35.681377 139.76608
35.678562 139.64528
35.680645 139.76636
35.630146 139.74043
35.58192 139.59547
35.66696 139.75838
35.684177 139.70206
35.688225 139.70131
35.690784 139.70636
35.68958 139.70146
35.640244 139.74593
35.62821 139.73842
35.778942 139.60391
35.62851 139.73833
35.703217 139.58072
35.69643 139.81395
35.655212 139.76244
35.66427 139.78465
35.702705 139.56084
35.628227 139.73871
35.665974 139.75832
35.68018 139.76836
35.702705 139.56084
35.620815 139.56972
35.630146 139.74043
35.677948 139.7792
35.55138 139.7884
35.62882 139.73862
35.680588 139.47177
35.69648 139.81502
35.688873 139.6823
35.696106 139.79253
35.552727 139.696
35.587822 139.56647
35.626045 139.63332
35.68083 139.76808
35.599953 139.6106
35.599834 139.61089
35.588432 139.72792
35.670364 139.7433
35.698128 139.77339
35.745617 139.71957
35.64004 139.59874
35.66225 139.7749
35.645016 139.52689
35.68986 139.77737
35.797127 139.6
35.637856 139.7528
35.79679 139.60036
35.699234 139.7744
35.79711 139.60019
35.68008 139.72023
35.653866 139.7498
35.67382 139.78369
35.696907 139.8145
35.5532 139.64682
35.701736 139.52483
35.673744 139.66725
35.68652 139.76619
35.584877 139.58199
35.69366 139.78535
35.611614 139.62645
35.69138 139.73672
35.610542 139.62587
35.6115 139.62662
35.704323 139.75931
35.670204 139.74982
35.719425 139.6638
35.65843 139.69893
35.593792 139.60565
35.630146 139.74043
35.670063 139.75012
35.65496 139.74365
35.603752 139.5076
35.68659 139.76591
35.757706 139.59071
35.603752 139.5076
35.686325 139.78227
35.705376 139.64986
35.69643 139.81395
35.678772 139.63538
35.67846 139.78137
35.700214 139.774
35.665874 139.89305
35.723366 139.62022
35.690903 139.69626
35.645733 139.74757
35.687084 139.76546
35.698597 139.77303
35.6175 139.77936
35.729866 139.71095
35.660175 139.73029
35.723366 139.62022
35.748306 139.56767
35.547756 139.78514
35.667427 139.76126
35.668224 139.60114
35.7106 139.79791
35.562386 139.71596
35.695896 139.69997
35.695213 139.7939
35.706123 139.6192
35.658905 139.70258
35.545498 139.57452
35.668842 139.62347
35.68083 139.76808
35.63368 139.71552
35.71347 139.77626
35.607536 139.66884
35.700253 139.48026
35.589745 139.66878
35.689857 139.83566
35.587322 139.59134
35.614628 139.52824
35.607494 139.66882
35.68972 139.69925
35.562477 139.71605
35.620785 139.56992
35.562386 139.71596
35.565716 139.65562
35.599022 139.6112
35.736515 139.74683
35.658524 139.70132
35.66836 139.6504
35.607124 139.6224
35.6701 139.70648
35.66534 139.76097
35.68206 139.78603
35.7587 139.6894
35.67459 139.77768
35.60743 139.68562
35.65227 139.72223
35.60743 139.68562
35.681377 139.76608
35.6933 139.69202
35.607094 139.68506
35.669685 139.76726
35.681133 139.76782
35.71386 139.77585
35.702705 139.56084
35.70462 139.61998
35.549618 139.62015
35.709316 139.77298
35.531326 139.6969
35.690346 139.69978
35.647793 139.68007
35.68972 139.69925
35.745888 139.8563
35.67282 139.72403
35.581577 139.74911
35.665436 139.75516
35.628418 139.73987
35.65189 139.5444
35.672485 139.72467
35.729866 139.71095
35.677013 139.73705
35.607086 139.65335
35.599022 139.6112
35.72129 139.75206
35.7032 139.57991
35.695736 139.74919
35.814747 139.58684
35.698597 139.77303
35.62412 139.72897
35.662075 139.73094
35.62741 139.73932
35.815445 139.58719
35.66279 139.75963
35.71347 139.77626
35.71585 139.69514
35.666145 139.64143
35.703056 139.77466
35.630146 139.74043
35.762917 139.72768
35.71637 139.7765
35.582172 139.74872
35.77806 139.72084
35.69643 139.81395
35.531326 139.6969
35.676308 139.78458
35.690517 139.66693
35.690804 139.70027
35.696907 139.8145
35.66361 139.87271
35.68468 139.76605
35.672405 139.73601
35.628967 139.74097
35.710857 139.75293
35.588432 139.72792
35.66464 139.76192
35.6054 139.50659
35.693676 139.69585
35.630146 139.74043
35.660923 139.75146
35.681168 139.71144
35.666443 139.75287
35.706047 139.61809
35.66188 139.70105
35.5532 139.64682
35.65992 139.70383
35.561356 139.57509
35.655518 139.75673
35.531326 139.6969
35.681377 139.76608
35.65491 139.7962
35.71115 139.77356
35.690804 139.70027
35.71202 139.7984
35.69086 139.70485
35.695965 139.75807
35.555813 139.72122
35.6091 139.5163
35.635338 139.71771
35.678875 139.78748
35.531326 139.6969
35.646137 139.82742
35.690804 139.70027
35.630146 139.74043
35.67852 139.74149
35.645733 139.74757
35.689575 139.53127
35.69643 139.81395
35.60704 139.73502
35.698597 139.77303
35.667614 139.63184
35.656403 139.796
35.553345 139.64684
35.60704 139.73502
35.69643 139.81395
35.52745 139.70094
35.70231 139.74503
35.588432 139.72792
35.749645 139.80515
35.700363 139.75043
35.69612 139.79251
35.645733 139.74757
35.74744 139.85716
35.553474 139.5785
35.71696 139.85817
35.68652 139.76619
35.828426 139.80347
35.655575 139.54433
35.55304 139.64674
35.66472 139.76166
35.729897 139.70303
35.700436 139.75043
35.702705 139.56084
35.622944 139.75063
35.698307 139.73396
35.729237 139.71085
35.729866 139.71095
35.67867 139.78706
35.562477 139.71605
35.666157 139.75005
35.69958 139.76523
35.728607 139.71017
35.628227 139.73871
35.707104 139.78127
35.63347 139.66165
35.709442 139.69492
35.545498 139.57452
35.692333 139.77127
35.729866 139.71095
35.673576 139.76024
35.68206 139.78603
35.669876 139.61572
35.562477 139.71605
35.628227 139.73871
35.658745 139.69913
35.544838 139.76805
35.70023 139.73346
35.660595 139.70715
35.659706 139.79143
35.630146 139.74043
35.666435 139.76564
35.61988 139.72838
35.702194 139.75517
35.562923 139.56981
35.672558 139.76324
35.655575 139.54433
35.681377 139.76608
35.738274 139.8486
35.75849 139.62885
35.696472 139.61305
35.69556 139.77588
35.622837 139.74924
35.71679 139.85826
35.55138 139.7884
35.550003 139.78647
35.74978 139.80547
35.650818 139.74742
35.749645 139.80515
35.745895 139.74231
35.648365 139.70338
35.643555 139.68134
35.536766 139.70288
35.701916 139.74498
35.748306 139.56767
35.68972 139.69925
35.690804 139.70027
35.730473 139.7027
35.670677 139.70253
35.66735 139.80396
35.701935 139.58168
35.649956 139.74835
35.629456 139.65836
35.63627 139.88344
35.745888 139.8563
35.688103 139.69345
35.703064 139.58107
35.649 139.74165
35.704395 139.79514
35.532753 139.70074
35.568405 139.55351
35.67498 139.76321
35.737926 139.76103
35.70304 139.57986
35.6091 139.5163
35.564438 139.71645
35.664585 139.85939
35.698257 139.75453
35.5826 139.67325
35.670204 139.74982
35.562923 139.56981
35.532753 139.70074
35.735962 139.6297
35.688602 139.69894
35.645733 139.74757
35.55138 139.7884
35.54107 139.64928
35.65024 139.74709
35.70357 139.75511
35.62851 139.73833
35.703186 139.57991
35.662754 139.7606
35.69025 139.70071
35.631775 139.65897
35.67526 139.6709
35.714367 139.76004
35.672485 139.72467
35.68133 139.7679
35.727074 139.77145
35.7032 139.57991
35.65643 139.54462
35.729286 139.7133
35.686954 139.77313
35.74953 139.69122
35.698597 139.77303
35.71406 139.77408
35.62957 139.77861
35.692856 139.69888
35.686733 139.77293
35.60704 139.73502
35.695896 139.69997
35.564438 139.71645
35.749313 139.80505
35.74801 139.80661
35.561356 139.57509
35.644817 139.7
35.728596 139.71332
35.60979 139.7497
35.72777 139.77097
35.689396 139.8262
35.6403 139.75627
35.70947 139.73347
35.733692 139.74028
35.631664 139.64478
35.749645 139.80515
35.685696 139.74164
35.650482 139.7028
35.667458 139.74518
35.643646 139.74432
35.629868 139.79427
35.531536 139.69675
35.737408 139.65475
35.70728 139.75165
35.645733 139.74757
35.729866 139.71095
35.66021 139.7095
35.619076 139.73056
35.561356 139.57509
35.681686 139.76465
35.84768 139.66914
35.5532 139.64682
35.70583 139.6658
35.77976 139.62537
35.690804 139.70027
35.564323 139.65405
35.560684 139.72372
35.69097 139.73549
35.708725 139.73714
35.677635 139.76259
35.84768 139.66914
35.647594 139.67834
35.65619 139.73383
35.561356 139.57509
35.681377 139.76608
35.5532 139.64682
35.670677 139.70253
35.6905 139.7
35.55088 139.78221
35.662144 139.7328
35.655613 139.70369
35.663315 139.73212
35.665546 139.81665
35.690804 139.70027
35.55366 139.57912
35.73268 139.88167
35.749332 139.8051
35.845436 139.64711
35.634357 139.73662
35.626575 139.72375
35.674015 139.74501
35.697815 139.77377
35.698677 139.77422
35.636276 139.73322
35.69365 139.76543
35.630146 139.74043
35.732944 139.88167
35.709755 139.71866
35.698597 139.77303
35.748707 139.80481
35.68133 139.77086
35.755 139.73743
35.668804 139.72797
35.687153 139.69223
35.708855 139.74806
35.698257 139.75453
35.687523 139.79219
35.635834 139.73135
35.710033 139.7319
35.644314 139.6991
35.66051 139.72922
35.686607 139.68893
35.655575 139.54433
35.711098 139.73132
35.6568 139.5404
35.72777 139.77097
35.672195 139.48047
35.669376 139.80652
35.76133 139.70552
35.66549 139.7611
35.721596 139.70679
35.681377 139.76608
35.72056 139.70634
35.752434 139.73813
35.65449 139.8424
35.607647 139.73474
35.72129 139.77815
35.698597 139.77303
35.712467 139.70784
35.67703 139.73705
35.747574 139.84018
35.644253 139.69905
35.668724 139.83176
35.686356 139.78224
35.683636 139.76155
35.66051 139.72922
35.729866 139.71095
35.704773 139.63538
35.645752 139.71104
35.552574 139.73927
35.643574 139.74557
35.686913 139.76361
35.68334 139.76056
35.845436 139.64711
35.68536 139.77429
35.67487 139.6051
35.659485 139.70021
35.623257 139.57109
35.585255 139.72647
35.698597 139.77303
35.66754 139.75732
35.72114 139.70578
35.55138 139.7884
35.705376 139.64986
35.698597 139.77303
35.698494 139.7725
35.698597 139.77303
35.69981 139.77182
35.666443 139.75287
35.57668 139.65947
35.580532 139.69783
35.62481 139.7318
35.63227 139.73071
35.54873 139.75403
35.659485 139.70021
35.702705 139.56084
35.630146 139.74043
35.692368 139.70471
35.647396 139.69537
35.66735 139.80396
35.72935 139.71817
35.637646 139.69115
35.619698 139.72855
35.627525 139.7788
35.588432 139.72792
35.690804 139.70027
35.846107 139.64796
35.693905 139.8371
35.695374 139.78001
35.686337 139.72957
35.68958 139.70146
35.64048 139.74062
35.66959 139.8176
35.647015 139.74838
35.698677 139.77422
35.690998 139.73558
35.692368 139.70471
35.690804 139.70027
35.562515 139.71698
35.630386 139.7291
35.707104 139.78127
35.698597 139.77303
35.65886 139.69978
35.729866 139.71095
35.708538 139.74881
35.671974 139.74118
35.684032 139.75856
35.736515 139.74683
35.630096 139.5506
35.749313 139.80505
35.670742 139.74765
35.695488 139.77281
35.57247 139.70407
35.658195 139.70203
35.630146 139.74043
35.619698 139.72855
35.564323 139.65405
35.628723 139.73978
35.658344 139.71252
35.555096 139.75333
35.729866 139.71095
35.68276 139.75565
35.671974 139.74118
35.728664 139.56422
35.65851 139.70132
35.656372 139.69934
35.62568 139.71341
35.648365 139.70338
35.644302 139.69916
35.845436 139.64711
35.69309 139.76543
35.599022 139.6112
35.679836 139.78006
35.708958 139.79657
35.677643 139.7801
35.59974 139.61023
35.736168 139.78821
35.70231 139.74503
35.705376 139.64986
35.749645 139.80515
35.72777 139.77097
35.632946 139.79327
35.645733 139.74757
35.681377 139.76608
35.670204 139.74982
35.700947 139.6357
35.600086 139.61177
35.693092 139.6932
35.669468 139.81882
35.620426 139.70448
35.697163 139.63695
35.628227 139.73871
35.690804 139.70027
35.628647 139.73851
35.68008 139.72023
35.72777 139.77097
35.732277 139.71979
35.74844 139.70271
35.654488 139.75708
35.73634 139.73386
35.69794 139.70743
35.62885 139.73799
35.670704 139.69664
35.698597 139.77303
35.75934 139.53497
35.628937 139.7375
35.73023 139.71117
35.700363 139.75043
35.647694 139.7446
35.628647 139.73851
35.690594 139.69257
35.678738 139.74037
35.681377 139.76608
35.729866 139.71095
35.6824 139.77386
35.690815 139.70274
35.736275 139.63843
35.83686 139.63742
35.67867 139.74017
35.644302 139.69916
35.670544 139.71785
35.69747 139.68286
35.66669 139.75813
35.533764 139.72946
35.702194 139.75517
35.658524 139.70132
35.729866 139.71095
35.702255 139.75229
35.620785 139.56992
35.82409 139.61897
35.669685 139.76726
35.658524 139.70132
35.711304 139.77774
35.736794 139.63777
35.664707 139.7395
35.729866 139.71095
35.702705 139.56084
35.672874 139.72414
35.702717 139.56166
35.620815 139.56972
35.749313 139.80505
35.702194 139.75517
35.71347 139.77626
35.702194 139.75517
35.64178 139.49017
35.51973 139.6324
35.705585 139.7519
35.665634 139.73163
35.62104 139.56946
35.684788 139.76602
35.624977 139.73079
35.690804 139.70027
35.703205 139.75456
35.671803 139.76147
35.749313 139.80505
35.68304 139.70216
35.729485 139.71086
35.681133 139.76686
35.645424 139.74747
35.729866 139.71095
35.69958 139.76523
35.73023 139.71117
35.66669 139.75813
35.629276 139.73639
35.617886 139.66785
35.686237 139.76573
35.789692 139.724
35.708496 139.75284
35.814503 139.58635
35.65526 139.70079
35.814747 139.58684
35.690804 139.70027
35.695488 139.77281
35.683266 139.77193
35.617188 139.56456
35.532753 139.70074
35.646877 139.70995
35.692852 139.69301
35.729866 139.71095
35.58824 139.72739
35.693604 139.69818
35.647694 139.7446
35.678585 139.75366
35.698597 139.77303
35.668827 139.83066
35.762917 139.72768
35.6444 139.86159
35.59919 139.61104
35.69974 139.63535
35.657627 139.7538
35.588432 139.72792
35.657726 139.70015
35.663036 139.76129
35.830494 139.56238
35.690063 139.69456
35.67426 139.76205
35.690804 139.70027
35.69309 139.76543
35.685257 139.70947
35.679836 139.78006
35.701622 139.75314
35.693344 139.69292
35.69777 139.64807
35.690804 139.70027
35.712902 139.7039
35.671703 139.74149
35.692394 139.72287
35.658524 139.70132
35.5305 139.69832
35.72973 139.71484
35.588367 139.72891
35.651367 139.63664
35.709713 139.61246
35.77806 139.72084
35.668777 139.74109
35.70836 139.6149
35.710857 139.75293
35.662876 139.73146
35.690804 139.70027
35.68924 139.70001
35.66629 139.47705
35.661705 139.72964
35.531326 139.6969
35.690693 139.70042
35.66669 139.75813
35.665634 139.73163
35.801918 139.71759
35.749645 139.80515
35.690804 139.70027
35.65107 139.90633
35.68815 139.70023
35.52972 139.62764
35.55138 139.7884
35.684746 139.76341
35.616047 139.55331
35.688915 139.819
35.742496 139.78119
35.620518 139.75082
35.675022 139.71014
35.814747 139.58684
35.70231 139.74503
35.719807 139.4753
35.702705 139.56084
35.69309 139.76543
35.815445 139.58719
35.71035 139.80904
35.77168 139.73361
35.68972 139.69925
35.658733 139.70163
35.729027 139.71109
35.698597 139.77303
35.573906 139.66585
35.658234 139.70854
35.652466 139.74477
35.699883 139.77242
35.694798 139.69888
35.72935 139.71817
35.65266 139.74416
35.84768 139.66914
35.719715 139.73662
35.84756 139.66937
35.548725 139.79248
35.74801 139.80661
35.72777 139.77097
35.729866 139.71095
35.681377 139.76608
35.711357 139.76006
35.6207 139.56935
35.64807 139.74481
35.75859 139.78929
35.729866 139.71095
35.53694 139.63487
35.6877 139.76447
35.65151 139.68738
35.659554 139.54306
35.66434 139.76224
35.712902 139.7039
35.62851 139.73833
35.660366 139.72897
35.630024 139.74039
35.68599 139.78244
35.673615 139.74135
35.564323 139.65405
35.7032 139.57991
35.70116 139.69717
35.690804 139.70027
35.665787 139.73096
35.65797 139.57503
35.57958 139.57301
35.698597 139.77303
35.686 139.78134
35.69167 139.77087
35.62089 139.56943
35.621395 139.77316
35.70231 139.74503
35.729866 139.71095
35.737926 139.76103
35.718163 139.70267
35.628227 139.73871
35.68375 139.7456
35.738987 139.76173
35.633163 139.71587
35.69749 139.64864
35.739002 139.76184
35.681377 139.76608
35.700363 139.75043
35.55138 139.7884
35.690804 139.70027
35.631733 139.79764
35.655617 139.75674
35.69631 139.74142
35.69985 139.76378
35.679836 139.78006
35.69397 139.70496
35.6958 139.70195
35.64506 139.88751
35.666527 139.75504
35.700638 139.75667
35.626484 139.6314
35.627537 139.62428
35.661587 139.66748
35.54506 139.76903
35.671577 139.74126
35.689743 139.75789
35.690804 139.70027
35.66845 139.65038
35.69906 139.75285
35.712902 139.7039
35.690746 139.70064
35.65584 139.69461
35.64191 139.7484
35.64615 139.82742
35.64694 139.74867
35.65262 139.7496
35.832184 139.73595
35.786697 139.70618
35.83084 139.73598
35.77806 139.72084
35.550594 139.78412
35.672565 139.48466
35.55138 139.7884
35.67498 139.76321
35.690804 139.70027
35.74954 139.58653
35.836376 139.79497
35.697914 139.78693
35.75933 139.80276
35.628178 139.73788
35.752434 139.73813
35.653347 139.54272
35.689785 139.68431
35.727623 139.57713
35.629013 139.7396
35.551735 139.7885
35.628067 139.73778
35.550377 139.78189
35.630146 139.74043
35.619698 139.72855
35.75283 139.73819
35.634617 139.60397
35.828426 139.80347
35.688004 139.69899
35.719677 139.65352
35.691566 139.69997
35.607536 139.66884
35.644615 139.50247
35.6862 139.77603
35.63627 139.88344
35.697952 139.768
35.682888 139.56732
35.75626 139.69458
35.677635 139.76259
35.674477 139.62021
35.66549 139.85883
35.679657 139.7809
35.75009 139.76497
35.55003 139.63368
35.722248 139.48004
35.658524 139.70132
35.6886 139.7107
35.632248 139.788
35.702843 139.56161
35.658195 139.70203
35.620518 139.75082
35.658524 139.70132
35.70947 139.73347
35.658184 139.7029
35.8592 139.65717
35.712955 139.7037
35.7135 139.77628
35.7023 139.56091
35.702705 139.56084
35.60743 139.68562
35.712902 139.7039
35.561035 139.67104
35.54896 139.78418
35.62137 139.74931
35.690693 139.71149
35.658524 139.70132
35.71041 139.72879
35.658577 139.71078
35.729027 139.71109
35.730274 139.71138
35.690804 139.70027
35.71021 139.72812
35.713657 139.7771
35.68124 139.73477
35.550476 139.78944
35.70252 139.57678
35.646553 139.71022
35.809826 139.8424
35.70231 139.74503
35.7565 139.8753
35.70575 139.7871
35.63347 139.66165
35.665787 139.73096
35.621223 139.63087
35.62851 139.73833
35.6886 139.7107
35.7231 139.58173
35.68085 139.76643
35.660435 139.6731
35.74113 139.71666
35.67697 139.78595
35.656055 139.70456
35.6814 139.76743
35.69123 139.73303
35.65606 139.70432
35.65972 139.72348
35.82688 139.66014
35.68444 139.73715
35.72695 139.74583
35.794502 139.79079
35.66669 139.75813
35.701904 139.67575
35.59714 139.7446
35.690804 139.70027
35.70216 139.67348
35.642265 139.60867
35.603752 139.5076
35.690804 139.70027
35.616318 139.56398
35.66361 139.87271
35.66051 139.72922
35.658195 139.70203
35.762074 139.75627
35.8457 139.64722
35.750866 139.8669
35.70704 139.78217
35.62636 139.63095
35.645733 139.74757
35.665146 139.75688
35.61264 139.7192
35.658585 139.70096
35.668827 139.83066
35.778984 139.724
35.688698 139.69861
35.710384 139.72606
35.745888 139.8563
35.662144 139.7328
35.791233 139.69139
35.572098 139.70288
35.64672 139.7457
35.66439 139.73369
35.604267 139.6
35.662876 139.73146
35.667503 139.47897
35.664032 139.73387
35.63627 139.88344
35.603752 139.5076
35.67133 139.4794
35.65991 139.75398
35.723324 139.61981
35.669376 139.80652
35.71048 139.81331
35.608795 139.71805
35.70583 139.6658
35.607105 139.73479
35.726574 139.51321
35.68895 139.65503
35.713657 139.7771
35.711414 139.77718
35.672867 139.76317
35.64004 139.59874
35.665874 139.89305
35.69552 139.76704
35.673203 139.76047
35.723877 139.62473
35.681377 139.76608
35.688976 139.65512
35.673046 139.75992
35.664547 139.73592
35.69605 139.75124
35.743996 139.81157
35.689396 139.8262
35.71679 139.85826
35.681587 139.76862
35.6653 139.73672
35.7135 139.77628
35.553085 139.64842
35.568665 139.5534
35.728664 139.56422
35.56227 139.71584
35.561035 139.67104
35.65469 139.75438
35.54525 139.7697
35.814167 139.80132
35.65943 139.70056
35.690804 139.70027
35.653522 139.75255
35.665787 139.73096
35.66651 139.73863
35.683353 139.65678
35.725525 139.6248
35.712902 139.7039
35.646553 139.71022
35.727623 139.57713
35.760235 139.72221
35.65945 139.72849
35.713642 139.70317
35.71184 139.71892
35.57668 139.65947
35.57667 139.6595
35.683495 139.7437
35.652615 139.74953
35.57668 139.65964
35.65688 139.75433
35.57573 139.65965
35.694736 139.70009
35.619194 139.7283
35.66163 139.66655
35.69777 139.64807
35.603752 139.5076
35.603752 139.5076
35.77806 139.72084
35.528732 139.69952
35.706825 139.76022
35.684177 139.70206
35.777225 139.79045
35.79465 139.51378
35.667267 139.73871
35.732616 139.76799
35.807854 139.84503
35.690804 139.70027
35.696472 139.61305
35.63627 139.88344
35.61192 139.63881
35.732117 139.76671
35.531326 139.6969
35.531555 139.69714
35.53165 139.69716
35.706425 139.84251
35.690346 139.69978
35.7135 139.77628
35.68083 139.76808
35.630146 139.74043
35.61559 139.57701
35.619194 139.7283
35.615395 139.57709
35.69265 139.69481
35.690804 139.70027
35.753494 139.87022
35.628178 139.73788
35.561035 139.67104
35.731518 139.71336
35.658745 139.69913
35.70087 139.69722
35.57491 139.66324
35.554386 139.57903
35.729866 139.71095
35.57573 139.65965
35.706238 139.6452
35.70619 139.64697
35.706055 139.64822
35.667656 139.77234
35.752457 139.87038
35.736515 139.74683
35.532753 139.70074
35.76873 139.66187
35.71115 139.77356
35.698597 139.77303
35.55207 139.64734
35.798077 139.77174
35.60743 139.68562
35.614365 139.57883
35.577084 139.65881
35.70663 139.71909
35.65851 139.70132
35.55272 139.64731
35.658516 139.70134
35.732944 139.88167
35.690804 139.70027
35.61509 139.57925
35.532753 139.70074
35.69807 139.77548
35.615208 139.5791
35.688225 139.70131
35.751408 139.54536
35.642998 139.86034
35.657085 139.6598
35.53846 139.5919
35.668724 139.83176
35.658516 139.77643
35.710903 139.77373
35.636105 139.88339
35.6905 139.7
35.607105 139.73479
35.669273 139.83762
35.690804 139.70027
35.681282 139.76607
35.690346 139.69978
35.702705 139.56084
35.670277 139.67062
35.762917 139.72768
35.690746 139.70064
35.615295 139.57944
35.671726 139.83698
35.815445 139.58719
35.60995 139.71196
35.65815 139.66125
35.69958 139.76523
35.67069 139.83418
35.662647 139.70918
35.71014 139.8134
35.724518 139.76292
35.565147 139.68066
35.749565 139.8046
35.710762 139.8129
35.698494 139.77219
35.749645 139.80515
35.57131 139.68562
35.670296 139.73842
35.750866 139.8669
35.678944 139.526
35.712948 139.70403
35.697002 139.6827
35.697926 139.6829
35.599022 139.6112
35.701736 139.52483
35.645733 139.74757
35.67058 139.60895
35.64694 139.74736
35.690804 139.70027
35.749645 139.80515
35.677517 139.7654
35.68748 139.67728
35.711414 139.64377
35.664318 139.76228
35.621887 139.75092
35.815655 139.70436
35.69643 139.81395
35.69958 139.76523
35.57491 139.66324
35.702194 139.54482
35.70858 139.80463
35.690804 139.70027
35.586864 139.70593
35.632812 139.88031
35.608532 139.73561
35.717964 139.81673
35.77806 139.72084
35.62049 139.7044
35.55863 139.55151
35.7032 139.57991
35.68083 139.76808
35.748306 139.56767
35.55454 139.7297
35.55884 139.5514
35.658997 139.73193
35.560684 139.72372
35.660137 139.72997
35.69367 139.70097
35.66631 139.75862
35.531265 139.6949
35.677517 139.7654
35.68972 139.69925
35.72203 139.7051
35.618725 139.72801
35.68373 139.76851
35.60743 139.68562
35.69528 139.69035
35.74954 139.58653
35.67882 139.66568
35.791878 139.64587
35.65592 139.65361
35.768753 139.70227
35.6762 139.69937
35.690804 139.70027
35.7141 139.77689
35.62645 139.72343
35.700253 139.48026
35.738834 139.66277
35.690804 139.70027
35.698154 139.75395
35.55243 139.64749
35.562477 139.71605
35.538128 139.7931
35.691315 139.73915
35.71035 139.80904
35.60713 139.7342
35.66669 139.75813
35.552353 139.61317
35.815445 139.58719
35.56227 139.71584
35.817646 139.66959
35.708958 139.79657
35.632812 139.88031
35.651367 139.63664
35.6801 139.7678
35.69808 139.76599
35.690804 139.70027
35.690804 139.70027
35.729633 139.70943
35.668224 139.60114
35.714252 139.777
35.599953 139.6106
35.63665 139.74225
35.56082 139.569
35.684742 139.77444
35.701088 139.74321
35.630146 139.74043
35.737873 139.65453
35.691517 139.6984
35.688915 139.81557
35.62851 139.73833
35.689022 139.8157
35.630024 139.74039
35.71048 139.81331
35.630146 139.74043
35.84524 139.67471
35.532753 139.70074
35.67255 139.90215
35.709694 139.73132
35.71048 139.81331
35.71068 139.81444
35.757717 139.58931
35.66047 139.72928
35.54896 139.78418
35.531868 139.7002
35.69167 139.77087
35.645733 139.74757
35.658596 139.69954
35.671932 139.75955
35.577423 139.55844
35.69808 139.76599
35.608467 139.6478
35.729866 139.71095
35.530987 139.69662
35.57572 139.65965
35.732944 139.88167
35.630146 139.74043
35.807854 139.84503
35.626537 139.72334
35.646137 139.82742
35.698597 139.77303
35.6455 139.69736
35.698338 139.77304
35.788223 139.61293
35.620815 139.56972
35.778942 139.60391
35.64004 139.59874
35.572098 139.70288
35.65189 139.5444
35.645733 139.74757
35.665115 139.71246
35.737244 139.77402
35.56227 139.71584
35.729866 139.71095
35.531326 139.6969
35.66427 139.78465
35.846527 139.66934
35.848515 139.66885
35.67435 139.76704
35.84768 139.66914
35.62821 139.73842
35.63548 139.87952
35.531536 139.69675
35.65189 139.5444
35.692204 139.76451
35.53638 139.7035
35.62851 139.73833
35.70829 139.76941
35.63788 139.70439
35.538044 139.70645
35.620815 139.56972
35.53655 139.70413
35.69336 139.78238
35.703938 139.73422
35.628227 139.73871
35.605145 139.74255
35.690804 139.70027
35.65227 139.72223
35.699444 139.76181
35.630146 139.74043
35.630146 139.74043
35.658875 139.72728
35.69958 139.76523
35.690804 139.70027
35.579075 139.735
35.690346 139.69978
35.55138 139.67172
35.703007 139.77167
35.62882 139.73862
35.6175 139.77936
35.6549 139.74524
35.713696 139.77751
35.690804 139.70027
35.72777 139.77097
35.680645 139.76636
35.641567 139.71533
35.703842 139.59937
35.675053 139.76332
35.706047 139.66597
35.67123 139.76501
35.605145 139.74255
35.6824 139.77386
35.62568 139.71341
35.60979 139.7497
35.553474 139.5785
35.70615 139.52599
35.700253 139.48026
35.628227 139.73871
35.801918 139.71759
35.630146 139.74043
35.644314 139.6991
35.66669 139.75813
35.729866 139.71095
35.69162 139.76352
35.531326 139.6969
35.66783 139.89102
35.617565 139.77722
35.696915 139.77547
35.66225 139.7749
35.64004 139.59874
35.698597 139.77303
35.686005 139.88293
35.65496 139.74365
35.54896 139.78418
35.58192 139.59547
35.729866 139.71095
35.645924 139.82692
35.625404 139.74205
35.531326 139.6969
35.699234 139.7744
35.658524 139.70132
35.702194 139.54482
35.626568 139.7414
35.68599 139.76343
35.64694 139.74736
35.729866 139.71095
35.719425 139.6638
35.645733 139.74757
35.69086 139.70485
35.746784 139.75464
35.55138 139.7884
35.702705 139.56084
35.619698 139.72855
35.655617 139.75674
35.729866 139.71095
35.627907 139.74077
35.628178 139.73788
35.686325 139.78227
35.6824 139.77386
35.619698 139.72855
35.55177 139.78755
35.618374 139.72757
35.65189 139.5444
35.611065 139.62582
35.665874 139.89305
35.611614 139.62645
35.696106 139.79253
35.69138 139.73672
35.628178 139.73788
35.656265 139.75858
35.682533 139.7737
35.64004 139.59874
35.69643 139.81395
35.65843 139.69893
35.697926 139.6829
35.68376 139.76859
35.687084 139.76546
35.702705 139.56084
35.677742 139.7668
35.64004 139.59874
35.645733 139.74757
35.587715 139.56621
35.711414 139.77718
35.53108 139.69699
35.697586 139.82608
35.599022 139.6112
35.72615 139.51323
35.703842 139.59937
35.68972 139.69925
35.66631 139.75862
35.762096 139.82492
35.6387 139.74004
35.68251 139.76492
35.70185 139.7624
35.748306 139.56767
35.620358 139.72896
35.692715 139.77858
35.64358 139.73602
35.658905 139.70258
35.64615 139.82742
35.745434 139.71965
35.749332 139.8051
35.686417 139.74405
35.68171 139.76772
35.665146 139.75688
35.584877 139.58199
35.66669 139.75813
35.562477 139.71605
35.55334 139.78722
35.67231 139.75407
35.72228 139.70532
35.647522 139.74843
35.56227 139.71584
35.668224 139.60114
35.54896 139.78418
35.679085 139.77995
35.62568 139.71341
35.550594 139.78412
35.729027 139.71109
35.70231 139.74503
35.59119 139.55368
35.77806 139.72084
35.66318 139.63564
35.570354 139.68005
35.766956 139.82068
35.738274 139.8486
35.7587 139.6894
35.71585 139.69514
35.659485 139.70021
35.66836 139.6504
35.655598 139.7961
35.589745 139.66878
35.66879 139.70477
35.562923 139.56981
35.677162 139.721
35.70031 139.75618
35.690804 139.70027
35.690804 139.70027
35.736515 139.74683
35.72841 139.71104
35.645924 139.82692
35.7444 139.81128
35.593792 139.60565
35.729866 139.71095
35.65455 139.75674
35.681248 139.76749
35.695896 139.69997
35.702206 139.58035
35.588432 139.72792
35.69747 139.68286
35.643566 139.67065
35.674576 139.76146
35.697712 139.82732
35.763786 139.72733
35.630024 139.74039
35.690804 139.70027
35.688866 139.70242
35.682987 139.7383
35.658745 139.69913
35.658195 139.70203
35.747574 139.84018
35.822815 139.5749
35.690804 139.70027
35.689976 139.69824
35.701344 139.50644
35.560684 139.72372
35.7032 139.57991
35.729237 139.71085
35.70402 139.60027
35.644398 139.67061
35.715984 139.71266
35.731842 139.72806
35.690804 139.70027
35.69213 139.78276
35.690243 139.6968
35.665623 139.75359
35.730354 139.71056
35.630146 139.74043
35.643513 139.67116
35.5532 139.64682
35.768482 139.87047
35.70062 139.5067
35.646877 139.70995
35.56227 139.71584
35.73007 139.71114
35.66464 139.76192
35.562477 139.71605
35.685596 139.77338
35.561356 139.57509
35.659706 139.79143
35.564438 139.71645
35.690346 139.69978
35.698677 139.77422
35.791233 139.69139
35.729866 139.71095
35.700073 139.77249
35.729866 139.71095
35.7135 139.77628
35.628227 139.73871
35.74744 139.85716
35.67737 139.75175
35.564026 139.58044
35.666298 139.75269
35.729866 139.71095
35.658524 139.70132
35.698677 139.77422
35.698494 139.7725
35.685635 139.77502
35.552574 139.73927
35.709442 139.69492
35.723476 139.62003
35.545498 139.57452
35.62412 139.72897
35.723324 139.61981
35.703056 139.77466
35.668842 139.62347
35.6035 139.61752
35.61501 139.54222
35.63106 139.60149
35.531326 139.6969
35.74113 139.71666
35.68022 139.76833
35.729233 139.90709
35.568665 139.5534
35.75601 139.59764
35.672558 139.76324
35.738186 139.76033
35.549618 139.62015
35.659424 139.74129
35.69133 139.69708
35.698597 139.77303
35.74113 139.71666
35.530804 139.69978
35.765675 139.60658
35.766125 139.80922
35.676308 139.78458
35.527447 139.70128
35.66629 139.47705
35.611603 139.62634
35.672485 139.72467
35.630146 139.74043
35.70623 139.68584
35.619698 139.72855
35.5532 139.64682
35.660923 139.75146
35.749645 139.80515
35.749645 139.80515
35.682728 139.77885
35.665314 139.75154
35.65636 139.78154
35.628178 139.73788
35.804066 139.79689
35.681133 139.76782
35.68321 139.76889
35.630146 139.74043
35.655613 139.70369
35.697815 139.77377
35.7135 139.77628
35.55138 139.7884
35.564323 139.65405
35.66361 139.87271
35.619698 139.72855
35.7403 139.70969
35.727074 139.77145
35.695965 139.75807
35.668644 139.65048
35.669907 139.68143
35.56227 139.71584
35.6054 139.50659
35.684803 139.76949
35.54896 139.78418
35.730354 139.71056
35.666157 139.75005
35.707478 139.75952
35.545498 139.57452
35.690804 139.70027
35.84768 139.66914
35.82802 139.69052
35.69229 139.68962
35.531326 139.6969
35.63292 139.73352
35.681377 139.76608
35.646084 139.82729
35.68815 139.70023
35.66472 139.76166
35.7106 139.79791
35.701378 139.78142
35.71696 139.85817
35.562477 139.71605
35.729897 139.74742
35.70186 139.75233
35.620815 139.56972
35.630146 139.74043
35.566597 139.73633
35.628857 139.68527
35.70357 139.75511
35.668167 139.83228
35.706425 139.84251
35.74978 139.80547
35.54344 139.57356
35.70231 139.74503
35.749565 139.8046
35.73124 139.70622
35.6701 139.70648
35.607086 139.65335
35.69877 139.76137
35.697586 139.82608
35.690804 139.70027
35.628227 139.73871
35.69958 139.76523
35.613277 139.5497
35.66669 139.75813
35.662273 139.75816
35.63347 139.66165
35.729237 139.71085
35.762203 139.82494
35.698597 139.77303
35.729866 139.71095
35.633045 139.66107
35.702194 139.75517
35.655575 139.54433
35.687042 139.69887
35.70886 139.796
35.630146 139.74043
35.703205 139.79095
35.642273 139.7869
35.636105 139.88339
35.690804 139.70027
35.69556 139.77588
35.71679 139.85826
35.60979 139.7497
35.68008 139.72023
35.658745 139.69913
35.617188 139.56456
35.655617 139.75674
35.749332 139.8051
35.648365 139.70338
35.75859 139.78929
35.645733 139.74757
35.707104 139.78127
35.644524 139.67015
35.553474 139.5785
35.679836 139.78006
35.607105 139.73479
35.709713 139.61246
35.673096 139.75995
35.690804 139.70027
35.66279 139.75963
35.69975 139.76552
35.704395 139.79514
35.695503 139.75171
35.630146 139.74043
35.730907 139.709
35.673283 139.78331
35.730473 139.7027
35.767803 139.84856
35.683495 139.7437
35.56407 139.59436
35.670677 139.70253
35.749645 139.80515
35.65643 139.54462
35.683594 139.70224
35.691296 139.73547
35.663242 139.63567
35.562923 139.56981
35.701935 139.58168
35.703342 139.58089
35.666615 139.75818
35.734035 139.86699
35.66669 139.75813
35.814747 139.58684
35.776566 139.6315
35.732117 139.76671
35.681377 139.76608
35.815445 139.58719
35.695896 139.69997
35.658524 139.70132
35.70304 139.57986
35.708237 139.7699
35.629456 139.65836
35.843185 139.80074
35.728596 139.71332
35.65886 139.69978
35.62104 139.56946
35.68287 139.68723
35.628647 139.73851
35.74801 139.80661
35.698597 139.77303
35.714252 139.76184
35.561142 139.71815
35.68972 139.69925
35.68599 139.76343
35.692856 139.69888
35.650482 139.7028
35.655613 139.70369
35.627106 139.77945
35.678078 139.56776
35.627525 139.7788
35.681377 139.76608
35.5532 139.64682
35.627983 139.77917
35.610844 139.55371
35.671562 139.7247
35.629322 139.77908
35.616047 139.55331
35.729866 139.71095
35.686592 139.69893
35.688602 139.69894
35.646877 139.70995
35.75849 139.62885
35.682014 139.76584
35.67988 139.76837
35.731842 139.72806
35.562923 139.56981
35.75849 139.62885
35.67846 139.78137
35.619698 139.72855
35.59863 139.65187
35.70583 139.6658
35.687523 139.79219
35.729866 139.71095
35.828426 139.80347
35.645733 139.74757
35.710033 139.7319
35.57668 139.65947
35.6403 139.75627
35.629276 139.73639
35.561356 139.57509
35.67487 139.67111
35.686913 139.76361
35.77806 139.72084
35.733456 139.73949
35.797108 139.6017
35.67113 139.74776
35.622944 139.75063
35.636276 139.73322
35.65526 139.70079
35.630146 139.74043
35.628178 139.73788
35.60261 139.61945
35.687523 139.79219
35.5532 139.64682
35.60979 139.7497
35.635834 139.73135
35.708958 139.79657
35.72777 139.77097
35.63368 139.71552
35.630634 139.87994
35.575733 139.65965
35.704742 139.63554
35.686356 139.78224
35.55481 139.74033
35.71406 139.77408
35.628227 139.73871
35.67867 139.74017
35.72056 139.70634
35.669376 139.80652
35.736275 139.63843
35.64004 139.59874
35.628735 139.78438
35.630146 139.74043
35.703938 139.73422
35.608334 139.561
35.690357 139.68597
35.689575 139.53127
35.729866 139.71095
35.658596 139.69954
35.69365 139.76543
35.7135 139.77628
35.655617 139.75674
35.658195 139.70203
35.736794 139.63777
35.74801 139.80661
35.68536 139.77429
35.619698 139.72855
35.63227 139.73071
35.683327 139.77386
35.555096 139.75333
35.658672 139.81738
35.59974 139.61023
35.67479 139.60542
35.63016 139.8788
35.599022 139.6112
35.57573 139.65965
35.66735 139.80396
35.665775 139.75827
35.72935 139.71817
35.729866 139.71095
35.729866 139.71095
35.619698 139.72855
35.656406 139.79526
35.737816 139.65356
35.762917 139.72768
35.588432 139.72792
35.72056 139.70634
35.630386 139.7291
35.72114 139.70578
35.679558 139.7627
35.708958 139.79657
35.645924 139.82692
35.655617 139.75674
35.7198 139.70416
35.707985 139.75266
35.729866 139.71095
35.683792 139.75931
35.71637 139.7765
35.709946 139.69342
35.63627 139.88344
35.54506 139.76903
35.712902 139.7039
35.694424 139.74307
35.667156 139.73997
35.645733 139.74757
35.70231 139.74503
35.70843 139.61414
35.692368 139.70471
35.70031 139.75618
35.68973 139.68419
35.632812 139.88031
35.658524 139.70132
35.71696 139.74014
35.62436 139.88803
35.69296 139.73639
35.667458 139.74518
35.619076 139.73056
35.67498 139.76321
35.712902 139.7039
35.788223 139.61293
35.66051 139.72922
35.69556 139.77588
35.817177 139.66978
35.68932 139.70045
35.632874 139.87895
35.71373 139.77722
35.690804 139.70027
35.67264 139.69055
35.68276 139.75565
35.62521 139.77562
35.654865 139.79626
35.690865 139.70486
35.70835 139.71976
35.700363 139.75043
35.603752 139.5076
35.672195 139.48047
35.628647 139.73851
35.55138 139.7884
35.643486 139.74646
35.6444 139.86159
35.670544 139.71785
35.690804 139.70027
35.62885 139.73799
35.72777 139.77097
35.712955 139.7037
35.733353 139.88202
35.725525 139.76321
35.62662 139.77711
35.698597 139.77303
35.628937 139.7375
35.644253 139.69905
35.622284 139.7369
35.59974 139.61023
35.690804 139.70027
35.7135 139.77628
35.630146 139.74043
35.672325 139.73654
35.643574 139.74557
35.729027 139.71109
35.75906 139.7136
35.6877 139.76447
35.644314 139.6991
35.657856 139.69786
35.71167 139.77565
35.679836 139.78006
35.679836 139.78006
35.73479 139.75394
35.678825 139.76315
35.718887 139.77646
35.67458 139.71713
35.70611 139.70847
35.681377 139.76608
35.72777 139.77097
35.681206 139.68636
35.702705 139.56084
35.620815 139.56972
35.627525 139.7788
35.702717 139.56166
35.607105 139.73479
35.645733 139.74757
35.62645 139.72343
35.70789 139.77432
35.690998 139.73558
35.658524 139.70132
35.729866 139.71095
35.652874 139.60133
35.710335 139.77664
35.698597 139.77303
35.637646 139.69115
35.658745 139.69913
35.662872 139.7603
35.646877 139.70995
35.678585 139.75366
35.736496 139.75177
35.655518 139.75673
35.689785 139.68431
35.69167 139.77087
35.753853 139.73836
35.677017 139.73705
35.634285 139.71567
35.70231 139.74503
35.658524 139.70132
35.6191 139.66785
35.624657 139.73187
35.657726 139.70015
35.561916 139.71477
35.64879 139.63623
35.692368 139.70471
35.62638 139.72453
35.729866 139.71095
35.73023 139.71117
35.69777 139.64807
35.55138 139.7884
35.817646 139.66959
35.830494 139.56238
35.698597 139.77303
35.690784 139.70636
35.6078 139.55772
35.84768 139.66914
35.67758 139.59148
35.60235 139.50984
35.662876 139.73146
35.6091 139.5163
35.73745 139.74922
35.665054 139.71246
35.681133 139.76782
35.678345 139.7401
35.661705 139.72964
35.54506 139.76903
35.653244 139.54398
35.699017 139.77463
35.68304 139.70216
35.681004 139.76384
35.663006 139.74504
35.77168 139.73361
35.658524 139.70132
35.67852 139.74428
35.689133 139.70001
35.67473 139.75961
35.705585 139.7519
35.534782 139.69954
35.68375 139.7456
35.703205 139.75456
35.634285 139.71567
35.6424 139.71368
35.818035 139.78842
35.620518 139.75082
35.712067 139.76523
35.64615 139.82742
35.661514 139.72946
35.700737 139.77188
35.814747 139.58684
35.702682 139.75047
35.668793 139.82254
35.71115 139.77356
35.68006 139.7141
35.61769 139.7287
35.70728 139.75165
35.681377 139.76608
35.578873 139.71773
35.686913 139.76361
35.552044 139.7416
35.847527 139.66946
35.66051 139.72922
35.69605 139.75124
35.572266 139.74971
35.690804 139.70027
35.68403 139.77444
35.649063 139.69986
35.648365 139.70338
35.815445 139.58719
35.650394 139.7451
35.646168 139.7079
35.729866 139.71095
35.6905 139.7
35.66836 139.6504
35.693203 139.74983
35.698597 139.77303
35.66099 139.70958
35.708855 139.74806
35.663006 139.74504
35.535324 139.58948
35.665787 139.73096
35.664825 139.71036
35.681377 139.76608
35.652607 139.7444
35.658234 139.70854
35.696846 139.69768
35.607647 139.73474
35.681526 139.71803
35.700073 139.77249
35.560684 139.72372
35.659374 139.69841
35.694065 139.75363
35.702133 139.62029
35.731842 139.72806
35.657173 139.54051
35.737873 139.65453
35.685696 139.74164
35.665485 139.73117
35.685257 139.70947
35.5461 139.68372
35.642418 139.71391
35.68536 139.77429
35.709846 139.7908
35.65266 139.74416
35.689022 139.8157
35.53573 139.58965
35.588432 139.72792
35.578777 139.73407
35.62234 139.68419
35.62521 139.77562
35.690804 139.70027
35.749313 139.80505
35.651367 139.63664
35.621185 139.72867
35.74874 139.74214
35.549053 139.79314
35.749645 139.80515
35.689194 139.70724
35.79465 139.51378
35.62519 139.77542
35.673264 139.7203
35.54506 139.76903
35.66669 139.75813
35.607536 139.66884
35.697697 139.70767
