35.7051 139.61958
35.694393 139.70209
35.71558 139.80032
35.6467 139.71152
35.652508 139.5446
35.662876 139.73146
35.763435 139.67648
35.655518 139.75673
35.705547 139.77597
35.777332 139.7209
35.705006 139.61823
35.758396 139.69469
35.766624 139.84766
35.70767 139.7764
35.69972 139.76448
35.698597 139.77303
35.64335 139.67026
35.62796 139.63567
35.707752 139.55939
35.604916 139.7027
35.7079 139.55939
35.551003 139.67647
35.666718 139.75676
35.634865 139.603
35.58465 139.74077
35.75724 139.70831
35.724 139.77013
35.660458 139.71965
35.698597 139.77303
35.687763 139.71793
35.64388 139.69951
35.57491 139.66324
35.672344 139.81946
35.656494 139.73616
35.656494 139.73616
35.69643 139.81395
35.69113 139.69264
35.729866 139.71095
35.73023 139.71117
35.696907 139.8145
35.55138 139.67172
35.670433 139.76819
35.64511 139.71188
35.662876 139.73146
35.697163 139.63695
35.81677 139.73627
35.69813 139.63881
35.698193 139.58096
35.695065 139.6375
35.69928 139.63799
35.630024 139.74039
35.6362 139.50008
35.702705 139.56084
35.707718 139.64116
35.65688 139.7241
35.83084 139.73598
35.607758 139.6691
35.760235 139.72221
35.706272 139.71962
35.695335 139.81445
35.78172 139.71565
35.628025 139.73804
35.55083 139.78804
35.6826 139.78575
35.55138 139.7884
35.70596 139.64952
35.78371 139.72046
35.693745 139.70451
35.689396 139.8262
35.667614 139.63184
35.662178 139.73589
35.670704 139.69664
35.77083 139.87093
35.64244 139.734
35.7032 139.57991
35.736515 139.8126
35.858875 139.75368
35.740868 139.81206
35.655617 139.75674
35.729027 139.71109
35.732906 139.73932
35.577953 139.57138
35.742744 139.81331
35.69347 139.6951
35.672195 139.48047
35.665806 139.69392
35.599953 139.6106
35.64987 139.69168
35.654076 139.70528
35.654114 139.70537
35.672215 139.47911
35.599953 139.6106
35.654076 139.70528
35.690598 139.69896
35.83709 139.71884
35.697018 139.82828
35.789692 139.724
35.656567 139.72401
35.702263 139.60075
35.538933 139.6804
35.658195 139.70203
35.67616 139.67659
35.584877 139.58199
35.64318 139.60928
35.642822 139.55109
35.797 139.72772
35.75305 139.74915
35.60927 139.67033
35.66807 139.77252
35.69671 139.68219
35.62437 139.72334
35.7292 139.7717
35.665157 139.7698
35.66454 139.66045
35.658997 139.73193
35.814598 139.69536
35.817066 139.69307
35.65517 139.79112
35.631866 139.57745
35.79289 139.6386
35.792553 139.6392
35.71912 139.61432
35.634205 139.57933
35.676777 139.6761
35.785347 139.64001
35.63258 139.58748
35.60993 139.82565
35.60993 139.82565
35.708843 139.59734
35.636692 139.5871
35.731964 139.58763
35.659462 139.70052
35.582775 139.76099
35.654076 139.70528
35.63053 139.60023
35.656506 139.6957
35.63053 139.60023
35.631393 139.59938
35.723045 139.69344
35.706154 139.61827
35.713696 139.77751
35.631012 139.60089
35.705288 139.62059
35.70583 139.61847
35.64634 139.52963
35.72604 139.59203
35.655273 139.7969
35.69376 139.7043
35.56407 139.59436
35.65761 139.79845
35.65956 139.72934
35.69897 139.48009
35.63441 139.79161
35.75207 139.7868
35.67052 139.77373
35.537663 139.63531
35.84768 139.66914
35.59974 139.61023
35.726814 139.77698
35.692394 139.72287
35.696136 139.75839
35.670967 139.65878
35.738613 139.65508
35.659817 139.70038
35.658524 139.70132
35.681377 139.76608
35.66875 139.60109
35.69172 139.70235
35.689316 139.70755
35.65189 139.5444
35.64914 139.69937
35.7119 139.79642
35.643566 139.67065
35.712067 139.79645
35.707302 139.7948
35.690804 139.70027
35.729866 139.71095
35.720367 139.47508
35.716167 139.78091
35.717083 139.78145
35.69587 139.75816
35.733456 139.73949
35.65519 139.79787
35.71988 139.78387
35.670677 139.70253
35.693943 139.70444
35.643673 139.6693
35.63522 139.71683
35.663586 139.66852
35.666718 139.75676
35.7032 139.57991
35.5886 139.72772
35.626404 139.62643
35.620163 139.70758
35.725807 139.78836
35.690804 139.70027
35.728947 139.7908
35.6741 139.66711
35.73438 139.79424
35.66919 139.61359
35.763435 139.67648
35.73201 139.4822
35.698597 139.77303
35.698338 139.77304
35.73201 139.4822
35.7367 139.79659
35.672752 139.76578
35.690346 139.69978
35.695503 139.75171
35.520634 139.63023
35.672195 139.48047
35.608795 139.71805
35.672264 139.47972
35.66484 139.73125
35.586864 139.70593
35.790257 139.63333
35.763718 139.67595
35.591774 139.60185
35.81677 139.73627
35.740868 139.81206
35.65338 139.7047
35.742744 139.81331
35.69518 139.70413
35.749313 139.80505
35.729866 139.71095
35.745083 139.81714
35.745712 139.81908
35.6945 139.6984
35.676334 139.78603
35.70231 139.74503
35.531326 139.6969
35.656178 139.73314
35.743576 139.77809
35.659485 139.70021
35.58041 139.6633
35.66959 139.8176
35.70527 139.63657
35.659912 139.70227
35.701363 139.74615
35.642723 139.66197
35.694702 139.56136
35.749237 139.80899
35.654114 139.70537
35.744038 139.77676
35.71473 139.79674
35.71367 139.79663
35.69428 139.7019
35.74669 139.8274
35.665546 139.81665
35.772068 139.73317
35.669052 139.68915
35.643246 139.67001
35.538933 139.6804
35.538643 139.67982
35.673817 139.7929
35.791306 139.62798
35.68194 139.76265
35.684757 139.78387
35.731888 139.7293
35.58989 139.69666
35.733032 139.74005
35.83621 139.79251
35.701344 139.50644
35.688225 139.78163
35.569176 139.69133
35.626434 139.63393
35.69169 139.77087
35.64907 139.69139
35.53694 139.63487
35.69117 139.70667
35.73668 139.48698
35.703217 139.64981
35.57958 139.57301
35.66175 139.90082
35.62684 139.60883
35.672913 139.7426
35.703217 139.56015
35.67305 139.73761
35.815655 139.70436
35.624447 139.74307
35.553673 139.74036
35.584877 139.58199
35.672554 139.73715
35.696377 139.82614
35.707478 139.75952
35.73037 139.72229
35.662514 139.73413
35.708485 139.77223
35.554382 139.60295
35.706017 139.64775
35.55133 139.67513
35.73722 139.7191
35.74113 139.71666
35.694275 139.6987
35.74087 139.71431
35.65338 139.7047
35.7403 139.70969
35.72604 139.59203
35.740795 139.70815
35.70148 139.70467
35.64396 139.70172
35.654076 139.70528
35.69395 139.75856
35.739204 139.7106
35.735947 139.70985
35.730453 139.71022
35.730377 139.7124
35.703735 139.73523
35.668278 139.75847
35.731346 139.71309
35.704155 139.57986
35.704334 139.57991
35.657192 139.54184
35.688595 139.80939
35.66868 139.76108
35.73041 139.72308
35.72992 139.72389
35.7299 139.72397
