35.644474 139.69821
35.72859 139.77687
35.698307 139.52184
35.646687 139.66942
35.648342 139.71146
35.69336 139.68231
35.72604 139.59203
35.67432 139.73723
35.799294 139.78934
35.664574 139.5215
35.69518 139.70413
35.702705 139.74443
35.629368 139.7415
35.729736 139.71579
35.682903 139.70174
35.698803 139.76894
35.708313 139.70877
35.763287 139.7315
35.713356 139.70502
35.698597 139.77303
35.554 139.7311
35.698597 139.77303
35.843185 139.80074
35.7135 139.77628
35.686005 139.73067
35.599953 139.6106
35.666718 139.75676
35.673744 139.66725
35.66151 139.72952
35.69167 139.77087
35.71048 139.81331
35.66669 139.75813
35.69068 139.70816
35.66879 139.70477
35.712948 139.70403
35.690998 139.73558
35.537083 139.67976
35.53694 139.63487
35.712833 139.70502
35.681145 139.55783
35.676525 139.76503
35.660366 139.72897
35.721657 139.70619
35.70291 139.77168
35.70574 139.77202
35.69643 139.81395
35.5886 139.72772
35.6921 139.78488
35.643513 139.67116
35.598904 139.61165
35.70736 139.77461
35.70062 139.5067
35.68888 139.69955
35.650497 139.54315
35.67888 139.5838
35.64537 139.69832
35.55138 139.67172
35.66808 139.77036
35.695335 139.81445
35.55151 139.67052
35.608864 139.68546
35.71056 139.77382
35.83084 139.73598
35.71115 139.77356
35.797264 139.59694
35.7587 139.6894
35.691208 139.77069
35.658745 139.69913
35.690804 139.70027
35.729866 139.71095
35.709988 139.6678
35.658516 139.77643
35.658524 139.70132
35.681435 139.54909
35.709988 139.6678
35.718643 139.77348
35.639317 139.55144
35.679607 139.6366
35.722515 139.7739
35.66319 139.73213
35.658382 139.69551
35.730976 139.70956
35.689518 139.77203
35.62935 139.68518
35.73369 139.88098
35.649597 139.63654
35.707546 139.66289
35.66342 139.72906
35.66334 139.75948
35.665524 139.75948
35.66255 139.73492
35.67226 139.76031
