35.714542 139.48007
35.725594 139.77663
35.656082 139.73404
35.705074 139.6195
35.706276 139.61778
35.66643 139.89548
35.694267 139.78256
35.700253 139.48026
35.75576 139.73357
35.693123 139.69945
35.54896 139.7846
35.575027 139.75879
35.75075 139.58206
35.70919 139.77382
35.60993 139.82565
35.74954 139.58653
35.613888 139.72481
35.77686 139.50255
35.681377 139.76608
35.729866 139.71095
35.729027 139.71109
35.5532 139.64682
35.712902 139.7039
35.729866 139.71095
35.645924 139.82692
35.64731 139.6692
35.73023 139.71117
35.71362 139.77652
35.669933 139.82523
35.698597 139.77303
35.6839 139.56842
35.685406 139.82666
35.672565 139.48466
35.681377 139.76608
35.748287 139.6448
35.544746 139.76855
35.737926 139.76103
35.578777 139.73407
35.74661 139.7469
35.560684 139.72372
35.628407 139.73854
35.6091 139.5163
35.748806 139.7196
35.74576 139.74438
35.682205 139.79877
35.544727 139.76901
35.68956 139.77066
35.64406 139.82475
35.55138 139.7884
35.781403 139.50766
35.587337 139.62943
35.682873 139.70177
35.677223 139.68246
35.676857 139.6824
35.629955 139.74026
35.55138 139.7884
35.7721 139.5199
35.628067 139.73778
35.655518 139.75673
35.6762 139.69937
35.651894 139.89185
35.729866 139.71095
35.644615 139.50247
35.616673 139.63905
35.766125 139.80922
35.695896 139.69997
35.690804 139.70027
35.64004 139.59874
35.75111 139.74745
35.690754 139.74751
35.690804 139.70027
35.762917 139.72768
35.6091 139.5163
35.682888 139.56732
35.577415 139.66046
35.626118 139.72365
35.77768 139.72125
35.67018 139.8255
35.531326 139.6969
35.55243 139.64749
35.55272 139.64731
35.681133 139.76782
35.55003 139.63368
35.607536 139.66884
35.753494 139.87022
35.78543 139.73367
35.620575 139.56993
35.62812 139.73798
35.68175 139.77129
35.66685 139.75893
35.657898 139.7048
35.63178 139.64214
35.750866 139.8669
35.6115 139.62662
35.736515 139.74683
35.633896 139.5311
35.737057 139.48825
35.627213 139.71432
35.712955 139.7037
35.729027 139.71109
35.667614 139.63184
35.681377 139.76608
35.730274 139.71138
35.755028 139.87698
35.6249 139.70345
35.658524 139.70132
35.66467 139.76018
35.701637 139.68831
35.712955 139.7037
35.658184 139.7029
35.55138 139.7884
35.64763 139.81905
35.70206 139.69518
35.6886 139.7107
35.599953 139.6106
35.68444 139.73715
35.690804 139.70027
35.756912 139.87563
35.7565 139.8753
35.75626 139.69458
35.646408 139.80711
35.658524 139.70132
35.690693 139.71149
35.68083 139.76808
35.65189 139.5444
35.61527 139.72003
35.55863 139.55151
35.578693 139.57365
35.57875 139.57365
35.658577 139.71078
35.620518 139.75082
35.63548 139.87952
35.709293 139.70331
35.564785 139.65434
35.729866 139.71095
35.691277 139.71126
35.572098 139.70288
35.66959 139.8176
35.664585 139.85938
35.658524 139.70132
35.681377 139.76608
35.62812 139.73798
35.5532 139.64682
35.706238 139.6452
35.750866 139.8669
35.699757 139.57341
35.715725 139.85947
35.70619 139.64697
35.706055 139.64822
35.659485 139.70021
35.84768 139.66914
35.828426 139.80347
35.688698 139.69861
35.72695 139.74583
35.859158 139.65694
35.562386 139.71596
35.817646 139.66959
35.675674 139.76346
35.703884 139.79582
35.69236 139.70094
35.6746 139.7777
35.689682 139.70079
35.605427 139.71365
35.745888 139.8563
35.57491 139.66324
35.607132 139.73477
35.54896 139.7846
35.656025 139.792
35.62137 139.74931
35.65972 139.72348
35.603752 139.5076
35.70462 139.61998
35.623123 139.74918
35.71679 139.85826
35.713146 139.8485
35.667503 139.47897
35.53694 139.63487
35.690804 139.70027
35.84756 139.66937
35.690804 139.70027
35.64683 139.54893
35.66051 139.72922
35.673203 139.76047
35.69605 139.75124
35.68468 139.76605
35.645733 139.74757
35.736275 139.63843
35.743996 139.81157
35.674606 139.81453
35.791878 139.64587
35.652508 139.5446
35.691017 139.70392
35.690804 139.70027
35.673046 139.75992
35.736794 139.63777
35.70462 139.61998
35.677013 139.73705
35.740913 139.71677
35.67604 139.73862
35.68903 139.81567
35.725784 139.72987
35.662144 139.7328
35.64672 139.7457
35.538044 139.70645
35.663315 139.73212
35.53655 139.70413
35.664864 139.73099
35.645924 139.82692
35.627213 139.71432
35.711414 139.77718
35.66532 139.7314
35.63441 139.79161
35.65455 139.75674
35.65455 139.75674
35.560776 139.67097
35.78917 139.66158
35.66439 139.73369
35.665604 139.73131
35.574543 139.65833
35.6762 139.69937
35.65707 139.53021
35.72777 139.77097
35.705814 139.65005
35.598385 139.66696
35.705856 139.6499
35.64694 139.74736
35.66361 139.87271
35.705376 139.64986
35.65469 139.75438
35.655617 139.75674
35.57491 139.66324
35.686558 139.67162
35.712452 139.77592
35.71679 139.85826
35.698597 139.77303
35.664436 139.73517
35.561035 139.67104
35.68212 139.80034
35.568665 139.5534
35.70231 139.74503
35.70061 139.75682
35.66669 139.75813
35.71362 139.77652
35.57668 139.65964
35.6653 139.73672
35.60979 139.7497
35.668438 139.60094
35.845623 139.64697
35.747574 139.84018
35.564323 139.65405
35.531555 139.69714
35.71048 139.81331
35.694847 139.70468
35.57573 139.65965
35.700584 139.76404
35.807854 139.84503
35.743553 139.60703
35.858738 139.65729
35.57491 139.66324
35.652615 139.74953
35.66651 139.73863
35.62812 139.73798
35.572895 139.66722
35.778843 139.7815
35.69807 139.77548
35.68599 139.76343
35.69777 139.64807
35.619194 139.7283
35.61559 139.57701
35.629013 139.68571
35.677517 139.7654
35.615395 139.57709
35.62645 139.72343
35.681736 139.76485
35.59974 139.61023
35.599022 139.6112
35.690346 139.69978
35.71115 139.77356
35.561035 139.67104
35.6914 139.69388
35.699894 139.76936
35.70154 139.76944
35.626118 139.72365
35.61702 139.74338
35.814167 139.80132
35.690804 139.70027
35.69834 139.76886
35.713127 139.70454
35.66044 139.72923
35.84768 139.66914
35.614944 139.57693
35.576298 139.65565
35.678078 139.76706
35.61509 139.57925
35.615208 139.5791
35.531536 139.69675
35.66303 139.7011
35.531326 139.6969
35.716766 139.51859
35.531326 139.6969
35.685467 139.6978
35.61599 139.71503
35.777225 139.79045
35.688957 139.70001
35.690556 139.70593
35.533382 139.68527
35.690228 139.70001
35.689396 139.8262
35.667267 139.73871
35.690804 139.70027
35.61496 139.57906
35.65943 139.61276
35.72568 139.71951
35.690346 139.69978
35.749645 139.80515
35.668224 139.60114
35.70736 139.77461
35.615295 139.57944
35.690746 139.70064
35.561436 139.6754
35.665962 139.75684
35.749332 139.8051
35.75254 139.54578
35.745888 139.8563
35.672714 139.72404
35.678154 139.70569
35.677013 139.73705
35.697464 139.81424
35.697002 139.6827
35.64694 139.74736
35.815445 139.58719
35.66863 139.7049
35.608376 139.67065
35.670277 139.67062
35.67867 139.78706
35.757706 139.59071
35.702602 139.5609
35.618385 139.7407
35.71068 139.81444
35.56351 139.6789
35.67788 139.73555
35.749645 139.80515
35.7027 139.56134
35.672318 139.79456
35.817646 139.66959
35.610226 139.73582
35.6824 139.77386
35.791233 139.69139
35.791878 139.64587
35.531326 139.6969
35.6957 139.82263
35.658745 139.69913
35.67194 139.79575
35.630146 139.74043
35.72568 139.71951
35.565014 139.68097
35.607132 139.73477
35.65943 139.70056
35.658195 139.70203
35.845623 139.64697
35.69167 139.77087
35.697678 139.75403
35.676266 139.78766
35.690804 139.70027
35.630146 139.74043
35.729496 139.7913
35.701736 139.52483
35.677517 139.7654
35.705093 139.56142
35.54506 139.76903
35.68321 139.76889
35.704525 139.56154
35.689987 139.70113
35.713696 139.77751
35.742252 139.81056
35.562386 139.71596
35.692448 139.77168
35.684803 139.76949
35.814747 139.58684
35.656372 139.69942
35.690804 139.70027
35.621887 139.75092
35.82802 139.69052
35.531326 139.6969
35.84768 139.66914
35.815655 139.70436
35.69958 139.76523
35.674973 139.77708
35.681004 139.76384
35.57573 139.65965
35.738834 139.66277
35.65189 139.5444
35.682533 139.7737
35.815445 139.58719
35.645733 139.74757
35.6914 139.69388
35.69556 139.77588
35.684742 139.77444
35.701736 139.52483
35.690804 139.70027
35.705376 139.64986
35.67255 139.90215
35.552574 139.73927
35.61704 139.74129
35.66836 139.6504
35.681133 139.76782
35.660454 139.72945
35.658516 139.77643
35.729866 139.71095
35.686005 139.73067
35.66669 139.75813
35.75859 139.78929
35.63441 139.79161
35.708958 139.79657
35.654438 139.75424
35.681377 139.76608
35.575733 139.65965
35.667217 139.79285
35.693047 139.74799
35.6387 139.74004
35.70996 139.7732
35.681133 139.76782
35.690804 139.70027
35.703007 139.77167
35.697926 139.6829
35.666565 139.72621
35.65742 139.54025
35.572895 139.66722
35.658348 139.54083
35.684353 139.7372
35.690804 139.70027
35.57572 139.65965
35.690804 139.70027
35.619698 139.72855
35.57491 139.66324
35.664707 139.7395
35.698597 139.77303
35.746784 139.75464
35.65714 139.75284
35.738274 139.8486
35.668644 139.65048
35.688915 139.81557
35.725773 139.65385
35.689022 139.8157
35.70853 139.79562
35.665115 139.71246
35.605145 139.74255
35.655518 139.75673
35.562386 139.71596
35.729027 139.71109
35.55863 139.55151
35.666275 139.79535
35.713696 139.77751
35.690804 139.70027
35.62812 139.73798
35.680645 139.76636
35.630146 139.74043
35.560684 139.72372
35.665874 139.89305
35.62821 139.73842
35.69167 139.77087
35.568405 139.55351
35.62851 139.73833
35.749733 139.80539
35.702705 139.56084
35.628227 139.73871
35.59974 139.61023
35.68376 139.76859
35.62882 139.73862
35.640244 139.74593
35.729866 139.71095
35.630146 139.74043
35.599953 139.6106
35.69167 139.77087
35.530987 139.69662
35.66361 139.87271
35.630146 139.74043
35.65496 139.74365
35.56807 139.55347
35.719425 139.6638
35.6576 139.5428
35.668934 139.76819
35.67255 139.90215
35.65916 139.54364
35.6463 139.85765
35.672264 139.47972
35.645924 139.82692
35.66834 139.76675
35.6723 139.478
35.690533 139.75595
35.699802 139.7718
35.693745 139.77089
35.702194 139.54482
35.66669 139.75813
35.646034 139.827
35.729866 139.71095
35.630146 139.74043
35.678356 139.69559
35.653866 139.7498
35.665874 139.89305
35.77806 139.72084
35.66225 139.7749
35.68998 139.69737
35.673744 139.66725
35.603752 139.5076
35.663948 139.73123
35.6444 139.86159
35.69138 139.6975
35.625404 139.74205
35.593792 139.60565
35.625393 139.74205
35.645924 139.82692
35.6175 139.77936
35.536766 139.70288
35.64615 139.82742
35.670364 139.7433
35.62759 139.74197
35.655567 139.7366
35.568405 139.55351
35.68329 139.74384
35.700256 139.48026
35.702488 139.58
35.607132 139.73477
35.6091 139.5163
35.79221 139.71773
35.532753 139.70074
35.63134 139.74564
35.66745 139.80324
35.66551 139.7686
35.691914 139.77051
35.55138 139.7884
35.562386 139.71596
35.54896 139.7846
35.66361 139.87271
35.62812 139.73798
35.678345 139.7401
35.667194 139.75854
35.630146 139.74043
35.589745 139.66878
35.656303 139.75894
35.65843 139.69893
35.69643 139.81395
35.75849 139.62885
35.5532 139.64682
35.748306 139.56767
35.729866 139.71095
35.682495 139.79164
35.62549 139.72418
35.64318 139.60928
35.68659 139.76591
35.7266 139.69484
35.729866 139.71095
35.636227 139.88368
35.658524 139.70132
35.71585 139.69514
35.568336 139.55385
35.62851 139.73833
35.630146 139.74043
35.688225 139.70131
35.690804 139.70027
35.7032 139.57991
35.617565 139.77722
35.627888 139.7407
35.686005 139.88293
35.690804 139.70027
35.620358 139.72896
35.531326 139.6969
35.72615 139.51323
35.714367 139.76004
35.7106 139.79791
35.61393 139.6907
35.736515 139.74683
35.77806 139.72084
35.679367 139.73566
35.709316 139.77298
35.678825 139.76315
35.698597 139.77303
35.660313 139.72957
35.66631 139.75862
35.531536 139.69675
35.550365 139.78862
35.65227 139.72223
35.66669 139.75813
35.687084 139.76546
35.700253 139.48026
35.671974 139.74118
35.636456 139.87895
35.574795 139.65721
35.663315 139.73212
35.695965 139.75807
35.581577 139.74911
35.531166 139.69632
35.652225 139.51172
35.562923 139.56981
35.58132 139.74873
35.619698 139.72855
35.655617 139.75674
35.669193 139.62373
35.68304 139.70216
35.679466 139.74146
35.587322 139.59134
35.729866 139.71095
35.668842 139.62347
35.749645 139.80515
35.52512 139.7163
35.659573 139.72859
35.544746 139.76855
35.665146 139.75688
35.545498 139.57452
35.66735 139.80396
35.689857 139.83566
35.68867 139.77318
35.665493 139.73593
35.690594 139.69257
35.655518 139.75673
35.660454 139.72945
35.698597 139.77303
35.60979 139.7497
35.686356 139.78224
35.662106 139.72865
35.69643 139.81395
35.69643 139.81395
35.703056 139.77466
35.667534 139.76181
35.607124 139.6224
35.619698 139.72855
35.62568 139.71341
35.7721 139.5199
35.588432 139.72792
35.71048 139.81331
35.67737 139.75175
35.72129 139.75206
35.690804 139.70027
35.733875 139.73866
35.6731 139.74077
35.534855 139.6995
35.66895 139.69131
35.660454 139.72945
35.752434 139.73813
35.66051 139.72922
35.733692 139.74028
35.60184 139.72177
35.665436 139.75516
35.791233 139.69139
35.566597 139.73633
35.749332 139.8051
35.68468 139.76605
35.672195 139.48047
35.696915 139.77547
35.660454 139.72945
35.690804 139.70027
35.684177 139.70206
35.69643 139.81395
35.62412 139.72897
35.696438 139.81395
35.69133 139.69708
35.696907 139.8145
35.721226 139.7071
35.674477 139.69328
35.696877 139.81424
35.665623 139.75359
35.69001 139.70589
35.60909 139.68552
35.551235 139.67545
35.584877 139.58199
35.69958 139.76523
35.672783 139.72403
35.561356 139.57509
35.690804 139.70027
35.71362 139.77652
35.672874 139.72414
35.55138 139.67172
35.69086 139.70485
35.697586 139.82608
35.709442 139.69492
35.655518 139.75673
35.553474 139.5785
35.61279 139.54861
35.699234 139.7744
35.69747 139.68286
35.66669 139.75813
35.647793 139.68007
35.68848 139.78815
35.660923 139.75146
35.615524 139.69873
35.698597 139.77303
35.672485 139.72467
35.666443 139.75287
35.732876 139.71356
35.70357 139.75511
35.72935 139.71817
35.66361 139.87271
35.630146 139.74043
35.729866 139.71095
35.658195 139.70203
35.698597 139.77303
35.737926 139.76103
35.693676 139.69585
35.707104 139.78127
35.560684 139.72372
35.706306 139.58107
35.660294 139.72928
35.669533 139.75551
35.658524 139.70132
35.553753 139.57817
35.696106 139.79253
35.554386 139.57903
35.669594 139.82266
35.517906 139.6313
35.729897 139.74742
35.625362 139.72389
35.69612 139.79251
35.663406 139.73221
35.679558 139.7627
35.71014 139.8134
35.667164 139.76404
35.698597 139.77303
35.730976 139.70956
35.564323 139.65405
35.55456 139.57632
35.737926 139.76103
35.55138 139.7884
35.763943 139.7708
35.710762 139.8129
35.691376 139.69936
35.702705 139.56084
35.702194 139.75517
35.560253 139.72304
35.729866 139.71095
35.706425 139.84251
35.660294 139.72928
35.665115 139.71246
35.666157 139.75005
35.690804 139.70027
35.815655 139.70436
35.62851 139.73833
35.7244 139.75363
35.655617 139.75674
35.562477 139.71605
35.58049 139.66187
35.688103 139.69345
35.67965 139.77997
35.688866 139.70242
35.69697 139.78836
35.729866 139.71095
35.562923 139.56981
35.562923 139.56981
35.674965 139.76347
35.71362 139.77652
35.660454 139.72945
35.628407 139.73854
35.658524 139.70132
35.769028 139.8838
35.696106 139.79253
35.688004 139.69899
35.692333 139.77127
35.628227 139.73871
35.5596 139.7211
35.553825 139.64627
35.607296 139.66867
35.69064 139.6954
35.5826 139.67325
35.718975 139.7275
35.622837 139.74924
35.691032 139.6995
35.63924 139.74734
35.66051 139.72922
35.697468 139.78598
35.68206 139.78603
35.681686 139.76465
35.599953 139.6106
35.682617 139.76433
35.681377 139.76608
35.698227 139.76414
35.67994 139.76822
35.745895 139.74231
35.682133 139.77185
35.673893 139.75096
35.673096 139.75995
35.560047 139.72357
35.650818 139.74742
35.636692 139.5871
35.708363 139.6141
35.669777 139.53761
35.69556 139.77588
35.827908 139.65381
35.688564 139.70226
35.708805 139.61385
35.698597 139.77303
35.739002 139.76184
35.61769 139.7287
35.688957 139.70001
35.69687 139.79745
35.613327 139.54831
35.643745 139.66972
35.658745 139.69913
35.690804 139.70027
35.63658 139.58766
35.630146 139.74043
35.646553 139.71022
35.695503 139.75171
35.657833 139.70145
35.65024 139.74709
35.69505 139.76668
35.669533 139.75551
35.71679 139.85826
35.580944 139.64151
35.698597 139.77303
35.7308 139.71056
35.66958 139.74799
35.56407 139.59436
35.700363 139.75043
35.660294 139.72928
35.713806 139.73122
35.666435 139.76564
35.690666 139.70084
35.52745 139.70094
35.700363 139.75043
35.68241 139.68742
35.690666 139.70084
35.678078 139.56776
35.68972 139.69925
35.63072 139.74324
35.629295 139.73672
35.645733 139.74757
35.658596 139.69954
35.672558 139.76324
35.66103 139.7296
35.814747 139.58684
35.682796 139.68687
35.676685 139.77812
35.63368 139.71552
35.701916 139.74498
35.64707 139.72185
35.658524 139.70132
35.531326 139.6969
35.66446 139.89249
35.64668 139.7104
35.728596 139.71332
35.665874 139.89305
35.55481 139.74033
35.733353 139.88202
35.561356 139.57509
35.688602 139.69894
35.69528 139.69872
35.688602 139.69894
35.655567 139.5437
35.74957 139.86533
35.671738 139.72409
35.645924 139.82692
35.732944 139.88167
35.68206 139.78603
35.67272 139.73962
35.6636 139.75125
35.678345 139.7401
35.658524 139.70132
35.843185 139.80074
35.57573 139.65965
35.667458 139.74518
35.620785 139.56992
35.632812 139.88031
35.568405 139.55351
35.698597 139.77303
35.5532 139.64682
35.729866 139.71095
35.636555 139.7346
35.669605 139.68045
35.658524 139.70132
35.620815 139.56972
35.631664 139.64478
35.674995 139.6709
35.662144 139.7328
35.665245 139.71236
35.627907 139.74077
35.6238 139.75073
35.634357 139.73662
35.654686 139.75731
35.672195 139.48047
35.62104 139.56946
35.62613 139.7409
35.679108 139.78702
35.54506 139.76903
35.68338 139.70221
35.711334 139.78271
35.560543 139.5734
35.65333 139.75722
35.656372 139.69934
35.656372 139.69934
35.709713 139.61246
35.636276 139.73322
35.70171 139.71626
35.732944 139.88167
35.66051 139.72922
35.655613 139.70369
35.70649 139.7371
35.69167 139.77087
35.620518 139.75082
35.66051 139.72922
35.679836 139.78006
35.658524 139.70132
35.672646 139.72295
35.62443 139.72337
35.70583 139.6658
35.630146 139.74043
35.65872 139.7309
35.603752 139.5076
35.683636 139.76155
35.67853 139.7806
35.630146 139.74043
35.72777 139.77097
35.661846 139.69981
35.710022 139.73152
35.71406 139.77408
35.669376 139.80652
35.707104 139.78127
35.53694 139.63487
35.68659 139.76591
35.713894 139.7613
35.684742 139.77444
35.80041 139.56256
35.619698 139.72855
35.63414 139.87952
35.749645 139.80515
35.732117 139.76671
35.66895 139.69131
35.69168 139.69551
35.68334 139.76056
35.630146 139.74043
35.673264 139.7203
35.63227 139.73071
35.66899 139.67972
35.660454 139.72945
35.68217 139.78773
35.617188 139.56456
35.65886 139.69978
35.633896 139.5311
35.706375 139.70699
35.749645 139.80515
35.776566 139.6315
35.703938 139.73422
35.692368 139.70471
35.683792 139.75931
35.664707 139.7395
35.69521 139.75824
35.68304 139.70216
35.686337 139.72957
35.63346 139.88777
35.66735 139.80396
35.587822 139.56647
35.648067 139.61581
35.630386 139.7291
35.654865 139.79626
35.619698 139.72855
35.535324 139.58948
35.66051 139.72922
35.588432 139.72792
35.745617 139.71957
35.54506 139.76903
35.653706 139.5383
35.618374 139.72757
35.675053 139.76332
35.653984 139.88264
35.619076 139.73056
35.65678 139.79576
35.684032 139.75856
35.514996 139.66551
35.690804 139.70027
35.679108 139.78702
35.65526 139.70079
35.687977 139.797
35.679836 139.78006
35.5551 139.5861
35.690998 139.73558
35.72935 139.71817
35.677643 139.7801
35.67867 139.74017
35.7032 139.57991
35.672195 139.48047
35.628994 139.73943
35.658195 139.70203
35.645924 139.82692
35.686195 139.80249
35.686005 139.73067
35.673576 139.76024
35.70231 139.74503
35.681206 139.68636
35.57573 139.65965
35.554893 139.58641
35.665115 139.71246
35.65596 139.54327
35.658745 139.69913
35.64987 139.69168
35.700253 139.48026
35.69236 139.70094
35.676838 139.77014
35.588432 139.72792
35.65189 139.5444
35.690804 139.70027
35.703728 139.65285
35.670967 139.65878
35.68932 139.70045
35.647694 139.7446
35.647217 139.71365
35.6454 139.83292
35.630024 139.74039
35.682938 139.73222
35.681377 139.76608
35.690804 139.70027
35.62851 139.73833
35.628407 139.73854
35.708958 139.79657
35.620815 139.56972
35.589622 139.72928
35.673744 139.66725
35.607647 139.73474
35.62885 139.73799
35.645733 139.74757
35.69365 139.76543
35.630146 139.74043
35.628937 139.7375
35.689217 139.81862
35.645733 139.74757
35.710037 139.8107
35.690804 139.70027
35.665604 139.73131
35.729866 139.71095
35.632812 139.88031
35.68917 139.82018
35.653137 139.54411
35.603752 139.5076
35.655407 139.54424
35.628227 139.73871
35.55138 139.7884
35.68103 139.77695
35.732117 139.76671
35.69236 139.70094
35.699444 139.76181
35.630146 139.74043
35.617344 139.67625
35.620815 139.56972
35.691006 139.71436
35.632793 139.71481
35.660294 139.72928
35.646877 139.70995
35.698597 139.77303
35.637646 139.69115
35.634285 139.71567
35.634842 139.61142
35.64388 139.69951
35.762917 139.72768
35.66899 139.67972
35.682907 139.77199
35.675144 139.75975
35.729866 139.71095
35.68536 139.77429
35.646877 139.70995
35.69958 139.76523
35.729866 139.71095
35.561356 139.57509
35.662876 139.73146
35.619698 139.72855
35.54917 139.78479
35.624977 139.73079
35.729485 139.71086
35.617188 139.56456
35.63006 139.62233
35.69807 139.77548
35.655735 139.70354
35.69777 139.64807
35.688927 139.69957
35.676266 139.78766
35.689407 139.6988
35.678585 139.75366
35.802124 139.71799
35.607132 139.73477
35.676357 139.77199
35.801918 139.71759
35.644314 139.6991
35.633858 139.53159
35.661705 139.72964
35.625507 139.72597
35.63744 139.7219
35.658524 139.70132
35.69319 139.69316
35.54878 139.78398
35.677013 139.73705
35.65606 139.70432
35.66807 139.77252
35.657726 139.70015
35.712082 139.76524
35.57573 139.65965
35.68139 139.77556
35.64041 139.74751
35.62533 139.72533
35.690517 139.66693
35.710926 139.5895
35.662876 139.73146
35.68403 139.76936
35.589615 139.73032
35.668224 139.60114
35.674236 139.75908
35.729736 139.71223
35.66669 139.75813
35.70789 139.77432
35.54896 139.7846
35.669064 139.74834
35.654682 139.75854
35.552383 139.65117
35.71362 139.77652
35.729866 139.71095
35.547756 139.60246
35.604374 139.68396
35.6847 139.76674
35.626568 139.7414
35.688103 139.69345
35.734997 139.75348
35.681377 139.76608
35.686005 139.73067
35.671974 139.74118
35.686913 139.76361
35.70947 139.64392
35.66629 139.47705
35.722702 139.6386
35.67212 139.75737
35.66807 139.77252
35.654488 139.75708
35.630386 139.87958
35.673504 139.75677
35.675007 139.75847
35.658524 139.70132
35.674965 139.76347
35.698597 139.77303
35.66807 139.77252
35.737045 139.7514
35.5532 139.64682
35.658234 139.70854
35.657173 139.54051
35.681458 139.76643
35.68815 139.70023
35.659294 139.70143
35.705593 139.79219
35.652607 139.7444
35.648335 139.74905
35.6828 139.69623
35.68375 139.7456
35.736416 139.74997
35.692394 139.72287
35.712902 139.7039
35.62851 139.73833
35.68963 139.70172
35.652466 139.74477
35.688152 139.69722
35.658524 139.70132
35.701942 139.74364
35.635582 139.61574
35.660366 139.72897
35.847527 139.66946
35.645924 139.82692
35.66051 139.72922
35.737576 139.74904
35.552383 139.65117
35.648365 139.70338
35.67125 139.71988
35.690784 139.70636
35.57777 139.6577
35.690865 139.70486
35.700253 139.48026
35.729866 139.71095
35.719425 139.6638
35.66319 139.73213
35.749645 139.80515
35.684692 139.73058
35.659573 139.72859
35.66434 139.76224
35.690804 139.70027
35.660294 139.72928
35.652874 139.60133
35.665604 139.73131
35.681133 139.76782
35.787464 139.61232
35.713226 139.7047
35.681377 139.76608
35.664562 139.73988
35.670662 139.772
35.522015 139.62985
35.651455 139.74908
35.688786 139.7368
35.64384 139.75655
35.74801 139.80661
35.68972 139.69925
35.7032 139.57991
35.576576 139.57384
35.845623 139.64697
35.665874 139.89305
35.55138 139.7884
35.621166 139.63553
35.763435 139.67648
35.727623 139.57713
35.7721 139.5199
35.690804 139.70027
35.628067 139.73778
35.752434 139.73813
35.544674 139.76855
35.521362 139.6304
35.828426 139.80347
35.6762 139.69937
35.644615 139.50247
35.75283 139.73819
35.750866 139.8669
35.702705 139.56084
35.63347 139.66165
35.55003 139.63368
35.6091 139.5163
35.69808 139.7731
35.679836 139.78006
35.55863 139.55151
35.52311 139.69148
35.619698 139.72855
35.680367 139.7616
35.629242 139.71626
35.75009 139.76497
35.70216 139.67348
35.69236 139.70094
35.607536 139.66884
35.58105 139.64142
35.679665 139.78091
35.55138 139.7884
35.55884 139.5514
35.706238 139.6452
35.70619 139.64697
35.706055 139.64822
35.712955 139.7037
35.697857 139.77393
35.628025 139.73804
35.668327 139.70409
35.558224 139.5517
35.68394 139.70114
35.62645 139.72343
35.6886 139.7107
35.714077 139.73953
35.633896 139.5311
35.702206 139.58035
35.6115 139.62662
35.6817 139.76932
35.705856 139.6499
35.705376 139.64986
35.620518 139.75082
35.729027 139.71109
35.730274 139.71138
35.622417 139.75009
35.658184 139.7029
35.630146 139.74043
35.70575 139.7871
35.729866 139.71095
35.70231 139.74503
35.658524 139.70132
35.628025 139.73804
35.712902 139.7039
35.690292 139.69974
35.628025 139.73804
35.658577 139.71078
35.671562 139.79407
35.691277 139.71126
35.70704 139.78217
35.673744 139.66725
35.553753 139.57817
35.63347 139.66165
35.554386 139.57903
35.64694 139.74736
35.55342 139.57712
35.64406 139.82475
35.55456 139.57632
35.68444 139.73715
35.845623 139.64697
35.713642 139.70317
35.82688 139.66014
35.687836 139.73076
35.662876 139.73146
35.822216 139.5752
35.65227 139.72223
35.531326 139.6969
35.59714 139.7446
35.55454 139.7297
35.655617 139.75674
35.749645 139.80515
35.62851 139.73833
35.662743 139.73415
35.531536 139.69675
35.66669 139.75813
35.607124 139.6224
35.603752 139.5076
35.66439 139.73369
35.683914 139.73897
35.664032 139.73387
35.644314 139.6991
35.553085 139.64842
35.560684 139.72372
35.727623 139.57713
35.700108 139.74832
35.619194 139.7283
35.74419 139.7281
35.688698 139.69861
35.842728 139.66843
35.540886 139.70778
35.84201 139.6647
35.646877 139.70995
35.84117 139.66702
35.65455 139.75674
35.69343 139.69537
35.65688 139.75433
35.781277 139.68495
35.664547 139.73592
35.531536 139.69675
35.65469 139.75438
35.559902 139.72191
35.53165 139.69716
35.6653 139.73672
35.778942 139.60391
35.84768 139.66914
35.75136 139.54591
35.725784 139.72987
35.653522 139.75255
35.57491 139.66324
35.777225 139.79045
35.57668 139.65964
35.674225 139.78232
35.807854 139.84503
35.778843 139.7815
35.57667 139.6595
35.858738 139.65729
35.57573 139.65965
35.630146 139.74043
35.67382 139.78369
35.66651 139.73863
35.737762 139.65453
35.670677 139.70253
35.652615 139.74953
35.64318 139.60928
35.628025 139.73804
35.69807 139.77548
35.70462 139.61998
35.69906 139.75285
35.681133 139.76782
35.731518 139.71336
35.777225 139.79045
35.688557 139.51505
35.690804 139.70027
35.65449 139.8424
35.815655 139.70436
35.6914 139.69388
35.671726 139.83698
35.622944 139.75063
35.67965 139.77997
35.71347 139.77626
35.628025 139.73804
35.64615 139.82742
35.53846 139.5919
35.668827 139.83066
35.531326 139.6969
35.630146 139.74043
35.689453 139.69771
35.533382 139.68527
35.655518 139.75673
35.560684 139.72372
35.645733 139.74757
35.667267 139.73871
35.672905 139.79831
35.61559 139.57701
35.646553 139.71022
35.677517 139.7654
35.66845 139.65038
35.655617 139.75674
35.700584 139.76404
35.788223 139.61293
35.657143 139.5981
35.73386 139.75504
35.614944 139.57693
35.670277 139.67062
35.84768 139.66914
35.733067 139.8816
35.614365 139.57883
35.696907 139.8145
35.68008 139.72023
35.630146 139.74043
35.748707 139.80481
35.75849 139.62885
35.64694 139.74736
35.76363 139.72768
35.827908 139.65381
35.729237 139.71085
35.737244 139.77402
35.697926 139.6829
35.749645 139.80515
35.712948 139.70403
35.615295 139.57944
35.57131 139.68562
35.623466 139.70728
35.66879 139.70477
35.57491 139.66324
35.625557 139.70705
35.737873 139.65453
35.52251 139.65155
35.71014 139.8134
35.62537 139.70726
35.561436 139.6754
35.625874 139.70744
35.6455 139.69736
35.697464 139.81424
35.72777 139.77097
35.6839 139.56842
35.627907 139.74077
35.658356 139.47948
35.706425 139.84251
35.56351 139.6789
35.54506 139.76903
35.608532 139.73561
35.70223 139.54482
35.8203 139.70813
35.74954 139.58653
35.695965 139.75807
35.65491 139.7962
35.69972 139.76448
35.732117 139.76671
35.78918 139.53629
35.68599 139.76343
35.70366 139.63632
35.786697 139.70618
35.81992 139.73724
35.5532 139.64682
35.646347 139.74731
35.738834 139.66277
35.818527 139.7366
35.84768 139.66914
35.71048 139.81331
35.614628 139.52824
35.60743 139.68562
35.610226 139.73582
35.68903 139.81567
35.79221 139.71773
35.815445 139.58719
35.630146 139.74043
35.662388 139.69873
35.7009 139.80865
35.578777 139.73407
35.532307 139.69707
35.690804 139.70027
35.762203 139.82494
35.560684 139.72372
35.748806 139.7196
35.677517 139.7654
35.56509 139.68127
35.71347 139.77626
35.620815 139.56972
35.830494 139.56238
35.640594 139.70251
35.62578 139.71474
35.66899 139.67972
35.668644 139.65048
35.734917 139.75383
35.709694 139.73132
35.742252 139.81056
35.713696 139.77751
35.729633 139.70943
35.67968 139.80806
35.729027 139.71109
35.658524 139.70132
35.71048 139.81331
35.599953 139.6106
35.696438 139.81395
35.692448 139.77168
35.736515 139.74683
35.645733 139.74757
35.778942 139.60391
35.630146 139.74043
35.67255 139.90215
35.730354 139.71056
35.608467 139.6478
35.630146 139.74043
35.6568 139.75714
35.684742 139.77444
35.7259 139.7922
35.668224 139.60114
35.620785 139.56992
35.65679 139.75322
35.68972 139.69925
35.562477 139.71605
35.62104 139.56946
35.733627 139.79916
35.619698 139.72855
35.737926 139.76103
35.748707 139.80481
35.626537 139.72334
35.688915 139.81557
35.690346 139.69978
35.689022 139.8157
35.620815 139.56972
35.690804 139.70027
35.702206 139.58035
35.814747 139.58684
35.768684 139.6622
35.624733 139.71384
35.645733 139.74757
35.62104 139.56946
35.713696 139.77751
35.712955 139.7037
35.6914 139.69388
35.679413 139.78001
35.708958 139.79657
35.729866 139.71095
35.690804 139.70027
35.75069 139.75781
35.576817 139.71445
35.690804 139.70027
35.628696 139.73965
35.730198 139.71167
35.698597 139.77303
35.682533 139.7737
35.70947 139.73347
35.729866 139.71095
35.68376 139.76859
35.549904 139.7152
35.630146 139.74043
35.605145 139.74255
35.530987 139.69662
35.67996 139.78009
35.54506 139.76903
35.815445 139.58719
35.71365 139.77692
35.744183 139.8113
35.6091 139.5163
35.695488 139.77281
35.688225 139.70131
35.665115 139.71246
35.72722 139.7908
35.572884 139.66524
35.695503 139.75171
35.690804 139.70027
35.654106 139.56667
35.548985 139.78438
35.70853 139.79562
35.626434 139.63393
35.675083 139.76904
35.71347 139.77626
35.646877 139.70995
35.562386 139.71596
35.64268 139.62784
35.690804 139.70027
35.703842 139.59937
35.643734 139.6268
35.635338 139.71771
35.701736 139.52483
35.67135 139.59256
35.727367 139.77135
35.681248 139.76749
35.65688 139.75433
35.655518 139.75673
35.562386 139.71596
35.738274 139.8486
35.681377 139.76608
35.658524 139.70132
35.55083 139.78804
35.680645 139.76636
35.55138 139.7884
35.690266 139.76404
35.645897 139.82625
35.640244 139.74593
35.69336 139.78238
35.730274 139.71138
35.68382 139.70168
35.619698 139.72855
35.573906 139.66585
35.702705 139.56084
35.66669 139.75813
35.69167 139.77087
35.703007 139.77167
35.637695 139.71365
35.63368 139.71552
35.63951 139.71165
35.64077 139.71269
35.681377 139.76608
35.568665 139.5534
35.62225 139.70366
35.693745 139.77089
35.70824 139.73308
35.686005 139.88293
35.702705 139.56084
35.564438 139.71645
35.645073 139.49763
35.65496 139.74365
35.66669 139.75813
35.562477 139.71605
35.69133 139.69708
35.66985 139.703
35.646877 139.70995
35.68251 139.76492
35.653866 139.7498
35.729496 139.7913
35.57668 139.65947
35.79221 139.71773
35.65907 139.70058
35.66225 139.7749
35.696106 139.79253
35.678345 139.7401
35.620815 139.56972
35.699802 139.7718
35.616047 139.55331
35.702488 139.58
35.673744 139.66725
35.62923 139.7145
35.62923 139.7145
35.702194 139.54482
35.822216 139.5752
35.56807 139.55347
35.700256 139.48026
35.552727 139.696
35.593792 139.60565
35.681377 139.76608
35.57572 139.65965
35.658524 139.70132
35.62851 139.73833
35.630146 139.74043
35.637856 139.7528
35.719425 139.6638
35.672318 139.79456
35.669456 139.81856
35.619698 139.72855
35.655617 139.75674
35.71377 139.77728
35.630146 139.74043
35.666973 139.75967
35.71035 139.80904
35.655617 139.75674
35.66669 139.75813
35.7119 139.79642
35.655518 139.75673
35.673744 139.66725
35.681366 139.68884
35.629868 139.79427
35.666683 139.77843
35.562923 139.56981
35.668842 139.62347
35.670204 139.74982
35.666496 139.80487
35.68151 139.76532
35.65189 139.5444
35.72679 139.80034
35.679836 139.78006
35.562386 139.71596
35.734997 139.75348
35.627163 139.57362
35.681377 139.76608
35.67526 139.6709
35.633137 139.71567
35.72841 139.71104
35.667427 139.76126
35.535324 139.58948
35.56935 139.57217
35.66631 139.75862
35.628906 139.74168
35.69643 139.81395
35.55138 139.7884
35.7403 139.70969
35.63368 139.71552
35.711414 139.77718
35.7587 139.6894
35.77806 139.72084
35.66895 139.69131
35.587322 139.59134
35.676334 139.78603
35.749332 139.8051
35.737045 139.7514
35.670063 139.75012
35.731842 139.72806
35.620785 139.56992
35.695965 139.75807
35.696907 139.8145
35.690804 139.70027
35.658184 139.7029
35.6035 139.61752
35.696438 139.81395
35.628227 139.73871
35.57573 139.65965
35.665146 139.75688
35.54485 139.76906
35.732117 139.76671
35.69643 139.81395
35.619698 139.72855
35.581577 139.74911
35.672188 139.76749
35.618374 139.72757
35.696907 139.8145
35.588432 139.72792
35.689575 139.53127
35.58132 139.74873
35.68972 139.69925
35.72615 139.51323
35.696877 139.81424
35.54506 139.76903
35.668224 139.60114
35.560684 139.72372
35.736416 139.74997
35.561356 139.57509
35.562923 139.56981
35.705376 139.64986
35.561996 139.5743
35.65907 139.70058
35.66279 139.75963
35.661587 139.66748
35.66895 139.69131
35.658524 139.70132
35.696915 139.77547
35.66735 139.80396
35.737576 139.74904
35.688602 139.69894
35.665436 139.75516
35.660305 139.69843
35.730354 139.71056
35.730408 139.71115
35.729866 139.71095
35.68652 139.76619
35.72129 139.75206
35.71202 139.7984
35.68083 139.76808
35.55138 139.7884
35.575733 139.65965
35.682728 139.77885
35.690903 139.70004
35.679085 139.77995
35.690903 139.69974
35.7032 139.57991
35.581577 139.74911
35.68659 139.76591
35.644314 139.6991
35.745888 139.8563
35.63347 139.66165
35.828426 139.80347
35.609352 139.7429
35.71585 139.69514
35.729866 139.71095
35.665497 139.75964
35.700253 139.48026
35.762917 139.72768
35.699234 139.7744
35.561356 139.57509
35.630146 139.74043
35.545498 139.57452
35.70462 139.61998
35.6817 139.76932
35.675674 139.76346
35.666443 139.75287
35.665115 139.71246
35.70745 139.75157
35.62412 139.72897
35.69612 139.79251
35.70717 139.75145
35.70728 139.75165
35.599022 139.6112
35.740913 139.71677
35.70275 139.74886
35.71347 139.77626
35.68338 139.70221
35.690804 139.70027
35.68468 139.76605
35.531326 139.6969
35.74744 139.85716
35.655518 139.75673
35.692333 139.77127
35.550003 139.78647
35.617565 139.77722
35.640957 139.74767
35.672264 139.47972
35.681377 139.76608
35.676926 139.78554
35.709316 139.77298
35.71679 139.85826
35.5532 139.64682
35.730606 139.70459
35.68206 139.78603
35.659485 139.70021
35.672485 139.72467
35.729866 139.71095
35.6933 139.69202
35.69414 139.68767
35.729866 139.71095
35.698494 139.7725
35.68848 139.78815
35.60704 139.73502
35.698677 139.77422
35.707104 139.78127
35.698597 139.77303
35.70836 139.6149
35.69643 139.81395
35.85857 139.6569
35.562477 139.71605
35.55204 139.78706
35.698597 139.77303
35.65189 139.5444
35.690804 139.70027
35.666157 139.75005
35.706425 139.84251
35.653652 139.75735
35.70583 139.6658
35.679466 139.74146
35.702194 139.75517
35.628906 139.74168
35.696438 139.81395
35.622944 139.75063
35.69556 139.77588
35.695965 139.75807
35.732944 139.88167
35.64778 139.67902
35.729866 139.71095
35.670204 139.74982
35.658524 139.70132
35.707485 139.74936
35.67498 139.76321
35.658524 139.70132
35.69747 139.76152
35.646137 139.82742
35.663193 139.75963
35.690018 139.70033
35.659706 139.79143
35.545498 139.57452
35.622837 139.74924
35.729866 139.71095
35.681168 139.71144
35.71679 139.85826
35.67965 139.77997
35.72777 139.77097
35.681015 139.77141
35.70029 139.83368
35.702705 139.56084
35.648365 139.70338
35.645733 139.74757
35.649353 139.74811
35.679287 139.78653
35.678875 139.78748
35.690804 139.70027
35.62645 139.72343
35.598248 139.71857
35.65617 139.54443
35.673096 139.75995
35.72283 139.79356
35.698597 139.77303
35.708855 139.74806
35.66669 139.75813
35.647793 139.68007
35.70132 139.58228
35.65799 139.70308
35.702206 139.58035
35.690804 139.70027
35.655617 139.75674
35.688602 139.69894
35.62851 139.73833
35.656593 139.5441
35.703064 139.58107
35.562923 139.56981
35.667458 139.74518
35.680393 139.73459
35.5532 139.64682
35.698597 139.77303
35.703114 139.58105
35.55138 139.7884
35.70304 139.57986
35.671707 139.72449
35.665634 139.73163
35.55138 139.7884
35.67867 139.78706
35.531555 139.69714
35.645367 139.74788
35.619076 139.73056
35.735962 139.6297
35.695736 139.74919
35.843185 139.80074
35.84768 139.66914
35.728596 139.71332
35.660923 139.75146
35.729897 139.74742
35.712467 139.70784
35.698338 139.77304
35.67613 139.6432
35.75849 139.62885
35.686607 139.68893
35.729866 139.71095
35.562515 139.71698
35.682796 139.68687
35.64506 139.88751
35.70547 139.70786
35.776566 139.6315
35.701916 139.74498
35.738274 139.8486
35.65886 139.69978
35.70583 139.6658
35.63161 139.63855
35.729866 139.71095
35.70862 139.76111
35.53694 139.63487
35.660416 139.70375
35.668015 139.8325
35.733322 139.79881
35.65579 139.73703
35.69687 139.79745
35.681377 139.76608
35.561356 139.57509
35.636555 139.7346
35.663315 139.73212
35.64231 139.74243
35.657173 139.54051
35.77806 139.72084
35.55481 139.74033
35.634357 139.73662
35.709713 139.61246
35.646877 139.70995
35.698597 139.77303
35.66427 139.78465
35.655502 139.73676
35.695415 139.75111
35.682747 139.75569
35.673615 139.74135
35.681377 139.76608
35.588432 139.72792
35.550007 139.63808
35.687523 139.79219
35.636276 139.73322
35.70231 139.74503
35.54506 139.76903
35.650482 139.7028
35.635834 139.73135
35.698597 139.77303
35.701385 139.74484
35.70649 139.7371
35.629276 139.73639
35.631664 139.64478
35.707104 139.78127
35.55325 139.78699
35.54495 139.76901
35.72777 139.77097
35.762917 139.72768
35.686913 139.76361
35.698597 139.77303
35.714252 139.76184
35.55138 139.7884
35.562477 139.71605
35.683628 139.6903
35.551956 139.7872
35.65592 139.65361
35.56407 139.59436
35.681133 139.76782
35.686005 139.73067
35.683636 139.76155
35.655594 139.7968
35.646553 139.71022
35.66051 139.72922
35.725784 139.72987
35.66051 139.72922
35.749645 139.80515
35.64004 139.59874
35.57573 139.65965
35.679836 139.78006
35.69167 139.77087
35.627285 139.72054
35.704773 139.63538
35.55113 139.78787
35.63227 139.73071
35.66361 139.87271
35.6886 139.7107
35.659485 139.70021
35.646137 139.82742
35.647522 139.74843
35.663517 139.87106
35.675053 139.76332
35.619698 139.72855
35.699883 139.77242
35.69365 139.76543
35.657795 139.7013
35.77806 139.72084
35.68334 139.76056
35.686302 139.7716
35.514996 139.66551
35.71146 139.76006
35.603752 139.5076
35.66836 139.6504
35.699253 139.69624
35.683792 139.75931
35.685303 139.73366
35.712902 139.7039
35.70231 139.74503
35.68536 139.77429
35.588432 139.72792
35.55138 139.7884
35.68103 139.77695
35.56257 139.71454
35.69985 139.76378
35.70148 139.70467
35.687977 139.797
35.686325 139.78227
35.670544 139.71785
35.690998 139.73558
35.702267 139.57906
35.67458 139.71713
35.673264 139.7203
35.636692 139.5871
35.654488 139.75708
35.684032 139.75856
35.72237 139.78926
35.63278 139.70389
35.665497 139.75964
35.603268 139.50789
35.69958 139.76523
35.63368 139.71552
35.70835 139.71976
35.623688 139.72293
35.797108 139.6017
35.55206 139.78815
35.671974 139.74118
35.686337 139.72957
35.686337 139.72957
35.72777 139.77097
35.71347 139.77626
35.698494 139.77219
35.65596 139.54327
35.733208 139.77757
35.637646 139.69115
35.678585 139.75366
35.696106 139.79253
35.645733 139.74757
35.589622 139.72928
35.690804 139.70027
35.645157 139.67473
35.58654 139.61902
35.644253 139.69905
35.679398 139.75774
35.607094 139.7313
35.55138 139.7884
35.6385 139.74722
35.695965 139.75807
35.54999 139.67415
35.644302 139.69916
35.645733 139.74757
35.62885 139.73799
35.725525 139.76321
35.807854 139.84503
35.670204 139.74982
35.675465 139.73589
35.628937 139.7375
35.670544 139.71785
35.71347 139.77626
35.733353 139.88202
35.69794 139.70743
35.690804 139.70027
35.662876 139.73146
35.677643 139.7801
35.628025 139.73804
35.705574 139.49118
35.66103 139.7296
35.645424 139.74747
35.66669 139.75813
35.671005 139.71852
35.689426 139.7068
35.66669 139.75813
35.599022 139.6112
35.702194 139.75517
35.688602 139.69894
35.698475 139.7612
35.728634 139.5526
35.688923 139.69957
35.666565 139.72621
35.58412 139.70387
35.658524 139.70132
35.702705 139.56084
35.681377 139.76608
35.762917 139.72768
35.700912 139.7069
35.702717 139.56166
35.560684 139.72372
35.701584 139.7069
35.70736 139.77461
35.70673 139.68753
35.729485 139.71086
35.698597 139.77303
35.658524 139.70132
35.658524 139.70132
35.702682 139.75047
35.66669 139.75813
35.647694 139.7446
35.60697 139.6854
35.70108 139.7077
35.70072 139.77242
35.670544 139.71785
35.53489 139.69946
35.630024 139.74039
35.624977 139.73079
35.66467 139.76018
35.657345 139.75026
35.646877 139.70995
35.6444 139.86159
35.55138 139.7884
35.65643 139.54462
35.703842 139.59937
35.665634 139.73163
35.646877 139.70995
35.657303 139.54356
35.6454 139.83292
35.646408 139.80711
35.708805 139.61385
35.532753 139.70074
35.708958 139.79657
35.72056 139.70634
35.658524 139.70132
35.69777 139.64807
35.681023 139.768
35.72114 139.70578
35.690063 139.69456
35.603912 139.6826
35.729866 139.71095
35.721928 139.7062
35.714367 139.76004
35.801918 139.71759
35.701622 139.75314
35.81739 139.79408
35.620815 139.56972
35.587875 139.73541
35.617672 139.66782
35.712955 139.7037
35.630146 139.74043
35.712902 139.7039
35.531326 139.6969
35.67207 139.75719
35.657726 139.70015
35.692394 139.72287
35.712902 139.7039
35.587757 139.73453
35.68375 139.7456
35.729866 139.71095
35.681377 139.76608
35.686913 139.76361
35.658524 139.70132
35.666565 139.72621
35.68382 139.70168
35.818035 139.78842
35.669952 139.74084
35.690804 139.70027
35.68815 139.70023
35.701294 139.70004
35.77168 139.73361
35.672195 139.48047
35.633644 139.53526
35.690804 139.70027
35.685257 139.70947
35.749645 139.80515
35.690784 139.70636
35.666847 139.77832
35.626118 139.72365
35.74801 139.80661
35.681377 139.76608
35.660027 139.69592
35.749645 139.80515
35.645924 139.82692
35.66051 139.72922
35.61769 139.7287
35.690704 139.77843
35.664593 139.7846
35.645733 139.74757
35.632812 139.88031
35.628967 139.74097
35.67561 139.7513
35.642372 139.71352
35.63463 139.79324
35.603752 139.5076
35.689022 139.8157
35.745617 139.71957
35.627525 139.7788
35.665787 139.73096
35.70812 139.74895
35.70583 139.6658
35.7587 139.6894
35.681377 139.76608
35.64907 139.75262
35.658524 139.70132
35.654865 139.79626
35.71939 139.56242
35.698395 139.69806
35.589615 139.73032
35.658234 139.70854
35.696846 139.69768
35.7198 139.70416
35.6942 139.7834
35.68376 139.76859
35.682568 139.68828
35.65266 139.74416
35.665634 139.73163
35.690804 139.70027
35.698597 139.77303
35.680008 139.77365
35.750866 139.8669
35.690804 139.70027
35.661415 139.70787
35.731842 139.72806
35.693344 139.69292
35.661404 139.66725
35.52634 139.62613
35.61988 139.72838
35.6115 139.62662
35.67687 139.82703
35.690804 139.70027
35.662918 139.75995
35.67561 139.7513
35.6462 139.62062
35.69807 139.77548
35.698597 139.77303
35.633644 139.53526
35.708187 139.75214
35.651657 139.7577
35.703453 139.60219
35.75576 139.73357
35.756096 139.73332
35.707134 139.7854
35.660427 139.69945
35.71473 139.79674
35.75075 139.58206
35.656372 139.69942
35.693474 139.76915
35.69906 139.75285
35.66845 139.65038
35.6595 139.7286
35.609573 139.74731
35.729237 139.71085
35.73023 139.71117
35.64615 139.82742
35.702705 139.56084
35.63057 139.71434
35.737926 139.76103
35.58132 139.51659
35.70462 139.61998
35.670544 139.71785
35.69397 139.70496
35.77806 139.72084
35.701904 139.67575
35.74661 139.7469
35.665447 139.8369
35.748806 139.7196
35.690804 139.70027
35.74576 139.74438
35.70104 139.6828
35.644615 139.50247
35.690804 139.70027
35.744267 139.82332
35.701637 139.68831
35.69303 139.70221
35.8457 139.64722
35.653347 139.54272
35.70206 139.69518
35.65189 139.5444
35.752434 139.73813
35.659893 139.53561
35.727623 139.57713
35.630024 139.74039
35.65742 139.54025
35.688004 139.69899
35.75283 139.73819
35.628178 139.73788
35.64004 139.59874
35.75626 139.69458
35.55138 139.7884
35.702705 139.56084
35.6091 139.5163
35.807552 139.71397
35.75009 139.76497
35.55134 139.78108
35.607536 139.66884
35.658195 139.70203
35.64762 139.7094
35.658524 139.70132
35.658184 139.7029
35.563015 139.62772
35.561035 139.67104
35.620518 139.75082
35.628178 139.73788
35.690804 139.70027
35.6746 139.7777
35.623123 139.74918
35.753494 139.87022
35.767155 139.84778
35.579803 139.57343
35.633896 139.5311
35.68394 139.70114
35.531326 139.6969
35.75136 139.54591
35.6115 139.62662
35.66047 139.72928
35.729027 139.71109
35.55207 139.64734
35.737057 139.48825
35.730274 139.71138
35.658577 139.71078
35.690693 139.71149
35.548615 139.79268
35.699326 139.48032
35.712955 139.7037
35.665035 139.7125
35.702705 139.56084
35.756912 139.87563
35.664318 139.76228
35.62568 139.71341
35.54896 139.78418
35.68006 139.7697
35.63006 139.62233
35.70231 139.74503
35.55243 139.64749
35.658524 139.70132
35.628227 139.73871
35.729866 139.71095
35.77203 139.82043
35.66033 139.79404
35.7565 139.8753
35.65943 139.70056
35.683773 139.76772
35.68085 139.76643
35.74113 139.71666
35.68972 139.69925
35.701294 139.70004
35.568405 139.55351
35.698677 139.77422
35.60743 139.68562
35.604267 139.6
35.682713 139.76505
35.572098 139.70288
35.65972 139.72348
35.8457 139.64722
35.82688 139.66014
35.59714 139.7446
35.788216 139.61269
35.55454 139.7297
35.7139 139.78523
35.658195 139.70203
35.5532 139.64682
35.64735 139.62408
35.7308 139.71056
35.750866 139.8669
35.68212 139.80034
35.645233 139.56104
35.66669 139.75813
35.61264 139.7192
35.66051 139.72922
35.676987 139.71143
35.58656 139.66669
35.611603 139.62634
35.56227 139.71584
35.690804 139.70027
35.711098 139.78261
35.57573 139.65965
35.745888 139.8563
35.689682 139.70079
35.662144 139.7328
35.598248 139.71857
35.65455 139.75674
35.672867 139.76317
35.66439 139.73369
35.6035 139.61752
35.536766 139.70288
35.664032 139.73387
35.655617 139.75674
35.607105 139.73479
35.532753 139.70074
35.672188 139.76749
35.822216 139.5752
35.65189 139.5444
35.531868 139.7002
35.55206 139.78815
35.713657 139.7771
35.662876 139.73146
35.60743 139.68562
35.690804 139.70027
35.711414 139.77718
35.77806 139.72084
35.712452 139.77592
35.55863 139.55151
35.531536 139.69675
35.673203 139.76047
35.645733 139.74757
35.57668 139.65947
35.531326 139.6969
35.71679 139.85826
35.57668 139.65964
35.743996 139.81157
35.693935 139.70094
35.53165 139.69716
35.57667 139.6595
35.58105 139.64142
35.619194 139.7283
35.733692 139.74028
35.531326 139.6969
35.607105 139.73479
35.531536 139.69675
35.690804 139.70027
35.725784 139.72987
35.66669 139.75813
35.65688 139.75433
35.791878 139.64587
35.64672 139.7457
35.763435 139.67648
35.55884 139.5514
35.814167 139.80132
35.673046 139.75992
35.531326 139.6969
35.684208 139.71631
35.61702 139.74338
35.69605 139.75124
35.67934 139.76385
35.728664 139.56422
35.749565 139.8046
35.561035 139.67104
35.690804 139.70027
35.75136 139.54591
35.6589 139.70326
35.690804 139.70027
35.658524 139.70132
35.71373 139.77641
35.778942 139.60391
35.69777 139.64807
35.71301 139.77583
35.603752 139.5076
35.583385 139.64168
35.603752 139.5076
35.807854 139.84503
35.684113 139.72224
35.568665 139.5534
35.777225 139.79045
35.66472 139.76166
35.646553 139.71022
35.61606 139.73862
35.728104 139.77127
35.684113 139.72224
35.53638 139.7035
35.553753 139.57817
35.700584 139.76404
35.554386 139.57903
35.53655 139.70413
35.683556 139.72205
35.55366 139.57912
35.56351 139.6789
35.553875 139.57817
35.565147 139.68066
35.698597 139.77303
35.645832 139.7464
35.7002 139.76361
35.690804 139.70027
35.630146 139.74043
35.677517 139.7654
35.729866 139.71095
35.628178 139.73788
35.729027 139.71109
35.706585 139.76068
35.70583 139.6658
35.690804 139.70027
35.67965 139.77997
35.68399 139.72452
35.6387 139.74004
35.61559 139.57701
35.79465 139.51378
35.531326 139.6969
35.670277 139.67062
35.615395 139.57709
35.69807 139.77548
35.69648 139.81502
35.815655 139.70436
35.71115 139.77356
35.66427 139.78465
35.76873 139.66187
35.645733 139.74757
35.53694 139.63487
35.53846 139.5919
35.711487 139.77437
35.84768 139.66914
35.732944 139.88167
35.55099 139.67557
35.817646 139.66959
35.658524 139.70132
35.68531 139.72249
35.690804 139.70027
35.689133 139.70001
35.607536 139.66884
35.545612 139.57545
35.6905 139.7
35.672195 139.48047
35.614944 139.57693
35.690346 139.69978
35.75136 139.54591
35.614365 139.57883
35.614628 139.52824
35.687042 139.69887
35.732616 139.76799
35.68903 139.81567
35.62013 139.72829
35.607105 139.73479
35.814747 139.58684
35.732117 139.76671
35.815445 139.58719
35.68599 139.76343
35.615135 139.57942
35.788223 139.61293
35.620815 139.67314
35.690804 139.70027
35.619194 139.7283
35.586864 139.70593
35.65449 139.8424
35.628178 139.73788
35.671726 139.83698
35.697002 139.6827
35.665497 139.75964
35.697926 139.6829
35.669273 139.83762
35.615295 139.57944
35.690804 139.70027
35.71014 139.8134
35.67069 139.83418
35.55342 139.57712
35.702705 139.56084
35.690804 139.70027
35.710762 139.8129
35.719425 139.6638
35.70736 139.77461
35.55456 139.57632
35.828426 139.80347
35.54506 139.76903
35.690804 139.70027
35.661373 139.72917
35.668827 139.83066
35.57131 139.68562
35.729496 139.7913
35.64694 139.74736
35.815655 139.70436
35.70858 139.80463
35.670982 139.79085
35.717964 139.81673
35.545147 139.78526
35.798077 139.77174
35.62049 139.7044
35.67996 139.78009
35.658524 139.70132
35.66899 139.67972
35.736515 139.74683
35.654686 139.75731
35.70799 139.79073
35.74954 139.58653
35.709694 139.73132
35.748306 139.56767
35.817646 139.66959
35.73625 139.74709
35.57491 139.66324
35.68468 139.76605
35.668827 139.83066
35.653652 139.75735
35.531326 139.6969
35.532307 139.69707
35.532753 139.70074
35.63627 139.88344
35.60743 139.68562
35.777225 139.79045
35.69167 139.77087
35.531265 139.6949
35.55138 139.67172
35.560207 139.65349
35.532284 139.69939
35.658524 139.70132
35.700253 139.48026
35.791878 139.64587
35.729866 139.71095
35.528484 139.69832
35.7141 139.77689
35.814747 139.58684
35.69958 139.76523
35.729633 139.70943
35.68892 139.69792
35.71373 139.77641
35.630146 139.74043
35.6066 139.73422
35.79221 139.71773
35.672318 139.79456
35.60713 139.7342
35.701736 139.52483
35.629257 139.7865
35.56227 139.71584
35.654366 139.75688
35.620785 139.56992
35.690804 139.70027
35.668224 139.60114
35.84768 139.66914
35.698154 139.75395
35.59329 139.73059
35.768753 139.70227
35.69958 139.76523
35.689857 139.83566
35.742252 139.81056
35.67282 139.69432
35.701344 139.50644
35.689396 139.8262
35.621887 139.75092
35.730354 139.71056
35.72777 139.77097
35.746387 139.71971
35.71035 139.80904
35.586845 139.66153
35.620815 139.56972
35.723804 139.64914
35.684742 139.77444
35.732124 139.76678
35.626537 139.72334
35.705376 139.64986
35.66669 139.75813
35.67255 139.90215
35.658524 139.70132
35.701736 139.52483
35.664455 139.79681
35.57573 139.65965
35.605145 139.74255
35.6506 139.68431
35.66361 139.87271
35.618725 139.72801
35.710037 139.8107
35.56082 139.569
35.688915 139.81557
35.725525 139.76321
35.608467 139.6478
35.665115 139.71246
35.729866 139.71095
35.645733 139.74757
35.708958 139.79657
35.661373 139.72917
35.562477 139.71605
35.628967 139.74097
35.60354 139.73244
35.646877 139.70995
35.690266 139.76404
35.665115 139.71246
35.531326 139.6969
35.57668 139.65947
35.686005 139.73067
35.729866 139.71095
35.658733 139.70163
35.846527 139.66934
35.745888 139.8563
35.848515 139.66885
35.631786 139.73436
35.703842 139.59937
35.672318 139.79456
35.60995 139.71196
35.6455 139.69736
35.698338 139.77304
35.617188 139.56456
35.700256 139.48103
35.708958 139.79657
35.855843 139.77283
35.69643 139.81395
35.58937 139.73013
35.58937 139.73013
35.807854 139.84503
35.84768 139.66914
35.66361 139.87271
35.586864 139.70593
35.82136 139.6284
35.60487 139.73476
35.66879 139.70477
35.70615 139.52599
35.700256 139.48026
35.699444 139.76181
35.712955 139.7037
35.62821 139.73842
35.654106 139.56667
35.62851 139.73833
35.703007 139.77167
35.628227 139.73871
35.778942 139.60391
35.690804 139.70027
35.63368 139.71552
35.68321 139.76889
35.620815 139.56972
35.62882 139.73862
35.65227 139.72223
35.55138 139.7884
35.630146 139.74043
35.530987 139.69662
35.690804 139.70027
35.619698 139.72855
35.673744 139.66725
35.690804 139.70027
35.680645 139.76636
35.70853 139.79562
35.690784 139.70636
35.69981 139.77182
35.660313 139.72957
35.70185 139.7624
35.83974 139.65001
35.6925 139.74088
35.66669 139.75813
35.777603 139.63293
35.552727 139.696
35.620815 139.56972
35.70357 139.75511
35.640244 139.74593
35.71455 139.77809
35.719425 139.6638
35.729866 139.71095
35.684353 139.7372
35.65189 139.5444
35.697926 139.6829
35.618374 139.72757
35.619564 139.56223
35.685017 139.77151
35.702705 139.56084
35.66959 139.8176
35.630814 139.72594
35.628178 139.73788
35.836678 139.68079
35.689133 139.70001
35.672203 139.79579
35.65496 139.74365
35.6867 139.7034
35.746784 139.75464
35.587822 139.56647
35.620186 139.56128
35.625404 139.74205
35.691517 139.6984
35.72777 139.77097
35.627907 139.74077
35.702705 139.56084
35.577423 139.55844
35.626568 139.7414
35.63023 139.79137
35.673744 139.66725
35.64694 139.74736
35.62759 139.74197
35.68402 139.73769
35.70231 139.74503
35.702194 139.54482
35.656906 139.75717
35.690804 139.70027
35.568665 139.5534
35.70231 139.74503
35.630146 139.74043
35.60979 139.7497
35.68998 139.69737
35.691715 139.69864
35.59119 139.55368
35.730354 139.71056
35.599022 139.6112
35.617188 139.56456
35.56807 139.55347
35.653866 139.7498
35.69643 139.81395
35.676334 139.78603
35.630146 139.74043
35.658524 139.70132
35.698677 139.77422
35.66669 139.75813
35.647522 139.74843
35.70583 139.6658
35.710857 139.75293
35.68251 139.76492
35.611065 139.62582
35.669468 139.81882
35.67487 139.67111
35.678078 139.76706
35.62104 139.56946
35.74113 139.71666
35.779667 139.6897
35.608334 139.561
35.619698 139.72855
35.665787 139.73096
35.68342 139.73878
35.71585 139.69514
35.6731 139.74077
35.79221 139.71773
35.69138 139.73672
35.65843 139.69893
35.66745 139.80324
35.620358 139.72896
35.729866 139.71095
35.593792 139.60565
35.68972 139.70695
35.560684 139.72372
35.531326 139.6969
35.57491 139.66324
35.587322 139.59134
35.694607 139.7986
35.584877 139.58199
35.6175 139.77936
35.620785 139.56992
35.56227 139.71584
35.574368 139.66206
35.7403 139.70969
35.68972 139.70695
35.699173 139.77255
35.707188 139.66376
35.667614 139.63184
35.690804 139.70027
35.698597 139.77303
35.619698 139.72855
35.673283 139.78331
35.712948 139.76108
35.77806 139.72084
35.65643 139.54462
35.558365 139.71373
35.698597 139.77303
35.749645 139.80515
35.690804 139.70027
35.703842 139.59937
35.58041 139.6633
35.766956 139.82068
35.74801 139.80661
35.703842 139.59937
35.701736 139.52483
35.61393 139.6907
35.62412 139.72897
35.788216 139.61269
35.74911 139.80641
35.681377 139.76608
35.68972 139.69925
35.617832 139.67639
35.72841 139.71104
35.67282 139.72403
35.688602 139.69894
35.73479 139.75394
35.73479 139.75394
35.645733 139.74757
35.697468 139.78598
35.70231 139.74503
35.687084 139.76546
35.712025 139.7035
35.69747 139.68286
35.706238 139.6452
35.689133 139.70001
35.531326 139.6969
35.645733 139.74757
35.72797 139.77124
35.70619 139.64697
35.706055 139.64822
35.660366 139.72897
35.55138 139.7884
35.763786 139.72733
35.679085 139.77995
35.68677 139.7666
35.690804 139.70027
35.762096 139.82492
35.672485 139.72467
35.72129 139.75206
35.628227 139.73871
35.749332 139.8051
35.53108 139.69699
35.607124 139.6224
35.56459 139.61174
35.658524 139.70132
35.68659 139.76591
35.69985 139.76378
35.672264 139.47972
35.54506 139.76903
35.71373 139.77641
35.679466 139.74146
35.65678 139.79576
35.66631 139.75862
35.70113 139.48145
35.65728 139.75331
35.730354 139.71056
35.549618 139.62015
35.627163 139.57362
35.562923 139.56981
35.682987 139.7383
35.736496 139.75177
35.644314 139.6991
35.588432 139.72792
35.73007 139.71114
35.69958 139.76523
35.628696 139.73965
35.698494 139.7725
35.553825 139.78769
35.659424 139.74129
35.7587 139.6894
35.670364 139.7433
35.633137 139.71567
35.7032 139.57991
35.589745 139.66878
35.645733 139.74757
35.75849 139.62885
35.671703 139.74149
35.681366 139.68884
35.747574 139.84018
35.791233 139.69139
35.696915 139.77547
35.67697 139.78595
35.709442 139.69492
35.690804 139.70027
35.634357 139.73662
35.683777 139.78214
35.6054 139.50659
35.686005 139.73067
35.698597 139.77303
35.531536 139.69675
35.68468 139.76605
35.736416 139.74997
35.562923 139.56981
35.636276 139.73322
35.737926 139.76103
35.699234 139.7744
35.561356 139.57509
35.69133 139.69708
35.682728 139.77885
35.845795 139.64745
35.661514 139.72946
35.729866 139.71095
35.68206 139.78603
35.566597 139.73633
35.665146 139.75688
35.695965 139.75807
35.66669 139.75813
35.635834 139.73135
35.690804 139.70027
35.655216 139.76242
35.70357 139.75511
35.70231 139.74503
35.7218 139.70636
35.658524 139.70132
35.74113 139.71666
35.668842 139.62347
35.738186 139.76033
35.531326 139.6969
35.6576 139.75305
35.700253 139.48026
35.77806 139.72084
35.630146 139.74043
35.766125 139.80922
35.698494 139.7725
35.6701 139.70648
35.5532 139.64682
35.655518 139.75673
35.70068 139.77205
35.562923 139.56981
35.749645 139.80515
35.689396 139.8262
35.630146 139.74043
35.698597 139.77303
35.749645 139.80515
35.712902 139.7039
35.72777 139.77097
35.618374 139.72757
35.67737 139.75175
35.62645 139.72343
35.709385 139.67093
35.55138 139.7884
35.6091 139.5163
35.690804 139.70027
35.66557 139.76068
35.670677 139.70253
35.696438 139.81395
35.564323 139.65405
35.698597 139.77303
35.63227 139.73071
35.702194 139.75517
35.561356 139.57509
35.588432 139.72792
35.69556 139.77588
35.562477 139.71605
35.527447 139.70128
35.561356 139.57509
35.665436 139.75516
35.66021 139.7095
35.561996 139.5743
35.768497 139.743
35.729866 139.71095
35.679558 139.7627
35.698597 139.77303
35.700584 139.75386
35.733456 139.73949
35.630146 139.74043
35.622944 139.75063
35.745895 139.74231
35.85857 139.6569
35.749565 139.8046
35.658596 139.69954
35.69743 139.80943
35.679863 139.77075
35.669876 139.61572
35.628647 139.73851
35.713696 139.77751
35.659706 139.79143
35.630386 139.7291
35.645367 139.74788
35.718975 139.7275
35.562477 139.71605
35.712902 139.7039
35.62851 139.73833
35.68229 139.76627
35.732277 139.71979
35.68459 139.78171
35.683594 139.70224
35.678875 139.78748
35.658745 139.69913
35.689575 139.53127
35.730354 139.71056
35.622837 139.74924
35.655212 139.76244
35.702705 139.56084
35.703205 139.79095
35.682938 139.73222
35.709316 139.77298
35.729866 139.71095
35.693676 139.69585
35.681377 139.76608
35.640663 139.80342
35.670677 139.70253
35.655617 139.75674
35.666157 139.75005
35.666615 139.75818
35.562923 139.56981
35.630146 139.74043
35.630146 139.74043
35.84768 139.66914
35.67498 139.76321
35.707104 139.78127
35.701916 139.74498
35.671745 139.7238
35.692333 139.77127
35.66669 139.75813
35.561356 139.57509
35.67867 139.78706
35.701935 139.58168
35.63368 139.71552
35.562477 139.71605
35.67846 139.78137
35.71373 139.77641
35.681587 139.76862
35.704395 139.79514
35.568405 139.55351
35.63414 139.71672
35.698257 139.75453
35.63347 139.66165
35.72777 139.77097
35.5826 139.67325
35.703342 139.58089
35.647522 139.74843
35.62613 139.7409
35.703186 139.57991
35.56158 139.57454
35.660294 139.72928
35.632553 139.66017
35.681168 139.71144
35.700073 139.77249
35.668224 139.60114
35.63145 139.65804
35.704967 139.7481
35.607124 139.6224
35.681377 139.76608
35.656868 139.75455
35.629456 139.65836
35.776566 139.6315
35.666443 139.77231
35.814747 139.58684
35.658913 139.6551
35.66798 139.82257
35.6694 139.75691
35.815445 139.58719
35.733353 139.88202
35.66906 139.74245
35.60979 139.7497
35.66427 139.78465
35.64717 139.74744
35.681377 139.76608
35.681297 139.76703
35.67048 139.74762
35.665485 139.73117
35.70649 139.7371
35.681377 139.76608
35.840767 139.79628
35.68104 139.76688
35.681217 139.77151
35.587337 139.62943
35.681377 139.76608
35.681377 139.76608
35.561142 139.71815
35.732944 139.88167
35.630146 139.74043
35.730232 139.70407
35.71664 139.66199
35.695503 139.75171
35.658745 139.69913
35.729866 139.71095
35.702934 139.7547
35.62638 139.72453
35.55481 139.74033
35.619076 139.73056
35.70119 139.74445
35.696438 139.81395
35.7032 139.57991
35.695503 139.75171
35.659374 139.69841
35.8457 139.64722
35.625362 139.72389
35.695896 139.69997
35.840767 139.79628
35.785347 139.64001
35.667614 139.63184
35.680367 139.7616
35.669334 139.70364
35.655617 139.75674
35.564438 139.71645
35.683502 139.66388
35.698597 139.77303
35.730377 139.7124
35.562477 139.71605
35.64004 139.59874
35.737408 139.65475
35.700912 139.7069
35.630146 139.74043
35.630146 139.74043
35.66917 139.6328
35.701584 139.7069
35.683636 139.76155
35.686913 139.76361
35.77806 139.72084
35.655613 139.70369
35.677017 139.73705
35.712948 139.76108
35.597958 139.7454
35.63627 139.88344
35.562477 139.71605
35.665035 139.7125
35.70583 139.6658
35.710117 139.82803
35.59974 139.61023
35.57668 139.65947
35.7427 139.72722
35.708496 139.75284
35.797108 139.6017
35.68972 139.69925
35.729866 139.71095
35.68334 139.76056
35.729866 139.71095
35.633896 139.5311
35.66163 139.66655
35.68135 139.76778
35.668644 139.65048
35.66836 139.6504
35.70108 139.7077
35.655518 139.75673
35.65189 139.5444
35.683792 139.75931
35.575733 139.65965
35.619698 139.72855
35.630146 139.74043
35.687523 139.79219
35.562515 139.71698
35.6724 139.72461
35.688602 139.69894
35.687767 139.76398
35.627285 139.72054
35.627907 139.74077
35.695965 139.75807
35.669186 139.64818
35.628178 139.73788
35.607647 139.73474
35.658524 139.70132
35.730045 139.68303
35.66279 139.75963
35.66051 139.72922
35.627983 139.77917
35.67161 139.70273
35.630146 139.74043
35.721596 139.70679
35.56124 139.716
35.710567 139.7314
35.700073 139.77249
35.69365 139.76543
35.629322 139.77908
35.66319 139.73213
35.68637 139.72446
35.57668 139.65947
35.585255 139.72647
35.700363 139.75043
35.56407 139.59436
35.659485 139.70021
35.673744 139.66725
35.630146 139.74043
35.630146 139.74043
35.673744 139.66725
35.723804 139.64914
35.70835 139.71976
35.71294 139.75964
35.619698 139.72855
35.728832 139.71034
35.729866 139.71095
35.67479 139.60542
35.678078 139.56776
35.72935 139.71817
35.72777 139.77097
35.749645 139.80515
35.846504 139.66913
35.690804 139.70027
35.677055 139.67616
35.658195 139.70203
35.63627 139.88344
35.68276 139.75565
35.67458 139.71713
35.708584 139.73761
35.693657 139.76956
35.658524 139.70132
35.725384 139.73143
35.607094 139.7313
35.7198 139.70416
35.690804 139.70027
35.654747 139.71782
35.658596 139.69954
35.71021 139.72812
35.673264 139.7203
35.707478 139.5616
35.708153 139.48848
35.69958 139.76523
35.700073 139.77249
35.699043 139.69972
35.66228 139.70831
35.679016 139.73488
35.70623 139.68584
35.676266 139.78766
35.689022 139.8157
35.65739 139.69696
35.658524 139.70132
35.694878 139.73698
35.68932 139.70045
35.671577 139.74126
35.729233 139.90709
35.6589 139.70326
35.675114 139.75961
35.672325 139.73654
35.665787 139.73096
35.663315 139.73212
35.747574 139.84018
35.587337 139.62943
35.686356 139.78224
35.729866 139.71095
35.858875 139.75368
35.665485 139.73117
35.708958 139.79657
35.656372 139.69934
35.76569 139.74432
35.65526 139.70079
35.698475 139.7612
35.662647 139.70918
35.6444 139.86159
35.65697 139.75467
35.603752 139.5076
35.644314 139.6991
35.628647 139.73851
35.645733 139.74757
35.687153 139.69223
35.678585 139.75366
35.706036 139.6857
35.657856 139.69786
35.57573 139.65965
35.514996 139.66551
35.655514 139.7568
35.71373 139.77641
35.68536 139.77429
35.637646 139.69115
35.691086 139.73564
35.75859 139.78929
35.705055 139.64989
35.55138 139.7884
35.658314 139.69908
35.703217 139.58072
35.669308 139.74231
35.690804 139.70027
35.630024 139.74039
35.691006 139.71436
35.801025 139.71848
35.740032 139.74649
35.710026 139.7605
35.65886 139.69978
35.669685 139.76726
35.67414 139.77663
35.652874 139.60133
35.66051 139.72922
35.633644 139.53526
35.658524 139.70132
35.68375 139.7456
35.70137 139.70476
35.68103 139.77695
35.72777 139.77097
35.668484 139.76886
35.681206 139.68636
35.71373 139.77641
35.73988 139.74678
35.658524 139.70132
35.697456 139.68329
35.646877 139.70995
35.65578 139.89392
35.702194 139.75517
35.690804 139.70027
35.670544 139.71785
35.705585 139.7519
35.624977 139.73079
35.68304 139.70216
35.69813 139.63881
35.564827 139.71773
35.69928 139.63799
35.69958 139.63634
35.617832 139.67639
35.69643 139.81395
35.603752 139.5076
35.66629 139.47705
35.660427 139.69945
35.647015 139.74838
35.69194 139.69966
35.681377 139.76608
35.638054 139.6262
35.53694 139.63487
35.668636 139.70563
35.860283 139.71614
35.678608 139.76169
35.62049 139.7044
35.74954 139.58653
35.669033 139.49524
35.693657 139.75868
35.658524 139.70132
35.658524 139.70132
35.693092 139.6932
35.54917 139.78479
35.69235 139.7011
35.609352 139.7429
35.65455 139.75674
35.7302 139.71825
35.689903 139.69843
35.6283 139.62479
35.673466 139.76953
35.709316 139.77298
35.663006 139.74504
35.678825 139.76315
35.670677 139.70253
35.685257 139.70947
35.645676 139.78563
35.708538 139.74881
35.725506 139.73094
35.628227 139.73871
35.672894 139.75839
35.647537 139.74492
35.66042 139.70543
35.690804 139.70027
35.625328 139.63397
35.653866 139.7498
35.712902 139.7039
35.64004 139.59874
35.69793 139.70879
35.72979 139.71542
35.681377 139.76608
35.801918 139.71759
35.658234 139.70854
35.700253 139.48026
35.712902 139.7039
35.686913 139.76361
35.607105 139.73479
35.668396 139.7481
35.628178 139.74033
35.55138 139.7884
35.708897 139.80327
35.749645 139.80515
35.60743 139.68562
35.62792 139.74
35.682434 139.77393
35.700363 139.75043
35.663006 139.74504
35.546356 139.78499
35.698597 139.77303
35.69985 139.76378
35.663006 139.74504
35.668636 139.70563
35.712902 139.7039
35.698597 139.77303
35.84768 139.66914
35.620815 139.56972
35.690704 139.77843
35.665665 139.73073
35.706333 139.68462
35.55133 139.67513
35.654896 139.74059
35.66019 139.70679
35.652607 139.7444
35.729866 139.71095
35.704784 139.75746
35.6568 139.75714
35.68403 139.77444
35.682796 139.68687
35.729866 139.71095
35.693905 139.8371
35.645733 139.74757
35.657173 139.54051
35.619698 139.72855
35.672195 139.48047
35.681377 139.76608
35.670326 139.75443
35.636692 139.5871
35.65266 139.74416
35.588432 139.72792
35.70582 139.72285
35.645924 139.82692
35.681248 139.76749
35.690804 139.70027
35.701942 139.74364
35.691296 139.73547
35.55138 139.7884
35.690804 139.70027
35.628227 139.73871
35.532753 139.70074
35.689194 139.70724
35.690804 139.70027
35.588432 139.72792
35.57958 139.57301
35.677013 139.73705
35.655693 139.73631
35.698597 139.77303
35.58105 139.64142
35.713997 139.70392
35.677338 139.5676
35.574913 139.66324
35.682796 139.68687
35.666183 139.47691
35.672195 139.48047
35.66985 139.47772
35.57667 139.6595
35.711357 139.76006
35.676308 139.78458
35.73023 139.71117
35.69832 139.76349
35.65189 139.5444
35.681133 139.76782
35.61769 139.7287
35.664707 139.7395
35.69807 139.77548
35.626797 139.77437
35.67719 139.76703
35.646168 139.7079
35.675808 139.74489
