35.680576 139.7645
35.64221 139.673
35.694603 139.77954
35.673744 139.66725
35.62581 139.72452
35.646687 139.67761
35.562477 139.71605
35.66301 139.66882
35.71325 139.79231
35.698 139.65784
35.72538 139.69524
35.676277 139.66788
35.681377 139.76608
35.677856 139.73657
35.763756 139.67642
35.690804 139.70027
35.70583 139.6658
35.692394 139.72287
35.703686 139.57922
35.643246 139.67001
35.71238 139.6323
35.607243 139.66904
35.77152 139.86906
35.667133 139.74039
35.587322 139.59134
35.629013 139.68571
35.673744 139.66725
35.696472 139.61305
35.711655 139.69751
35.603134 139.7081
35.690876 139.6697
35.66283 139.69461
35.660965 139.72409
35.643673 139.6693
35.712902 139.68613
35.66427 139.78465
35.711334 139.78271
35.65296 139.54608
35.712322 139.68593
35.729866 139.71095
35.729633 139.70943
35.645046 139.6504
35.668224 139.60114
35.713413 139.77606
35.71176 139.68492
35.68722 139.68954
35.576576 139.57384
35.729866 139.71095
35.66942 139.7651
35.659706 139.69556
35.646687 139.67761
35.647053 139.70242
35.67121 139.70473
35.710102 139.77388
35.698025 139.77242
35.713413 139.77606
35.647053 139.70242
35.68891 139.69925
35.52781 139.69728
35.694424 139.74307
35.70583 139.6658
35.692028 139.72096
35.819027 139.72305
35.669155 139.63313
35.706635 139.68338
35.52781 139.69728
35.65834 139.69987
35.785347 139.64001
35.700108 139.69771
35.707073 139.6647
35.711285 139.783
35.659504 139.66771
35.52781 139.69728
35.700817 139.68352
35.64587 139.69707
35.62645 139.72343
35.6091 139.5163
35.634476 139.71338
35.77806 139.72084
35.683 139.72873
35.599556 139.60968
35.63228 139.71225
35.657795 139.69872
35.70223 139.54482
35.70968 139.79138
35.521408 139.63022
35.815655 139.70436
35.671726 139.83698
35.62662 139.70331
35.700253 139.48026
35.52781 139.69728
35.66462 139.73198
35.62411 139.72316
35.57965 139.64458
35.703457 139.48055
35.69761 139.61972
35.647053 139.70242
35.681316 139.62811
35.6845 139.68622
35.8039 139.71118
35.745445 139.78235
35.621304 139.70148
35.576416 139.71413
35.708336 139.77061
35.558727 139.70877
35.67449 139.79578
35.67968 139.6248
35.690468 139.70819
35.607536 139.73238
35.6904 139.70914
35.646996 139.69807
35.68959 139.70152
35.697994 139.77126
35.74959 139.86545
35.669422 139.8638
35.64914 139.69937
35.660076 139.75223
35.80774 139.80156
35.693943 139.70444
35.74948 139.86534
35.6945 139.6984
35.70108 139.77661
35.640766 139.59879
35.69306 139.706
35.701614 139.77971
35.71188 139.70859
35.655155 139.70467
35.6266 139.72493
35.694035 139.69917
35.712242 139.77882
35.77076 139.81134
35.702564 139.77379
35.671806 139.70938
35.650345 139.67825
35.732616 139.71405
35.628914 139.68677
35.6243 139.7229
35.693977 139.70087
35.573772 139.74818
35.636276 139.73322
35.70364 139.70412
35.635834 139.73135
35.70086 139.73984
35.70234 139.7039
35.63227 139.73071
35.635117 139.73479
35.694023 139.70488
35.64634 139.52963
35.74054 139.61697
35.645622 139.80191
35.660965 139.72409
35.700916 139.74178
35.711086 139.77513
35.65956 139.72934
35.701225 139.745
35.644253 139.69905
35.662014 139.73477
35.740795 139.70815
35.659584 139.69872
35.69612 139.57051
35.67968 139.6248
35.660706 139.69792
35.647476 139.67809
35.70075 139.77191
35.685055 139.78366
35.671547 139.6162
35.5532 139.64682
35.70075 139.77191
35.69236 139.70094
35.658524 139.70132
35.594627 139.79854
35.727856 139.54292
35.683064 139.78642
35.596428 139.50931
35.66882 139.64749
35.657066 139.69588
35.699528 139.76506
35.582413 139.73622
35.660923 139.75146
35.664593 139.7846
35.747574 139.84018
35.768547 139.6196
35.7032 139.57991
35.60993 139.82565
35.742363 139.64864
35.716087 139.79553
35.60993 139.82565
35.658215 139.69702
35.645733 139.74757
35.766125 139.80922
35.633904 139.71649
35.630146 139.74043
35.633904 139.71649
35.593792 139.60565
35.698597 139.77303
35.6635 139.6991
35.70873 139.66496
35.698597 139.77303
35.698597 139.77303
35.62885 139.73799
35.743553 139.60703
35.65956 139.72934
35.662186 139.7345
35.740795 139.70815
35.689396 139.8262
35.60743 139.68562
35.62787 139.7363
35.708336 139.66614
35.730583 139.71155
35.70503 139.66449
35.659817 139.70038
35.696106 139.79253
35.698338 139.77304
35.658215 139.69702
35.658215 139.69702
35.656944 139.69579
35.857037 139.67503
35.66836 139.6504
35.699505 139.57475
35.700787 139.76973
35.564323 139.65405
35.63679 139.87827
35.69168 139.69551
35.71202 139.7984
35.65842 139.69498
35.706055 139.64822
35.69169 139.77087
35.77806 139.72084
35.706238 139.6452
35.70619 139.64697
35.693615 139.82597
35.706272 139.71962
35.75127 139.70924
35.69371 139.79707
35.801918 139.71759
35.662945 139.66861
35.58108 139.64156
35.661587 139.66748
35.66319 139.73213
35.69409 139.82617
35.629276 139.68701
35.689396 139.8262
35.651367 139.63664
35.689857 139.83566
35.672 139.4798
35.688698 139.69861
35.66255 139.73492
35.7032 139.57991
35.64453 139.71518
35.70402 139.66527
35.697586 139.82608
35.65842 139.69498
35.693615 139.82597
35.692772 139.70549
35.655907 139.88173
35.690475 139.70805
35.768723 139.70273
35.699017 139.77463
35.66254 139.73499
35.643246 139.67001
35.562477 139.71605
35.64129 139.71478
35.634678 139.71623
35.775227 139.69566
35.577084 139.6588
35.67196 139.71667
35.77895 139.69255
35.52709 139.69441
35.70873 139.66496
35.713696 139.77751
35.711086 139.77513
35.588852 139.72905
35.705376 139.64986
35.79037 139.68658
35.618305 139.7395
35.618473 139.73961
35.69001 139.70589
35.621502 139.70453
35.799995 139.68442
35.71473 139.79674
35.659447 139.66737
35.707436 139.65
35.662014 139.73477
35.730453 139.71022
35.51181 139.71396
35.646996 139.69807
35.66868 139.76108
35.668377 139.87512
35.715546 139.77945
35.711086 139.77513
35.53689 139.63335
35.695156 139.79568
35.64994 139.71024
35.704082 139.58095
35.73498 139.71667
35.658802 139.69843
35.694736 139.70009
35.690563 139.70857
35.69089 139.70883
35.727657 139.79895
35.655155 139.70467
35.731743 139.79854
35.690285 139.70802
35.65842 139.69498
35.725677 139.7997
35.70898 139.66612
35.694687 139.70357
35.70846 139.66614
35.657036 139.75473
35.830654 139.69609
35.698544 139.77159
35.65842 139.70909
35.680393 139.73459
35.69397 139.70496
35.64634 139.52963
35.69967 139.81094
35.711086 139.77513
35.669636 139.76541
35.609474 139.74915
35.65742 139.54025
35.646996 139.69807
35.66793 139.7269
35.666615 139.75818
35.60993 139.82565
35.700253 139.48026
35.66816 139.60106
35.67972 139.73494
35.674114 139.6671
35.53107 139.7007
35.620407 139.70659
35.64224 139.82553
35.698597 139.77303
35.706425 139.84251
35.661133 139.78362
35.57491 139.66324
35.763435 139.67648
35.700394 139.79918
35.698414 139.77005
35.742744 139.81331
35.71679 139.85826
35.53694 139.63487
35.65579 139.73703
35.681206 139.68636
35.70274 139.57901
35.69037 139.70137
35.707592 139.61615
35.69877 139.77013
35.732944 139.88167
35.737926 139.76103
35.669437 139.76682
35.69622 139.81326
35.561928 139.71474
35.591774 139.60185
35.68212 139.80034
35.62521 139.77562
35.690804 139.70027
35.699463 139.76572
35.572098 139.70288
35.70216 139.62256
35.607048 139.73448
35.67389 139.9013
35.729866 139.71095
35.693653 139.70146
35.658524 139.70132
35.551933 139.7421
35.749645 139.80515
35.737873 139.65453
35.73361 139.6977
35.65694 139.70251
35.66864 139.68904
35.701736 139.52483
35.697414 139.78471
35.731293 139.71008
35.65842 139.69498
35.612877 139.7192
35.71048 139.81331
35.66669 139.75813
35.749645 139.80515
35.665028 139.75804
35.696537 139.7857
35.571087 139.70381
35.56227 139.71584
35.669605 139.59982
35.66669 139.75813
35.61599 139.71503
35.69122 139.7089
35.72997 139.72888
35.64645 139.71176
35.701344 139.50644
35.803513 139.72011
35.671314 139.7533
35.693333 139.78236
35.641968 139.82507
35.71068 139.81444
35.64224 139.82553
35.792015 139.63123
35.642376 139.6697
35.653503 139.54443
35.728565 139.70912
35.80641 139.78311
35.728382 139.70801
35.738834 139.66277
35.70544 139.57954
35.64744 139.70825
35.751408 139.54536
35.847282 139.68782
35.628227 139.73871
35.613842 139.72464
35.669086 139.68018
35.689507 139.69737
35.60261 139.61945
35.701614 139.77971
35.641968 139.82507
35.698544 139.77159
35.658524 139.70132
35.698597 139.77303
35.56531 139.65303
35.66221 139.73454
35.650906 139.55347
35.728657 139.79985
35.702194 139.54482
35.65363 139.64738
35.672882 139.73805
35.645733 139.74757
35.643356 139.60916
35.741257 139.50195
35.643482 139.74918
35.661423 139.71654
35.590153 139.7285
35.527 139.69418
35.70442 139.57913
35.708775 139.77295
35.658443 139.68604
35.643246 139.67001
35.718163 139.72745
35.563244 139.71567
35.66646 139.4926
35.69633 139.7007
35.658203 139.71872
35.564323 139.65405
35.603115 139.67314
35.5349 139.5878
35.674465 139.73784
35.626404 139.62643
35.69958 139.76523
35.610092 139.75516
35.672226 139.4774
35.68116 139.69807
35.65908 139.70505
35.629192 139.68568
35.55369 139.64577
35.681103 139.54367
35.67241 139.6517
35.694126 139.70099
35.697964 139.77242
35.664417 139.69911
35.767223 139.87126
35.660965 139.72409
35.69946 139.81209
35.65745 139.5876
35.697887 139.82405
35.697887 139.82405
35.643703 139.69762
35.68355 139.78429
35.629868 139.79427
35.69634 139.69838
35.692047 139.826
35.61893 139.72815
35.653503 139.54443
35.69802 139.81532
35.69899 139.81647
35.736652 139.65341
35.73498 139.71667
35.711258 139.7984
35.644314 139.6991
35.697372 139.81357
35.648735 139.69313
35.63441 139.79161
35.6975 139.80586
35.696125 139.65417
35.664417 139.69911
35.697067 139.80135
35.69676 139.80042
35.663982 139.73053
35.648476 139.6802
35.662437 139.7332
35.659748 139.70316
35.69649 139.79608
35.66268 139.7334
35.6962 139.70253
35.69768 139.79688
35.627525 139.7788
35.69691 139.7935
35.65461 139.7452
35.64654 139.70953
35.56186 139.5886
35.694336 139.7887
35.69575 139.7859
35.83964 139.73508
35.659748 139.70316
35.70148 139.70467
35.69667 139.78386
35.62678 139.63457
35.578526 139.57234
35.699497 139.5195
35.709988 139.6678
35.64506 139.88751
35.69369 139.7021
35.824802 139.72475
35.690804 139.70027
35.73673 139.65309
35.707134 139.7854
35.707592 139.61615
35.709988 139.6678
35.631012 139.60089
