35.80455 139.68361
35.789692 139.724
35.531326 139.6969
35.70583 139.6658
35.666145 139.64143
35.594364 139.5734
35.651207 139.54433
35.70108 139.5602
35.585346 139.67484
35.665844 139.85922
35.658745 139.69913
35.658524 139.70132
35.658524 139.70132
35.658524 139.70132
35.658524 139.70132
35.701736 139.52483
35.643246 139.67001
35.704773 139.63538
35.732117 139.76671
35.71406 139.77408
35.667614 139.63184
35.70462 139.61998
35.701347 139.5242
35.665676 139.85912
35.549904 139.7152
35.703842 139.59937
35.655018 139.56364
35.7032 139.57991
35.60843 139.74945
35.749645 139.80515
35.66342 139.72906
35.609573 139.74731
35.702705 139.56084
35.702194 139.54482
35.562386 139.71596
35.729866 139.71095
35.63178 139.64214
35.60704 139.73502
35.704662 139.55515
35.70366 139.63632
35.69957 139.77466
35.69928 139.63799
35.699066 139.63834
35.699528 139.76506
35.643826 139.66989
35.672783 139.72403
35.690804 139.70027
35.673985 139.66722
35.729866 139.71095
35.629116 139.71649
35.725594 139.77663
35.792553 139.6392
35.759438 139.62476
35.69167 139.77087
35.690804 139.70027
35.71176 139.68492
35.653122 139.75417
35.693474 139.76915
35.66827 139.53595
35.662514 139.73413
35.68488 139.77888
35.529476 139.63277
35.698597 139.77303
35.702496 139.73854
35.660076 139.75223
35.690804 139.70027
35.814167 139.80132
35.610443 139.69441
35.521748 139.7123
35.770237 139.64558
35.575733 139.65965
35.6942 139.70169
35.67222 139.7957
35.747574 139.84018
35.530586 139.6864
35.83605 139.79341
35.71522 139.80293
35.624332 139.51572
35.671314 139.7533
35.64694 139.74867
35.729866 139.71095
35.650036 139.63689
35.68749 139.52946
35.62426 139.73918
35.828426 139.80347
35.54319 139.74124
35.656567 139.72401
35.72244 139.85625
35.72246 139.85397
35.537052 139.63457
35.656418 139.73645
35.72944 139.70729
35.64318 139.62799
35.734108 139.71031
35.628105 139.77429
35.658817 139.73216
35.85 139.673
35.54256 139.57321
35.643856 139.52531
35.756096 139.73332
35.733543 139.75456
35.71351 139.77612
35.72765 139.76715
35.59367 139.59901
35.737926 139.76103
35.727966 139.76959
35.732117 139.76671
35.62009 139.74225
35.727703 139.77098
35.71544 139.7794
35.737675 139.76135
35.743797 139.67859
35.728104 139.77127
35.690804 139.70027
35.746895 139.65614
35.710915 139.79788
35.658524 139.70132
35.763435 139.67648
35.52311 139.69148
35.822216 139.5752
35.643566 139.67065
35.681282 139.76607
35.601368 139.71864
35.630146 139.74043
35.60709 139.66866
35.617863 139.7434
35.587322 139.59134
35.67988 139.76837
35.705845 139.61893
35.70843 139.61414
35.7032 139.57991
35.568455 139.55338
35.72771 139.70808
35.742332 139.79707
35.673546 139.76663
35.743996 139.81157
35.69535 139.79387
35.642723 139.66197
35.712597 139.79207
35.703457 139.48055
35.58479 139.59422
35.663315 139.73212
35.759487 139.67424
35.745888 139.8563
35.60138 139.72688
35.617188 139.77982
35.750866 139.8669
35.54107 139.64928
35.709736 139.74364
35.70623 139.68584
35.70205 139.69406
35.71864 139.79254
35.770237 139.64558
35.77041 139.64539
35.752556 139.8781
35.643417 139.66388
35.622307 139.69789
35.71176 139.68492
35.658295 139.69534
35.732613 139.70837
35.705597 139.80054
35.705204 139.61981
35.755108 139.87706
35.711086 139.77513
35.728657 139.79985
35.705685 139.61894
35.70065 139.61769
35.76138 139.7404
35.70075 139.77191
35.751392 139.74878
35.69176 139.77794
35.655155 139.70467
35.695934 139.81139
35.750744 139.74834
35.696472 139.61305
35.66283 139.69461
35.706318 139.61855
35.637608 139.70433
35.72852 139.77467
35.669483 139.71388
35.659786 139.75224
35.65829 139.69533
35.723034 139.5772
35.826664 139.79268
35.705376 139.65108
35.70453 139.77798
35.845886 139.64697
35.66984 139.65042
35.57573 139.65965
35.74661 139.7469
35.689835 139.70274
35.619698 139.72855
35.69777 139.64807
35.620815 139.56972
35.645733 139.74757
35.808033 139.67804
35.67996 139.78009
35.700253 139.48026
35.808033 139.67804
35.71889 139.79033
35.593735 139.69917
35.660076 139.75223
35.649906 139.55133
35.815655 139.70436
35.63745 139.75618
35.65019 139.55106
35.649906 139.55133
35.677055 139.67616
35.60237 139.70645
35.716553 139.79677
35.69958 139.76523
35.6421 139.74188
35.607365 139.66824
35.76328 139.67638
35.67498 139.76321
35.785347 139.64001
35.75739 139.85452
35.760906 139.67468
35.658524 139.70132
35.75596 139.55061
35.737057 139.48825
35.567715 139.69258
35.60854 139.6685
35.784584 139.81079
35.67242 139.73811
35.67566 139.66867
35.733456 139.73949
35.730343 139.70909
35.728687 139.53944
35.73083 139.71579
35.759487 139.67424
35.607174 139.73486
35.72665 139.69472
35.713448 139.77628
35.696472 139.61305
35.689194 139.7025
35.671764 139.7346
35.73153 139.74072
35.69523 139.69856
35.66342 139.72906
35.660152 139.7288
35.69534 139.80531
35.73253 139.70741
35.707134 139.7854
35.664104 139.76044
35.60993 139.82565
35.658524 139.70132
35.65829 139.69533
35.565243 139.64426
35.565243 139.64426
35.691093 139.70677
35.698994 139.77293
35.658443 139.68604
35.76305 139.73235
35.791092 139.83495
35.65829 139.69533
35.665756 139.89449
35.65829 139.69533
