35.679558 139.7627
35.66116 139.63327
35.69807 139.77548
35.67994 139.76822
35.7032 139.57991
35.743954 139.67863
35.661587 139.66748
35.654575 139.79242
35.655617 139.75674
35.57573 139.65965
35.698597 139.77303
35.712948 139.70403
35.658733 139.68304
35.670967 139.65878
35.730907 139.709
35.689518 139.76512
35.81092 139.735
35.64907 139.75262
35.745834 139.60951
35.654865 139.79626
35.65227 139.72223
35.585327 139.58136
35.66319 139.73213
35.659573 139.72859
35.62645 139.72343
35.67207 139.75719
35.702393 139.75047
35.68599 139.78244
35.712902 139.7039
35.690804 139.70027
35.658524 139.70132
35.630146 139.74043
35.76561 139.70685
35.56248 139.63269
35.689785 139.68431
35.673046 139.75992
35.561825 139.63371
35.693203 139.74983
35.66114 139.66774
35.67202 139.75764
35.681133 139.76782
35.563007 139.63408
35.646168 139.7079
35.68083 139.76808
35.62645 139.72343
35.675438 139.7629
35.717957 139.76521
35.69091 139.70195
35.562634 139.63513
35.539577 139.66324
35.693295 139.66515
35.657303 139.54356
35.6175 139.77936
35.74801 139.80661
35.665787 139.73096
35.684566 139.73854
35.671974 139.74118
35.656788 139.7482
35.699135 139.76524
35.652332 139.74915
35.578445 139.57495
35.578682 139.71756
35.698597 139.77303
35.681377 139.76608
35.57958 139.57301
35.71362 139.77652
35.54506 139.76903
35.660027 139.69592
35.656754 139.54033
35.691418 139.73618
35.54896 139.7846
35.729877 139.71233
35.730354 139.71056
35.652855 139.54375
35.702705 139.56084
35.663948 139.69902
35.628418 139.73987
35.71311 139.76215
35.655617 139.75674
35.713226 139.7047
35.749645 139.80515
35.544746 139.76855
35.730274 139.71138
35.632812 139.88031
35.72794 139.7128
35.600525 139.54765
35.705593 139.79219
35.701454 139.73781
35.686005 139.73067
35.659485 139.70021
35.553085 139.64842
35.712624 139.54138
35.655518 139.74184
35.690804 139.70027
35.658524 139.70132
35.73116 139.72952
35.762203 139.82494
35.693222 139.77972
35.828545 139.80421
35.69001 139.69759
35.658566 139.74548
35.630062 139.87898
35.835987 139.79596
35.645733 139.74757
35.735962 139.6297
35.65266 139.74416
35.57573 139.65965
35.73649 139.48875
35.681744 139.73882
35.652916 139.74478
35.696327 139.75772
35.648552 139.82358
35.547173 139.74004
35.628227 139.73871
35.749565 139.8046
35.658184 139.7029
35.739815 139.7907
35.674965 139.76347
35.70673 139.68753
35.715855 139.67207
35.630024 139.74039
35.68253 139.77394
35.522243 139.7323
35.55138 139.7884
35.714367 139.76004
35.659573 139.72859
35.646877 139.70995
35.607124 139.6224
35.6597 139.70381
35.68652 139.76619
35.594193 139.61565
35.658905 139.70258
35.74954 139.58653
35.732117 139.76671
35.6387 139.74004
35.621243 139.52588
35.68659 139.76591
35.74065 139.74419
35.711235 139.72043
35.655483 139.7038
35.58689 139.70914
35.58689 139.70914
35.70522 139.61977
35.7051 139.61958
35.658524 139.70132
35.66521 139.71245
35.614628 139.52824
35.65491 139.7962
35.628906 139.74077
35.740032 139.74649
35.749645 139.80515
35.697067 139.74191
35.703915 139.58302
35.676395 139.80841
35.744804 139.60641
35.73988 139.74678
35.698704 139.771
35.630146 139.74043
35.68206 139.78603
35.729866 139.71095
35.70108 139.77661
35.553345 139.64691
35.553345 139.64691
35.696423 139.81418
35.564827 139.71773
35.67435 139.76704
35.581577 139.74911
35.6115 139.62662
35.66532 139.7314
35.556854 139.64433
35.672325 139.73654
35.688778 139.73506
35.625607 139.74068
35.706425 139.84251
35.681377 139.76608
35.713696 139.77751
35.663876 139.8645
35.711414 139.77718
35.729866 139.71095
35.658524 139.70132
35.647427 139.70906
35.664566 139.73949
35.70779 139.76074
35.71362 139.77652
35.706814 139.69443
35.706814 139.69443
35.697678 139.77916
35.672813 139.80524
35.658234 139.70854
35.630352 139.87865
35.709938 139.69493
35.661552 139.70676
35.678513 139.78728
35.646034 139.827
35.678875 139.78748
35.612732 139.62708
35.654366 139.75688
35.65617 139.54443
35.645016 139.52689
35.708584 139.73761
35.62641 139.71239
35.67742 139.645
35.750362 139.80374
35.707478 139.5616
35.69969 139.76227
35.682972 139.64743
35.649353 139.74811
35.667667 139.71552
35.729866 139.71095
35.703735 139.58327
35.671253 139.74706
35.650776 139.74889
35.650673 139.7012
35.695965 139.75807
35.678154 139.70569
35.735962 139.6297
35.712955 139.7037
35.71406 139.77408
35.533764 139.72946
35.63042 139.87897
35.662106 139.72865
35.63042 139.87915
35.662987 139.75394
35.735123 139.52301
35.659435 139.75107
35.640938 139.59863
35.71939 139.56242
35.668335 139.86176
35.663036 139.76129
35.66051 139.72922
35.660366 139.72897
35.735962 139.6297
35.665157 139.7698
35.729866 139.71095
35.686005 139.73067
35.706276 139.61778
35.67882 139.66568
35.60743 139.68562
35.698597 139.77303
35.66319 139.73213
35.71439 139.70233
35.54896 139.7846
35.737873 139.65453
35.698597 139.77303
35.553207 139.64641
35.660294 139.72928
35.750927 139.80466
35.54896 139.7846
35.598484 139.70598
35.655617 139.75674
35.65189 139.5444
35.632473 139.8788
35.702194 139.54482
35.62787 139.7363
35.655605 139.73595
35.686005 139.73067
35.63204 139.88084
35.731106 139.71431
35.65945 139.72849
35.743916 139.60483
35.737408 139.65475
35.628227 139.73871
35.57573 139.65965
35.663933 139.69803
35.73455 139.52292
35.729416 139.71469
35.64004 139.59874
35.561356 139.57509
35.695965 139.75807
35.686913 139.76361
35.673744 139.66725
35.674236 139.75908
35.672165 139.47987
35.672195 139.48047
35.707104 139.78127
35.622417 139.75009
35.743797 139.67859
35.695896 139.69997
35.648552 139.82358
35.66958 139.74799
35.694096 139.70987
35.686077 139.776
35.633053 139.8803
35.682938 139.73222
35.633293 139.88016
35.714596 139.70282
35.669167 139.74622
35.554745 139.64735
35.69639 139.75647
35.73031 139.71486
35.554462 139.64734
35.691574 139.70375
35.653866 139.7498
35.67642 139.7329
35.708393 139.7395
35.66793 139.86334
35.732944 139.88167
35.6905 139.70634
35.675407 139.7695
35.67979 139.7775
35.670704 139.69664
35.662876 139.73146
35.690804 139.70027
35.695152 139.74852
35.657776 139.5444
35.68217 139.78773
35.658123 139.54434
35.760036 139.62128
35.681133 139.76782
35.68972 139.69925
35.64317 139.64644
35.709846 139.7908
35.6586 139.69826
35.681377 139.76608
35.686874 139.69316
35.69017 139.69893
35.665787 139.73096
35.76759 139.66435
35.668793 139.82254
35.6441 139.6703
35.69762 139.78355
35.697273 139.77179
35.681377 139.76608
35.671906 139.76779
35.70141 139.75385
35.58259 139.60632
35.690804 139.70027
35.698597 139.77303
35.647484 139.6368
35.667667 139.8656
35.66467 139.76018
35.531326 139.6969
35.696175 139.77089
35.69795 139.81381
35.72568 139.71951
35.607037 139.66975
35.712326 139.776
35.679836 139.78006
35.690804 139.70027
35.665874 139.89305
35.68253 139.77394
35.712612 139.77995
35.551735 139.7885
35.697422 139.7826
35.672863 139.73605
35.55014 139.78926
35.675507 139.77783
35.669983 139.64215
35.553104 139.78479
35.770126 139.66081
35.679165 139.77263
35.69275 139.70354
35.683784 139.73172
35.769714 139.66083
35.72906 139.71898
35.696156 139.69638
35.689053 139.78265
35.697605 139.76872
35.664837 139.76328
35.6266 139.74097
35.626568 139.7414
35.665367 139.72638
35.689125 139.69687
35.69719 139.8051
35.686478 139.78441
35.67613 139.6432
35.69521 139.75824
35.663223 139.73628
35.693314 139.69913
35.606606 139.68533
35.74978 139.80547
35.657135 139.54361
35.712208 139.77756
35.644714 139.69875
35.662106 139.72865
35.65519 139.79787
35.690346 139.69978
35.750446 139.73888
35.6825 139.7859
35.668827 139.83066
35.5532 139.64682
35.681587 139.76862
35.660366 139.72897
35.658905 139.70258
35.572155 139.5971
35.674213 139.74506
35.54896 139.7846
35.690342 139.77159
35.68269 139.70232
35.67198 139.71687
35.6668 139.79845
35.588154 139.72734
35.69996 139.76309
35.661015 139.75137
35.731842 139.72806
35.671444 139.7676
35.70876 139.80377
35.75265 139.73708
35.684746 139.76341
35.686813 139.77364
35.72187 139.70584
35.660294 139.72928
35.72935 139.71817
35.6824 139.77386
35.665115 139.71246
35.685257 139.70947
35.70141 139.75385
35.69154 139.74017
35.714783 139.7609
35.692688 139.70366
35.60443 139.68385
35.550007 139.78316
35.674976 139.81511
35.62935 139.74211
35.730907 139.709
35.65355 139.70514
35.668266 139.69038
35.68056 139.77063
35.661793 139.7301
35.668644 139.65048
35.66832 139.74886
35.630836 139.74298
35.67697 139.78595
35.729866 139.71095
35.729866 139.71095
35.686943 139.76544
35.699257 139.74443
35.679836 139.78006
35.71188 139.70859
35.67219 139.76584
35.73135 139.70749
35.70645 139.70164
35.69138 139.6975
35.6758 139.68086
35.706074 139.70168
35.658836 139.74933
35.55565 139.654
35.679836 139.78006
35.70231 139.74503
35.54823 139.78505
35.688778 139.69449
35.60828 139.555
35.701614 139.77971
35.705376 139.64986
35.695686 139.81506
35.729256 139.71867
35.686188 139.53337
35.68844 139.76315
35.691376 139.7691
35.733635 139.59059
35.626007 139.68228
35.656704 139.54553
35.553295 139.57867
35.67986 139.63635
35.692913 139.69873
35.681282 139.76607
35.684032 139.75856
35.681377 139.76608
35.737057 139.48825
35.68749 139.52946
35.684406 139.68536
35.71252 139.77615
35.684334 139.74219
35.679253 139.63724
35.69578 139.77448
35.681374 139.76778
35.690804 139.70027
35.701298 139.76927
35.707634 139.77554
35.703842 139.59937
35.674976 139.81511
35.72056 139.70634
35.625065 139.73013
35.69732 139.81267
35.625362 139.72389
35.689747 139.75102
35.70047 139.77126
35.616528 139.83273
35.682747 139.75569
35.730995 139.70868
35.70378 139.55908
35.677013 139.73705
35.622253 139.75012
35.63971 139.75546
35.769806 139.66075
35.669758 139.83319
35.728756 139.71127
35.672195 139.48047
35.669495 139.49432
35.622837 139.74924
35.647026 139.74655
35.658165 139.69942
35.585346 139.72556
35.669106 139.75256
35.66795 139.71152
35.646603 139.70824
35.682095 139.62633
35.562878 139.71222
35.698597 139.77303
35.668125 139.72644
35.66155 139.76959
35.631016 139.73463
35.667927 139.75441
35.667614 139.63184
35.6738 139.77078
35.673817 139.76746
35.60743 139.68562
35.704967 139.7481
35.62413 139.72209
35.65139 139.6818
35.69877 139.76137
35.678726 139.7772
35.741573 139.76495
35.58745 139.62585
35.727074 139.77145
35.70126 139.74355
35.658733 139.70163
35.549072 139.78455
35.658195 139.70203
35.67553 139.76825
35.64488 139.75208
35.62719 139.71988
35.655567 139.7366
35.68174 139.78697
35.70685 139.76012
35.693314 139.69913
35.699017 139.77463
35.625107 139.77927
35.730694 139.74747
35.542004 139.78873
35.630146 139.74043
35.713894 139.7613
35.694706 139.69864
35.721962 139.76888
35.695415 139.75111
35.69581 139.76743
35.633045 139.66107
35.777412 139.72127
35.675053 139.76332
35.662327 139.76134
35.576576 139.57384
35.602077 139.72343
35.681095 139.78636
35.72825 139.7718
35.65227 139.72223
35.69213 139.5697
35.670563 139.70732
35.698597 139.77303
35.695503 139.75171
35.698597 139.77303
35.602962 139.50742
35.70491 139.61958
35.69732 139.75046
35.674965 139.78116
35.58326 139.74704
35.599274 139.61237
35.645924 139.82692
35.658195 139.70203
35.65672 139.69673
35.697456 139.75002
35.673588 139.66621
35.692688 139.70366
35.69086 139.70485
35.64985 139.71208
35.640396 139.73271
35.682434 139.77393
35.67045 139.74109
35.647774 139.70924
35.692467 139.70338
35.715973 139.7585
35.63023 139.79137
35.5532 139.64682
35.68139 139.77556
35.57131 139.68562
35.830494 139.56238
35.69711 139.77098
35.710884 139.75314
35.689423 139.76039
35.69104 139.76921
35.690754 139.74751
35.699615 139.7714
35.6654 139.72905
35.7015 139.7712
35.733456 139.73949
35.671032 139.71913
35.561535 139.57455
35.671616 139.71669
35.709686 139.73163
35.60642 139.73225
35.668674 139.74815
35.65133 139.68056
35.6327 139.88228
35.67113 139.90108
35.66921 139.76793
35.66579 139.76155
35.627365 139.74146
35.559605 139.71616
35.536186 139.69847
35.707836 139.77559
35.672535 139.76538
35.56275 139.72554
35.643967 139.74998
35.68459 139.78171
35.66225 139.7749
35.573265 139.66774
35.696762 139.78627
35.690804 139.70027
35.698887 139.76862
35.658524 139.70132
35.669865 139.74692
35.68188 139.77097
35.68188 139.77097
35.69834 139.76886
35.769424 139.66724
35.660706 139.69792
35.67126 139.61736
35.625698 139.71735
35.73075 139.70775
35.730007 139.71281
35.69691 139.7935
35.690804 139.70027
35.660553 139.70726
35.657185 139.69417
35.531822 139.69737
35.646584 139.71419
35.679276 139.78041
35.69419 139.7832
35.55414 139.64626
35.699593 139.76265
35.65825 139.69368
35.561142 139.71815
35.67397 139.73975
35.67808 139.78212
35.78823 139.61314
35.692394 139.72287
35.670742 139.74765
35.681377 139.76608
35.69725 139.81253
35.80102 139.72734
35.712955 139.7037
35.70018 139.77737
35.688652 139.70264
35.664345 139.7312
35.67038 139.63077
35.696697 139.76534
35.68571 139.73108
35.67808 139.78212
35.606014 139.68417
35.66556 139.75055
35.698753 139.75652
35.629036 139.74129
35.678585 139.75366
35.66804 139.64418
35.699417 139.59814
35.728096 139.71292
35.65943 139.70056
35.698597 139.77303
35.586758 139.70613
35.656235 139.70302
35.729866 139.71095
35.546192 139.785
35.654865 139.79626
35.677185 139.67679
35.68877 139.78734
35.643646 139.74924
35.685867 139.76039
35.66551 139.74994
35.643066 139.74982
35.677185 139.67679
35.646206 139.74495
35.611588 139.6856
35.749332 139.8051
35.686005 139.73067
35.699097 139.69766
35.687393 139.78062
35.690804 139.70027
35.548122 139.7855
35.843185 139.80074
35.705082 139.79077
35.67111 139.72072
35.679783 139.77039
35.562477 139.71605
35.574913 139.66324
35.585243 139.7074
35.680573 139.771
35.662056 139.74883
35.668648 139.65155
35.748707 139.80481
35.64659 139.71109
35.699017 139.77463
35.69591 139.77502
35.66002 139.70415
35.665432 139.75797
35.691517 139.6984
35.6859 139.7864
35.647522 139.74843
35.628178 139.74033
35.69172 139.70235
35.700253 139.48026
35.826885 139.6533
35.705154 139.61874
35.65062 139.68713
35.63334 139.88196
35.62792 139.74
35.729477 139.71199
35.689793 139.77325
35.659172 139.69783
35.69882 139.76512
35.66836 139.6504
35.700104 139.76236
35.652756 139.75412
35.685936 139.61581
35.68603 139.69809
35.588432 139.72792
35.67377 139.75607
35.732117 139.76671
35.664143 139.7548
35.686546 139.75926
35.62668 139.74106
35.690804 139.70027
35.701714 139.7875
35.5787 139.73479
35.58831 139.73032
35.67044 139.75539
35.67313 139.90176
35.64687 139.71075
35.72493 139.75357
35.64587 139.69707
35.665016 139.74326
35.677193 139.67644
35.627907 139.74077
35.673374 139.81613
35.644897 139.71098
35.70847 139.7536
35.69296 139.78224
35.70386 139.77214
35.672783 139.72403
35.671017 139.7412
35.68022 139.76833
35.67377 139.75607
35.562477 139.71605
35.665955 139.72849
35.68599 139.74495
35.658524 139.70132
35.696106 139.79253
35.6727 139.72406
35.679688 139.77971
35.669983 139.70747
35.649963 139.71233
35.729866 139.71095
35.65863 139.69675
35.78823 139.61314
35.679802 139.78044
35.701073 139.75275
35.655735 139.70354
35.711967 139.79568
35.66913 139.71672
35.64986 139.75658
35.646584 139.71419
35.644386 139.73431
35.697243 139.75748
35.619698 139.72855
35.681377 139.76608
35.53562 139.58797
35.705536 139.65184
35.750717 139.70958
35.653053 139.74501
35.67112 139.64828
35.6261 139.63673
35.732067 139.77798
35.72812 139.68242
35.69135 139.69518
35.689777 139.71046
35.698883 139.77042
35.70179 139.76979
35.664787 139.75763
35.662205 139.74713
35.630146 139.74043
35.62611 139.72058
35.702705 139.56084
35.628716 139.73929
35.606247 139.73485
35.672714 139.72404
35.6586 139.70209
35.65189 139.5444
35.67548 139.76955
35.698986 139.77106
35.66875 139.77312
35.655617 139.75674
35.66199 139.69661
35.66885 139.65024
35.658997 139.73193
35.563545 139.65515
35.62669 139.74068
35.678673 139.74022
35.767014 139.73102
35.67437 139.76637
35.66052 139.73041
35.668827 139.65102
35.712902 139.7039
35.700657 139.62233
35.64568 139.66975
35.599022 139.6112
35.669685 139.76726
35.611385 139.55487
35.814747 139.58684
35.672253 139.71233
35.66836 139.6504
35.66573 139.7561
35.599274 139.61237
35.66433 139.73134
35.69729 139.75723
35.54896 139.7846
35.627148 139.73796
35.708786 139.77013
35.627064 139.7233
35.703625 139.56265
35.64792 139.70795
35.697468 139.78598
35.657135 139.54361
35.70266 139.7754
35.673115 139.73642
35.675518 139.763
35.69873 139.75565
35.664925 139.7278
35.703056 139.77466
35.815445 139.58719
35.698135 139.75607
35.729477 139.71199
35.70037 139.77054
35.666622 139.7413
35.65074 139.70107
35.660355 139.72528
35.66349 139.7452
35.698154 139.75395
35.724026 139.75607
35.70002 139.75568
35.6915 139.7717
35.71362 139.77652
35.62486 139.77914
35.69691 139.7935
35.704437 139.66533
35.698704 139.771
35.5814 139.66231
35.64727 139.7439
35.708885 139.8046
35.68315 139.769
35.732746 139.71463
35.709198 139.73396
35.801918 139.71759
35.545704 139.78519
35.694855 139.76607
35.645733 139.74757
35.627075 139.72574
35.69091 139.70195
35.67639 139.73656
35.71362 139.77652
35.682426 139.73486
35.66319 139.73213
35.6484 139.74657
35.70611 139.70697
35.667713 139.76987
35.698338 139.77304
35.662743 139.73415
35.7035 139.58038
35.702194 139.75517
35.654884 139.7619
35.661945 139.74419
35.657597 139.723
35.69858 139.7079
35.67516 139.7816
35.672783 139.72403
35.552567 139.7406
35.713238 139.70584
35.58049 139.66187
35.69858 139.7079
35.5618 139.57495
35.74875 139.80653
35.65762 139.68585
35.734535 139.84117
35.694565 139.79767
35.67032 139.76582
35.64138 139.6981
35.660683 139.69818
35.72946 139.68289
35.65339 139.54303
35.658524 139.70132
35.729576 139.6831
35.6636 139.73161
35.690758 139.7702
35.65907 139.70058
35.618935 139.7432
35.6921 139.78488
35.681675 139.74315
35.68932 139.70045
35.670677 139.70253
35.752754 139.86897
35.656807 139.69406
35.656788 139.7482
35.70736 139.77461
35.628227 139.73871
35.694965 139.69888
35.6473 139.71251
35.688934 139.73578
35.69161 139.77934
35.659817 139.70038
35.646904 139.71315
35.622005 139.72876
35.66616 139.75648
35.5841 139.71255
35.665688 139.75375
35.646538 139.7139
35.54892 139.78525
35.70044 139.75043
35.684776 139.7308
35.684776 139.7308
35.62006 139.72923
35.71406 139.77408
35.680435 139.68668
35.6035 139.61752
35.698597 139.77303
35.686275 139.73654
35.649464 139.70712
35.658367 139.70242
35.6044 139.59892
35.68599 139.76343
35.657513 139.70537
35.725494 139.71393
35.730045 139.68303
35.626434 139.63393
35.645733 139.74757
35.619392 139.70453
35.670647 139.70741
35.69134 139.7678
35.6475 139.71213
35.626904 139.72324
35.743797 139.67859
35.700603 139.48283
35.64607 139.70776
35.612373 139.5494
35.667805 139.71492
35.70676 139.77371
35.646084 139.71306
35.67994 139.76822
35.673046 139.79504
35.687016 139.70232
35.674164 139.66743
35.702755 139.57933
35.649307 139.73682
35.6895 139.69754
35.689262 139.73567
35.559875 139.7187
35.680664 139.7978
35.68788 139.70221
35.675323 139.76772
35.67703 139.73705
35.673172 139.7364
35.59782 139.7344
35.705326 139.7723
35.534855 139.6995
35.57491 139.66324
35.627525 139.7788
35.694393 139.69281
35.588497 139.73041
35.782593 139.67682
35.676624 139.78004
35.56835 139.5526
35.713017 139.7763
35.71856 139.7929
35.70463 139.75302
35.698494 139.7725
35.620815 139.56972
35.68655 139.78345
35.71362 139.77652
35.643745 139.66972
35.691948 139.76746
35.655605 139.73595
35.660294 139.72928
35.681377 139.76608
35.71194 139.77707
35.707554 139.7314
35.702396 139.48117
35.66187 139.73003
35.69958 139.76523
35.759 139.5288
35.72786 139.71278
35.646255 139.74745
35.698597 139.77303
35.66928 139.68906
35.628418 139.73987
35.59019 139.73228
35.67123 139.7974
35.675217 139.6779
35.69218 139.70296
35.672325 139.48232
35.667797 139.75871
35.580822 139.6429
35.699017 139.77463
35.663036 139.69455
35.657932 139.698
35.678844 139.73627
35.84768 139.66914
35.658516 139.77643
35.621624 139.74039
35.685696 139.74164
35.656 139.69966
35.66335 139.70995
35.681725 139.7704
35.65133 139.68056
35.708252 139.77701
35.828426 139.80347
35.65619 139.7112
35.729866 139.71095
35.70195 139.77055
35.729866 139.71095
35.671112 139.76073
35.645058 139.75652
35.7147 139.77843
35.756367 139.6967
35.62104 139.56946
35.693302 139.70082
35.69002 139.70709
35.683014 139.7394
35.660934 139.72932
35.822216 139.5752
35.74816 139.83669
35.61989 139.7317
35.68551 139.77562
35.66218 139.75607
35.765137 139.72871
35.690628 139.70665
35.729866 139.71095
35.665535 139.7581
35.65907 139.70058
35.629955 139.74677
35.681377 139.76608
35.651367 139.63664
35.67063 139.74658
35.65996 139.69597
35.6919 139.70425
35.681133 139.76782
35.684525 139.76457
35.6916 139.7047
35.69288 139.77118
35.584255 139.72017
35.68083 139.76808
35.685104 139.76471
35.62792 139.77647
35.69256 139.6987
35.82289 139.57516
35.660175 139.70097
35.532944 139.69577
35.698597 139.77303
35.618572 139.72798
35.676517 139.6771
35.695667 139.76366
35.66228 139.73201
35.72845 139.71149
35.660454 139.72945
35.716827 139.77335
35.670197 139.75133
35.70231 139.74503
35.674904 139.76164
35.657772 139.7001
35.69146 139.69582
35.660175 139.70097
35.669018 139.65004
35.66228 139.73201
35.708584 139.73761
35.67887 139.59865
35.695965 139.75807
35.665115 139.71246
35.690346 139.69978
35.788254 139.61292
35.682938 139.73222
35.655907 139.88173
35.70113 139.48145
35.699017 139.77463
35.624557 139.73875
35.716827 139.77335
35.690804 139.70027
35.658306 139.7318
35.676052 139.7361
35.624214 139.62788
35.698597 139.77303
35.687027 139.62167
35.703518 139.58183
35.7032 139.57991
35.659473 139.69934
35.60693 139.68532
35.702496 139.73854
35.65748 139.78
35.531326 139.6969
35.760635 139.63187
35.643555 139.68134
35.693203 139.74983
35.67315 139.76706
35.69294 139.76799
35.72823 139.714
35.651455 139.696
35.698597 139.77303
35.747482 139.74588
35.656467 139.7823
35.682896 139.70197
35.658733 139.70163
35.63216 139.7124
35.67853 139.5471
35.662876 139.73146
35.670464 139.76834
35.626545 139.73805
35.62088 139.7367
35.642433 139.7468
35.698597 139.77303
35.562195 139.71765
35.6608 139.58769
35.6387 139.74004
35.685574 139.69064
35.656574 139.75272
35.71362 139.77652
35.71341 139.7793
35.67853 139.7806
35.590046 139.67914
35.661793 139.7301
35.664974 139.75822
35.622894 139.74725
35.84768 139.66914
35.724686 139.70557
35.702557 139.76666
35.68321 139.76889
35.73737 139.67583
35.672092 139.73827
35.669193 139.80605
35.687923 139.69481
35.661957 139.74336
35.68972 139.69925
35.700737 139.77188
35.68803 139.71892
35.56532 139.65259
35.60993 139.82565
35.742744 139.51375
35.66217 139.72943
35.570213 139.77003
35.66582 139.69968
35.661617 139.72954
35.539726 139.6731
35.600536 139.72038
35.693893 139.76396
35.690804 139.70027
35.666836 139.7475
35.714367 139.70506
35.62061 139.72867
35.695965 139.75807
35.689335 139.68974
35.695015 139.7606
35.693504 139.76752
35.65363 139.64738
35.708485 139.77626
35.620686 139.72913
35.62238 139.72745
35.665123 139.8352
35.694153 139.6876
35.62741 139.8895
35.666283 139.7588
35.69414 139.68767
35.67264 139.72295
35.684605 139.76453
35.66439 139.75919
35.741497 139.5137
35.62412 139.72897
35.690693 139.70042
35.69423 139.76033
35.689564 139.69695
35.622326 139.72757
35.75032 139.58627
35.568336 139.55385
35.691593 139.73682
35.689236 139.69673
35.660213 139.69579
35.623074 139.75049
35.691925 139.6954
35.56262 139.71858
35.695595 139.75629
35.646637 139.71204
35.623585 139.73808
35.65907 139.70058
35.64431 139.70107
35.663937 139.66815
35.703663 139.62561
35.688778 139.73506
35.667458 139.74518
35.698597 139.77303
35.659912 139.70227
35.671844 139.75461
35.7134 139.81104
35.66446 139.69699
35.702194 139.54482
35.724052 139.71133
35.702522 139.62668
35.540962 139.67216
35.666077 139.74289
35.661392 139.61263
35.73061 139.48755
35.701874 139.70839
35.648754 139.74551
35.65284 139.75417
35.700542 139.65968
35.528187 139.70038
35.690243 139.6968
35.65361 139.64648
35.681377 139.76608
35.68161 139.78618
35.858967 139.65204
35.629456 139.65836
35.676617 139.73665
35.68952 139.69618
35.672165 139.47987
35.651608 139.54465
35.70119 139.58392
35.686687 139.72855
35.676838 139.77014
35.57183 139.68634
35.746334 139.85547
35.698494 139.7725
35.629868 139.79427
35.643265 139.66684
35.681206 139.68636
35.61162 139.72267
35.66657 139.75624
35.659927 139.70224
35.698227 139.76414
35.663555 139.73279
35.679466 139.74146
35.6824 139.77386
35.73697 139.77051
35.669685 139.76726
35.562386 139.71596
35.634075 139.8816
35.69556 139.77588
35.698597 139.77303
35.690804 139.70027
35.706997 139.66512
35.69739 139.75966
35.655933 139.71118
35.658524 139.70132
35.692444 139.75851
35.7587 139.6894
35.652084 139.72647
35.694027 139.69275
35.675434 139.76555
35.70349 139.57846
35.724243 139.71802
35.690624 139.79477
35.733616 139.70926
35.626118 139.72365
35.734276 139.76965
35.81951 139.76782
35.691822 139.69698
35.698597 139.77303
35.688225 139.70131
35.731365 139.84511
35.661846 139.69981
35.65092 139.70369
35.70582 139.72285
35.860493 139.65305
35.69651 139.77115
35.695446 139.81683
35.72841 139.71104
35.703564 139.47433
35.73441 139.76874
35.634136 139.88156
35.67034 139.76534
35.661343 139.70226
35.69447 139.74716
35.655613 139.70369
35.655613 139.70369
35.698597 139.77303
35.697357 139.77515
35.669033 139.70549
35.71415 139.70387
35.645706 139.7142
35.684803 139.76949
35.729866 139.71095
35.645996 139.70879
35.65333 139.75722
35.642616 139.71278
35.532997 139.69595
35.65992 139.70195
35.686634 139.7003
35.66836 139.6504
35.712955 139.7037
35.69985 139.76378
35.63441 139.79161
35.663597 139.73236
35.672195 139.48047
35.675358 139.7678
35.66549 139.7611
35.68168 139.7706
35.703007 139.77167
35.668297 139.715
35.691967 139.72577
35.72676 139.70274
35.70231 139.74503
35.670135 139.764
35.532288 139.69589
35.737896 139.76283
35.749012 139.7025
35.728905 139.7249
35.66044 139.73029
35.658524 139.70132
35.73314 139.7465
35.562477 139.71605
35.646877 139.70995
35.628883 139.74158
35.69032 139.773
35.55481 139.74033
35.691216 139.78267
35.625275 139.72028
35.67445 139.73799
35.665726 139.76132
35.649975 139.70424
35.664562 139.73988
35.626244 139.7419
35.65678 139.79576
35.709965 139.77458
35.709965 139.77458
35.695652 139.76068
35.694035 139.69917
35.70231 139.74327
35.56446 139.63965
35.655796 139.71185
35.683926 139.78503
35.55138 139.7884
35.713936 139.77585
35.692688 139.70366
35.667984 139.71512
35.69152 139.70125
35.6723 139.478
35.70839 139.77382
35.679714 139.8313
35.68789 139.73584
35.72981 139.71643
35.708187 139.75214
35.71362 139.77652
35.668915 139.76825
35.682957 139.76636
35.658524 139.70132
35.66044 139.72923
35.670433 139.76819
35.731506 139.71097
35.659485 139.70021
35.752834 139.59448
35.67052 139.77373
35.659485 139.70021
35.663578 139.71176
35.660503 139.68498
35.68644 139.68488
35.623985 139.74307
35.75292 139.59532
35.5593 139.71614
35.670677 139.70253
35.699432 139.77164
35.604916 139.6821
35.57693 139.55855
35.74801 139.80661
35.62364 139.72021
35.74875 139.80653
35.644066 139.69905
35.826817 139.65268
35.66086 139.69992
35.674698 139.766
35.72345 139.75055
35.71373 139.77722
35.666798 139.73259
35.66746 139.71626
35.564205 139.70839
35.729866 139.71095
35.63313 139.71558
35.70105 139.74568
35.690804 139.70027
35.690804 139.70027
35.691917 139.70569
35.626667 139.74037
35.663048 139.73314
35.561535 139.72202
35.655617 139.75674
35.57958 139.57301
35.66146 139.66866
35.664932 139.83499
35.702057 139.76794
35.798077 139.77174
35.788254 139.61292
35.661297 139.74266
35.709377 139.77313
35.5768 139.55885
35.660366 139.72897
35.629997 139.74117
35.654648 139.75528
35.660286 139.6977
35.645157 139.70053
35.69877 139.77013
35.582546 139.6697
35.649227 139.74289
35.655952 139.6967
35.578873 139.78432
35.69841 139.76228
35.698494 139.7725
35.696037 139.76204
35.57491 139.66324
35.69549 139.76134
35.691982 139.74144
35.572884 139.66524
35.65327 139.61552
35.69461 139.76529
35.626667 139.74037
35.56144 139.63988
35.66899 139.67972
35.70291 139.77168
35.70049 139.77179
35.668488 139.76295
35.573025 139.66537
35.691917 139.67427
35.664173 139.73215
35.643513 139.67116
35.70291 139.77168
35.694748 139.6983
35.693752 139.70172
35.60979 139.7497
35.675762 139.73805
35.661114 139.69966
35.6612 139.67773
35.628803 139.74559
35.708454 139.76938
35.69747 139.76152
35.711433 139.70964
35.705376 139.64986
35.65615 139.71121
35.573906 139.66585
35.77559 139.69519
35.684433 139.78206
35.690468 139.69783
35.63347 139.66165
35.672268 139.76578
35.69315 139.79404
35.53104 139.69695
35.679558 139.7627
35.695377 139.7674
35.744164 139.75389
35.577423 139.55844
35.618572 139.72798
35.655777 139.5421
35.671852 139.7519
35.657856 139.69786
35.686592 139.69893
35.661846 139.69981
35.66081 139.72829
35.69441 139.79453
35.686592 139.69893
35.561443 139.6366
35.630634 139.87994
35.690594 139.69257
35.70049 139.77179
35.68024 139.7436
35.69666 139.77078
35.697933 139.77493
35.69711 139.77098
35.69762 139.77112
35.68165 139.76837
35.676647 139.76366
35.62641 139.74135
35.54896 139.7846
35.698338 139.77304
35.74313 139.64798
35.649693 139.71999
35.698597 139.77303
35.698833 139.81335
35.78327 139.61082
35.577423 139.55844
35.667606 139.76772
35.655605 139.73595
35.665764 139.73018
35.64987 139.69077
35.66582 139.69968
35.57779 139.55855
35.69958 139.76523
35.698597 139.77303
35.712902 139.7039
35.562634 139.63513
35.690804 139.70027
35.699677 139.76941
35.655136 139.793
35.695896 139.69997
35.69515 139.68808
35.578136 139.55945
35.71363 139.76268
35.705635 139.75523
35.665493 139.72865
35.662064 139.70265
35.685482 139.68813
35.659096 139.6944
35.719833 139.76273
35.682423 139.81152
35.653816 139.73035
35.699356 139.7698
35.69795 139.81381
35.737675 139.76135
35.745888 139.8563
35.57718 139.71555
35.70147 139.77644
35.563007 139.63408
35.655453 139.61566
35.562477 139.71605
35.65713 139.54347
35.685604 139.7836
35.655663 139.79251
35.610435 139.66718
35.561825 139.63371
35.65642 139.73495
35.712833 139.70502
35.688602 139.69894
35.696106 139.79253
35.619728 139.7284
35.66217 139.72943
35.55578 139.73969
35.689743 139.75789
35.549263 139.66548
35.56248 139.63269
35.707043 139.65172
35.60988 139.74925
35.848682 139.72594
35.672268 139.76578
35.65749 139.54445
35.578766 139.74936
35.674816 139.73547
35.698597 139.77303
35.669724 139.76144
35.65621 139.7008
35.675247 139.71043
35.729866 139.71095
35.690166 139.6991
35.624756 139.77585
35.738895 139.7611
35.68199 139.77165
35.705963 139.71951
35.700764 139.76938
35.700253 139.48026
35.708282 139.66643
35.67112 139.64828
35.738148 139.59906
35.693134 139.76263
35.750866 139.8669
35.69127 139.70772
35.698597 139.77303
35.665073 139.70131
35.674965 139.76347
35.68599 139.76343
35.68008 139.72023
35.665447 139.8369
35.62575 139.66177
35.786957 139.67395
35.70925 139.66568
35.660595 139.70715
35.648342 139.65327
35.63313 139.71558
35.662743 139.73415
35.69167 139.77087
35.69042 139.70789
35.696648 139.76083
35.699055 139.77304
35.690804 139.70027
35.716427 139.7726
35.670704 139.69664
35.67002 139.74184
35.71679 139.85826
35.710724 139.68633
35.65713 139.54347
35.698288 139.74525
35.76838 139.8745
35.654842 139.87975
35.681286 139.76935
35.64659 139.71109
35.68297 139.74084
35.67716 139.78549
35.704525 139.56154
35.703518 139.77423
35.698494 139.7725
35.72996 139.71368
35.568665 139.5534
35.65408 139.75273
35.698868 139.7765
35.698597 139.77303
35.67058 139.60895
35.689976 139.69824
35.670677 139.70253
35.670326 139.60904
35.66136 139.70064
35.707985 139.75266
35.62004 139.63962
35.698868 139.7765
35.60839 139.66982
35.694027 139.70108
35.82148 139.72737
35.705265 139.71878
35.69104 139.76921
35.65807 139.70012
35.69531 139.77628
35.654697 139.66711
35.645733 139.74757
35.77686 139.82478
35.669983 139.64215
35.69939 139.77112
35.69153 139.73633
35.630146 139.74043
35.671974 139.74118
35.712593 139.7043
35.62049 139.7044
35.73693 139.6733
35.657394 139.70668
35.679752 139.77132
35.66549 139.7611
35.68139 139.77556
35.695896 139.69997
35.6899 139.68431
35.57573 139.65965
35.551147 139.78868
35.619926 139.67992
35.728104 139.77127
35.679714 139.8313
35.62084 139.68126
35.688503 139.70724
35.662106 139.75371
35.643982 139.65523
35.577423 139.55844
35.725094 139.713
35.690548 139.70592
35.66582 139.69968
35.718887 139.77646
35.699818 139.77177
35.68434 139.74297
35.68289 139.68729
35.729324 139.6034
35.55096 139.78824
35.678375 139.78664
35.536617 139.58931
35.7032 139.57991
35.680367 139.7567
35.703896 139.58081
35.686005 139.73067
35.670494 139.60393
35.672268 139.76578
35.659542 139.69939
35.697517 139.76216
35.690548 139.70592
35.66741 139.75237
35.69428 139.72073
35.683586 139.6822
35.678825 139.76315
35.6829 139.7641
35.727024 139.71193
35.65801 139.69638
35.66582 139.69968
35.698494 139.77219
35.690346 139.69978
35.6607 139.66844
35.698597 139.77303
35.695213 139.7939
35.673557 139.71028
35.677094 139.73674
35.691628 139.70888
35.70034 139.77116
35.59838 139.65108
35.672848 139.48425
35.681377 139.76608
35.696487 139.76155
35.728096 139.71292
35.678432 139.76538
35.662296 139.73184
35.71434 139.67198
35.531326 139.6969
35.562477 139.71605
35.644104 139.66896
35.767952 139.58714
35.572098 139.70288
35.682617 139.76433
35.687687 139.69576
35.674168 139.76036
35.68358 139.68643
35.699017 139.77463
35.642696 139.66843
35.679134 139.77052
35.72268 139.4881
35.701805 139.77179
35.70583 139.6658
35.70704 139.78217
35.620163 139.70758
35.68395 139.74196
35.845753 139.62573
35.703667 139.57991
35.729866 139.71095
35.65189 139.5444
35.66582 139.69968
35.659805 139.69962
35.670784 139.71352
35.697674 139.66931
35.536617 139.58931
35.70179 139.76979
35.70055 139.7712
35.694454 139.79117
35.62821 139.75668
35.71406 139.77408
35.644493 139.66972
35.55138 139.7884
35.664562 139.7665
35.632843 139.7079
35.658524 139.70132
35.679028 139.76836
35.670387 139.64781
35.686478 139.72905
35.705376 139.64986
35.68271 139.687
35.522243 139.7323
35.655617 139.75674
35.658195 139.70203
35.698227 139.77538
35.661514 139.72946
35.553406 139.78741
35.69595 139.77167
35.65591 139.70625
35.661114 139.69966
35.690804 139.70027
35.671803 139.83568
35.66723 139.47743
35.700787 139.48154
35.756332 139.67279
35.698597 139.77303
35.561928 139.71474
35.646004 139.69855
35.700603 139.48283
35.6895 139.69754
35.630512 139.737
35.7118 139.6337
35.665123 139.8352
35.563015 139.62772
35.704678 139.53542
35.66279 139.75963
35.655136 139.793
35.655956 139.73463
35.681377 139.76608
35.685257 139.70947
35.734177 139.77089
35.66051 139.72922
35.535324 139.58948
35.643513 139.67116
35.728996 139.71346
35.688564 139.6979
35.673695 139.763
35.70405 139.57751
35.718678 139.73337
35.704704 139.58154
35.73078 139.71544
35.661495 139.76157
35.67463 139.8154
35.698597 139.77303
35.66188 139.70105
35.613094 139.65134
35.648605 139.71315
35.693394 139.68732
35.53604 139.57803
35.713345 139.76181
35.71379 139.76215
35.78982 139.60716
35.670704 139.69664
35.748848 139.70349
35.65851 139.70132
35.62946 139.6846
35.630146 139.74043
35.660694 139.69992
35.65997 139.70012
35.657005 139.69629
35.66409 139.73145
35.65592 139.70602
35.562477 139.71605
35.643513 139.67116
35.734425 139.76875
35.55138 139.7884
35.706642 139.6608
35.66998 139.7634
35.700214 139.774
35.649303 139.5359
35.693375 139.70375
35.66899 139.67972
35.6761 139.77051
35.664913 139.69608
35.7032 139.57991
35.69892 139.77051
35.693565 139.74377
35.77368 139.67041
35.758953 139.62802
35.651764 139.75424
35.700436 139.50494
35.77806 139.72084
35.71041 139.72879
35.59754 139.71236
35.69639 139.75647
35.616932 139.74248
35.631893 139.8796
35.80288 139.75505
35.692287 139.74576
35.553345 139.64691
35.55109 139.78864
35.63448 139.4853
35.742363 139.64864
35.68761 139.71437
35.681377 139.76608
35.66698 139.77048
35.749645 139.80515
35.658787 139.54434
35.65907 139.70058
35.66001 139.70566
35.69091 139.70195
35.66319 139.73213
35.665524 139.66342
35.64044 139.74516
35.697636 139.77283
35.67001 139.76619
35.712463 139.70717
35.623055 139.75067
35.700985 139.77104
35.673466 139.76051
35.680393 139.73459
35.699017 139.77463
35.66807 139.76183
35.667614 139.63184
35.628227 139.73871
35.691917 139.70569
35.700104 139.77397
35.699615 139.7714
35.658924 139.6977
35.588432 139.72792
35.62787 139.7363
35.645733 139.74757
35.655327 139.79254
35.630024 139.74039
35.599953 139.6106
35.620518 139.75082
35.700253 139.48026
35.694954 139.76163
35.63006 139.62233
35.648193 139.7448
35.658516 139.70134
35.705574 139.49118
35.65189 139.5444
35.72834 139.71396
35.660473 139.72926
35.62812 139.73798
35.658524 139.70132
35.685257 139.70947
35.531326 139.6969
35.59673 139.73015
35.802185 139.72061
35.65935 139.69992
35.71362 139.77652
35.69806 139.75705
35.7308 139.71056
35.55127 139.78758
35.657463 139.71107
35.679108 139.78702
35.62851 139.73833
35.675148 139.77458
35.719406 139.66493
35.599022 139.6112
35.675232 139.76083
35.695686 139.75278
35.679855 139.7688
35.6258 139.63715
35.562603 139.69992
35.73826 139.86067
35.670677 139.70253
35.665035 139.73137
35.695995 139.7593
35.571056 139.68588
35.686005 139.73067
35.731373 139.50336
35.690804 139.70027
35.70583 139.6658
35.644302 139.69916
35.730583 139.71213
35.671326 139.70282
35.695366 139.75998
35.642326 139.80446
35.703564 139.47433
35.698597 139.77303
35.698597 139.77303
35.702774 139.74261
35.658524 139.70132
35.690056 139.68472
35.67144 139.76842
35.561066 139.69939
35.719425 139.6638
35.698597 139.77303
35.716408 139.77463
35.628857 139.68527
35.738373 139.86346
35.778816 139.6129
35.6886 139.7107
35.650375 139.6959
35.701023 139.76927
35.71202 139.7984
35.596386 139.72975
35.75739 139.85452
35.844357 139.64659
35.61768 139.56549
35.69958 139.76523
35.73201 139.4822
35.67867 139.74017
35.73201 139.4822
35.702843 139.7433
35.76134 139.72171
35.71186 139.79703
35.65908 139.69887
35.66145 139.70224
35.701736 139.52483
35.698597 139.77303
35.565826 139.63892
35.77671 139.5999
35.750603 139.57047
35.668938 139.76366
35.658195 139.70203
35.645897 139.70781
35.778973 139.72229
35.68415 139.78403
35.65928 139.77458
35.660686 139.72957
35.672863 139.73605
35.665604 139.73131
35.658524 139.70132
35.658524 139.70132
35.55138 139.7884
35.690804 139.70027
35.628227 139.73871
35.655666 139.71107
35.659573 139.72859
35.692368 139.70471
35.679558 139.7627
35.645733 139.74757
35.843185 139.80074
35.659573 139.72859
35.655933 139.71118
35.680355 139.77057
35.65644 139.7114
35.54896 139.7846
35.652466 139.74477
35.686005 139.73067
35.6858 139.75667
35.666786 139.60179
35.72695 139.71896
35.653053 139.74501
35.62684 139.6325
35.631157 139.88019
35.6625 139.73395
35.696976 139.76096
35.58105 139.64142
35.656376 139.75461
35.65585 139.70116
35.67268 139.72539
35.777603 139.63293
35.729477 139.71199
35.73684 139.77203
35.695152 139.74852
35.697647 139.64767
35.80343 139.7324
35.67994 139.76822
35.6387 139.74004
35.695965 139.75807
35.698494 139.7725
35.70001 139.78029
35.790092 139.6666
35.702175 139.77138
35.70096 139.53003
35.588432 139.72792
35.697273 139.77179
35.684177 139.70206
35.544838 139.76805
35.6324 139.87776
35.673653 139.77739
35.629868 139.79427
35.589096 139.72722
35.684917 139.78375
35.70611 139.70847
35.719223 139.85701
35.788254 139.61292
35.588497 139.73041
35.688988 139.69699
35.675438 139.7629
35.7587 139.6894
35.70918 139.77548
35.71637 139.7765
35.669212 139.70433
35.669987 139.75479
35.705376 139.64986
35.63409 139.71393
35.658524 139.70132
35.781933 139.74391
35.695812 139.7387
35.65552 139.74551
35.703938 139.73422
35.699036 139.77086
35.698597 139.77303
35.607132 139.73477
35.69985 139.76378
35.660294 139.72928
35.709183 139.66547
35.78 139.61119
35.69954 139.76953
35.66669 139.75813
35.699017 139.77463
35.753063 139.57202
35.58831 139.73032
35.67613 139.6432
35.660713 139.68585
35.6958 139.70195
35.66467 139.76018
35.658524 139.70132
35.702194 139.75517
35.532784 139.7009
35.696487 139.76155
35.729866 139.71095
35.760235 139.72221
35.659187 139.70259
35.729866 139.71095
35.698597 139.77303
35.6701 139.76323
35.628227 139.73871
35.830063 139.55905
35.58873 139.73181
35.64907 139.75262
35.550003 139.78647
35.681377 139.76608
35.689945 139.70155
35.67994 139.76822
35.73023 139.71117
35.673744 139.66725
35.646877 139.70995
35.58039 139.76227
35.652855 139.54375
35.690804 139.70027
35.626404 139.88771
35.703045 139.75139
35.68638 139.78784
35.659073 139.7434
35.683384 139.70154
35.66051 139.72922
35.70522 139.73122
35.658566 139.74548
35.698395 139.7712
35.663074 139.66798
35.69509 139.79762
35.665787 139.73096
35.746964 139.8563
35.67498 139.76321
35.684437 139.72998
35.6787 139.67924
35.65552 139.74551
35.699017 139.77463
35.665596 139.69846
35.651875 139.72508
35.666958 139.70677
35.73201 139.4822
35.660923 139.75146
35.671875 139.7629
35.651237 139.69608
35.531326 139.6969
35.714146 139.80336
35.67088 139.76427
35.67459 139.77768
35.602962 139.50742
35.64914 139.69937
35.532944 139.69577
35.648365 139.70338
35.637436 139.7252
35.654808 139.70499
35.675438 139.7629
35.69807 139.77548
35.6717 139.76526
35.69872 139.78336
35.66922 139.76744
35.56292 139.5704
35.532917 139.69707
35.698597 139.77303
35.686356 139.78224
35.698895 139.78511
35.697468 139.78598
35.705585 139.7519
35.630146 139.74043
35.706177 139.7199
35.72106 139.67535
35.681377 139.76608
35.69872 139.78336
35.698895 139.78511
35.66279 139.75963
35.705963 139.71951
35.667797 139.75871
35.701683 139.77184
35.702053 139.77113
35.673046 139.75992
35.680367 139.7567
35.698467 139.787
35.698467 139.787
35.6787 139.67924
35.534733 139.748
35.700653 139.77077
35.561985 139.5743
35.735962 139.6297
35.659462 139.70052
35.576298 139.65565
35.655636 139.67874
35.698666 139.78716
35.702194 139.54482
35.676823 139.76416
35.776028 139.7222
35.67994 139.76822
35.645077 139.67412
35.730984 139.50389
35.675438 139.7629
35.750717 139.70958
35.789692 139.724
35.698284 139.76062
35.658566 139.74548
35.672268 139.76578
35.70185 139.77498
35.684742 139.77444
35.729347 139.71817
35.702194 139.54482
35.698597 139.77303
35.695446 139.81683
35.68491 139.77315
35.631733 139.79764
35.695736 139.74919
35.698597 139.77303
35.681004 139.76384
35.664196 139.71376
35.743553 139.60703
35.684025 139.7013
35.671764 139.7346
35.64914 139.69937
35.533047 139.69472
35.670555 139.707
35.65852 139.7402
35.659573 139.72859
35.563572 139.56993
35.62645 139.72343
35.672543 139.73526
35.679836 139.78006
35.701595 139.78914
35.607296 139.66867
35.699017 139.77463
35.701595 139.78914
35.655617 139.75674
35.645367 139.74788
35.658524 139.70132
35.66633 139.7567
35.686726 139.77423
35.683403 139.73831
35.63119 139.74362
35.697327 139.77267
35.70728 139.75165
35.695927 139.5612
35.68402 139.73769
35.695877 139.76524
35.699272 139.7752
35.713696 139.77751
35.705963 139.71951
35.671932 139.75955
35.649185 139.69846
35.729866 139.71095
35.698597 139.77303
35.66656 139.73952
35.655647 139.7924
35.7032 139.57991
35.690105 139.69736
35.70183 139.57584
35.66537 139.72923
35.692886 139.69734
35.643646 139.74432
35.697033 139.65764
35.670677 139.70253
35.697033 139.65764
35.704597 139.79037
35.63368 139.71552
35.704597 139.79037
35.67028 139.71767
35.688248 139.77295
35.65329 139.74532
35.54896 139.7846
35.679985 139.78055
35.532978 139.6947
35.522446 139.66074
35.60979 139.7497
35.70608 139.79074
35.682423 139.7641
35.668385 139.76848
35.645733 139.74757
35.70608 139.79074
35.685535 139.77484
35.622944 139.75063
35.737873 139.65453
35.662407 139.73175
35.660503 139.68498
35.705467 139.76392
35.73697 139.77051
35.568665 139.5534
35.704174 139.57954
35.67478 139.69171
35.699898 139.78728
35.671875 139.7629
35.63578 139.7275
35.658913 139.69551
35.53317 139.69556
35.7032 139.57991
35.646294 139.71043
35.732227 139.71034
35.63138 139.88853
35.531326 139.6969
35.62904 139.77637
35.675003 139.81555
35.655315 139.75677
35.689575 139.6969
35.681377 139.76608
35.717964 139.81673
35.621887 139.75092
35.562477 139.71605
35.697372 139.77245
35.69979 139.77425
35.730907 139.709
35.701344 139.50644
35.789814 139.6665
35.65748 139.78
35.70152 139.50711
35.657337 139.7797
35.729866 139.71095
35.670197 139.70284
35.68018 139.77
35.690594 139.69257
35.70968 139.79138
35.60727 139.60571
35.69958 139.76523
35.577423 139.55844
35.628033 139.71591
35.70023 139.73346
35.67121 139.70473
35.67095 139.74313
35.698597 139.77303
35.72971 139.71402
35.6623 139.58487
35.623466 139.70728
35.625557 139.70705
35.70968 139.79138
35.62537 139.70726
35.688786 139.7368
35.68917 139.82018
35.528522 139.73807
35.822216 139.5752
35.693058 139.67938
35.681133 139.76782
35.631733 139.79764
35.698597 139.77303
35.603752 139.5076
35.692566 139.7354
35.59974 139.61023
35.743797 139.67859
35.652874 139.60133
35.67548 139.76984
35.658195 139.70203
35.7032 139.57991
35.690804 139.70027
35.666958 139.70677
35.69091 139.70195
35.597633 139.65053
35.665787 139.73096
35.641113 139.7128
35.729866 139.71095
35.664864 139.73099
35.700584 139.76404
35.665634 139.73163
35.658524 139.70132
35.669453 139.81335
35.668488 139.70538
35.729897 139.71307
35.578278 139.7604
35.619698 139.72855
35.67202 139.75764
35.690804 139.70027
35.690804 139.70027
35.72777 139.77097
35.66697 139.76697
35.788254 139.61292
35.661552 139.70676
35.690746 139.70064
35.701942 139.74364
35.732117 139.76671
35.620815 139.56972
35.710842 139.60919
35.74944 139.80487
35.748306 139.56767
35.59689 139.66731
35.5783 139.75926
35.665115 139.71246
35.68972 139.69925
35.657856 139.69786
35.749645 139.80515
35.76993 139.64404
35.650032 139.65295
35.749645 139.80515
35.600178 139.61107
35.60443 139.68385
35.690804 139.70027
35.672325 139.73654
35.690125 139.7469
35.6989 139.52031
35.74801 139.80661
35.55353 139.71846
35.74875 139.80653
35.658524 139.70132
35.701294 139.70004
35.59791 139.6673
35.698345 139.75433
35.713093 139.70563
35.698627 139.75432
35.73758 139.8386
35.63441 139.79161
35.66836 139.6504
35.57958 139.57301
35.683937 139.76688
35.749645 139.80515
35.699017 139.77463
35.555813 139.72122
35.63368 139.71552
35.733456 139.73949
35.681377 139.76608
35.561035 139.67104
35.63145 139.65804
35.68135 139.76778
35.70027 139.47977
35.689396 139.8262
35.632812 139.88031
35.713226 139.7047
35.653137 139.54411
35.653595 139.54399
35.72981 139.71643
35.659485 139.70021
35.700428 139.77176
35.62645 139.72343
35.683914 139.73897
35.57573 139.65965
35.55138 139.7884
35.68972 139.69249
35.698597 139.77303
35.588432 139.72792
35.609352 139.7429
35.609352 139.7429
35.655518 139.75673
35.71406 139.77408
35.729866 139.71095
35.700256 139.48026
35.753933 139.73746
35.679447 139.77138
35.65336 139.64687
35.749645 139.80515
35.604374 139.68396
35.658195 139.70203
35.563255 139.71223
35.602654 139.68384
35.649555 139.74261
35.60828 139.555
35.706425 139.84251
35.706425 139.84251
35.712463 139.70717
35.66099 139.70958
35.70795 139.70903
35.65852 139.7402
35.628696 139.73965
35.656593 139.5441
35.653053 139.74501
35.561535 139.57455
35.696163 139.77509
35.69169 139.77087
35.655617 139.75674
35.652916 139.74478
35.74801 139.80661
35.72345 139.75055
35.7035 139.58038
35.66582 139.80386
35.697765 139.82649
35.554474 139.64778
35.672325 139.73654
35.7032 139.57991
35.641506 139.63258
35.801918 139.71759
35.684612 139.78575
35.669685 139.81706
35.73023 139.71117
35.665787 139.73096
35.777225 139.79045
35.695072 139.70024
35.65797 139.57503
35.628872 139.65935
35.57573 139.65965
35.630146 139.74043
35.63552 139.88405
35.68206 139.78603
35.671974 139.74118
35.708496 139.74849
35.70183 139.57584
35.703186 139.57991
35.656746 139.541
35.690784 139.70636
35.633667 139.8869
35.74978 139.80547
35.749565 139.8046
35.691566 139.69997
35.700184 139.76122
35.66202 139.69797
35.644314 139.6991
35.84768 139.66914
35.69423 139.76033
35.605915 139.68349
35.681133 139.76686
35.760525 139.534
35.665497 139.75964
35.694878 139.73698
35.693222 139.77972
35.649 139.74165
35.65585 139.54292
35.552734 139.78802
35.64668 139.7104
35.703545 139.59978
35.630146 139.74043
35.681057 139.76257
35.62694 139.74107
35.751514 139.54486
35.657776 139.5444
35.751354 139.54527
35.61988 139.72838
35.690804 139.70027
35.62935 139.74211
35.693047 139.6929
35.717693 139.75801
35.70583 139.6658
35.702705 139.56084
35.65907 139.70114
35.65189 139.5444
35.55138 139.7884
35.728756 139.71127
35.641132 139.71213
35.681133 139.76782
35.65151 139.63647
35.731518 139.54697
35.701736 139.52483
35.561916 139.57524
35.630836 139.74298
35.536922 139.63496
35.700363 139.75043
35.71178 139.7961
35.666145 139.64143
35.54506 139.76903
35.665543 139.8938
35.815445 139.58719
35.62792 139.74
35.690346 139.69978
35.670967 139.65878
35.691917 139.70569
35.681377 139.76608
35.634594 139.88554
35.67882 139.66568
35.659813 139.68384
35.70427 139.77072
35.62475 139.78131
35.660503 139.68498
35.69296 139.73639
35.71334 139.71115
35.670677 139.70253
35.814747 139.58684
35.65851 139.70132
35.65795 139.70076
35.628227 139.73871
35.54506 139.76903
35.628025 139.73804
35.5503 139.74641
35.733032 139.74005
35.67411 139.66714
35.729347 139.71817
35.714367 139.76004
35.618206 139.56563
35.690804 139.70027
35.588432 139.72792
35.680206 139.78928
35.698227 139.76414
35.69836 139.76408
35.68972 139.69925
35.644314 139.6991
35.681377 139.76608
35.703823 139.58023
35.673744 139.66725
35.55041 139.7467
35.532944 139.69577
35.711857 139.77402
35.552807 139.7329
35.56124 139.716
35.681377 139.76608
35.65975 139.70088
35.65795 139.70076
35.672115 139.76323
35.66989 139.64767
35.68279 139.68687
35.664185 139.75111
35.64521 139.74405
35.700195 139.73523
35.660175 139.69891
35.680847 139.47078
35.674416 139.70645
35.562386 139.71596
35.671974 139.74118
35.65617 139.54443
35.601242 139.7679
35.71492 139.5649
35.763836 139.66417
35.70096 139.53003
35.63111 139.65654
35.69236 139.70094
35.562897 139.71541
35.66836 139.6504
35.681377 139.76608
35.67382 139.78369
35.63347 139.66165
35.55713 139.72191
35.691006 139.71436
35.756912 139.87563
35.57131 139.68562
35.676517 139.6771
35.681377 139.76608
35.626083 139.78116
35.704174 139.5996
35.655777 139.5421
35.681374 139.76778
35.561535 139.57455
35.691296 139.73547
35.6364 139.88205
35.687893 139.69481
35.729866 139.71095
35.64004 139.59874
35.707104 139.78127
35.750866 139.8669
35.655 139.70642
35.62238 139.72745
35.68972 139.69925
35.51511 139.70908
35.631733 139.79764
35.668617 139.75816
35.677013 139.73705
35.690346 139.69978
35.661587 139.66748
35.681736 139.76485
35.67885 139.63618
35.695503 139.75171
35.689938 139.70631
35.691715 139.69864
35.663616 139.63506
35.70222 139.74515
35.550003 139.78647
35.699894 139.7227
35.648125 139.74875
35.69988 139.72289
35.667194 139.75854
35.653854 139.69289
35.658524 139.70132
35.698997 139.7233
35.72981 139.71643
35.681377 139.76608
35.745888 139.8563
35.646347 139.74731
35.635174 139.88454
35.695812 139.7387
35.690804 139.70027
35.758358 139.65312
35.600803 139.5078
35.69064 139.6954
35.658703 139.68327
35.65866 139.6998
35.658234 139.70854
35.70147 139.7121
35.686844 139.76537
35.728107 139.54025
35.68924 139.69978
35.604713 139.5075
35.771008 139.64078
35.7364 139.65288
35.681377 139.76608
35.658604 139.70813
35.744377 139.79779
35.65694 139.54187
35.658516 139.70134
35.686943 139.76544
35.68279 139.68687
35.657322 139.60274
35.743996 139.81157
35.692265 139.70522
35.693027 139.69789
35.728848 139.79039
35.682957 139.76636
35.579178 139.55333
35.700363 139.75043
35.79711 139.60019
35.701183 139.75023
35.607536 139.66884
35.6835 139.76651
35.62006 139.72923
35.626907 139.63628
35.71192 139.77554
35.55127 139.78758
35.718887 139.77646
35.719677 139.65352
35.65907 139.70058
35.698776 139.771
35.691715 139.69864
35.745712 139.81908
35.648342 139.65327
35.62727 139.74039
35.71391 139.70683
35.642418 139.71391
35.70611 139.70697
35.693047 139.74799
35.67979 139.7775
35.64368 139.66968
35.685257 139.70947
35.737675 139.76135
35.693314 139.69913
35.728104 139.77127
35.660294 139.76347
35.647324 139.7467
35.69521 139.75824
35.666485 139.73772
35.712902 139.7039
35.67302 139.79486
35.678493 139.7651
35.700916 139.74153
35.658745 139.69913
35.727074 139.77145
35.73854 139.83769
35.66996 139.71698
35.68916 139.7
35.680313 139.77055
35.678356 139.7469
35.580967 139.64146
35.665497 139.75964
35.665806 139.75314
35.730377 139.7124
35.577423 139.55844
35.733902 139.83191
35.70836 139.6149
35.729866 139.71095
35.729866 139.71095
35.68424 139.68364
35.66439 139.75919
35.68755 139.77562
35.69631 139.82529
35.682804 139.78438
35.71115 139.77356
35.658195 139.70203
35.669495 139.49432
35.660194 139.70541
35.69167 139.77087
35.647793 139.74583
35.698833 139.76518
35.690804 139.70027
35.526314 139.741
35.66384 139.63399
35.711487 139.77437
35.690346 139.69978
35.6444 139.86159
35.6444 139.86159
35.68599 139.78293
35.67887 139.77853
35.669815 139.61662
35.698597 139.77303
35.668903 139.74023
35.544098 139.60385
35.69444 139.73763
35.692238 139.69415
35.56807 139.55347
35.67052 139.77373
35.65761 139.69894
35.656746 139.541
35.662334 139.70752
35.657127 139.54347
35.653976 139.76193
35.690804 139.70027
35.84091 139.79593
35.690346 139.69978
35.749645 139.80515
35.672104 139.71233
35.72877 139.71925
35.657757 139.70035
35.54506 139.76903
35.6779 139.7365
35.564342 139.71481
35.685974 139.77585
35.667286 139.75075
35.64186 139.64783
35.802452 139.71605
35.69195 139.70105
35.630024 139.74039
35.59974 139.61023
35.658836 139.74933
35.749332 139.8051
35.69788 139.754
35.681587 139.77055
35.66856 139.74123
35.66856 139.74123
35.62334 139.74983
35.69571 139.756
35.700794 139.77628
35.74801 139.80661
35.662403 139.75598
35.555096 139.75333
35.693 139.69531
35.716827 139.77335
35.55138 139.7884
35.670544 139.71785
35.65537 139.71385
35.671993 139.72173
35.748707 139.80481
35.55138 139.7884
35.697166 139.81522
35.58326 139.74704
35.620758 139.74286
35.58745 139.62585
35.671005 139.71852
35.55138 139.7884
35.700977 139.74097
35.766083 139.86917
35.69584 139.75974
35.82195 139.67735
35.693027 139.69789
35.690804 139.70027
35.51458 139.71028
35.65332 139.70453
35.681377 139.76608
35.69302 139.77168
35.690804 139.70027
35.665596 139.72995
35.69227 139.77177
35.66938 139.70721
35.665432 139.7558
35.710705 139.78062
35.764397 139.85263
35.69706 139.77959
35.670677 139.70253
35.67893 139.77956
35.69475 139.77065
35.62004 139.72887
35.640465 139.75691
35.709206 139.77296
35.77761 139.62979
35.65643 139.54462
35.6035 139.61752
35.666344 139.74858
35.561356 139.57509
35.66775 139.74034
35.778114 139.63046
35.61996 139.72919
35.69091 139.70195
35.69857 139.77644
35.666145 139.64143
35.729866 139.71095
35.684418 139.73708
35.691715 139.69864
35.701675 139.74245
35.728382 139.70801
35.6762 139.69937
35.531326 139.6969
35.662327 139.76134
35.661663 139.70053
35.625767 139.72566
35.621395 139.74005
35.728325 139.70871
35.80072 139.61928
35.658524 139.70132
35.59838 139.65108
35.67685 139.78406
35.698154 139.75395
35.64344 139.65062
35.53694 139.63487
35.692493 139.69887
35.59838 139.65108
35.674503 139.73718
35.691357 139.77115
35.673893 139.75096
35.670704 139.69664
35.641136 139.69803
35.573532 139.66792
35.65895 139.72366
35.68575 139.69812
35.697853 139.77245
35.701496 139.69633
35.604008 139.73502
35.70685 139.76012
35.5532 139.64682
35.71724 139.76007
35.67685 139.78406
35.729374 139.71613
35.69423 139.76033
35.67571 139.646
35.627056 139.72076
35.609863 139.74753
35.7071 139.75293
35.6115 139.62662
35.67976 139.77072
35.695065 139.74783
35.623013 139.71965
35.61932 139.72968
35.704525 139.56154
35.677288 139.49915
35.707657 139.77298
35.691086 139.73564
35.73351 139.77856
35.65684 139.69151
35.561356 139.57509
35.671467 139.74786
35.6597 139.70381
35.69397 139.74722
35.699135 139.74849
35.658443 139.74516
35.677013 139.73705
35.658566 139.74548
35.705616 139.56076
35.634052 139.71445
35.713505 139.70743
35.674973 139.77708
35.68855 139.69865
35.655617 139.75674
35.69167 139.77087
35.536873 139.63385
35.690804 139.70027
35.597633 139.65053
35.8582 139.65807
35.650623 139.55736
35.68924 139.70001
35.625748 139.72554
35.66554 139.76106
35.656223 139.75682
35.626404 139.7381
35.562206 139.71465
35.702705 139.56084
35.690804 139.70027
35.690453 139.71242
35.722275 139.70993
35.658974 139.69946
35.70596 139.7166
35.544838 139.76805
35.66642 139.7638
35.619698 139.72855
35.66935 139.73883
35.791233 139.69139
35.79431 139.79434
35.658123 139.70462
35.69672 139.69043
35.708447 139.77544
35.67425 139.7685
35.57491 139.66324
35.652184 139.745
35.664616 139.7317
35.6947 139.70555
35.64051 139.75485
35.696365 139.7614
35.69643 139.81395
35.681377 139.76608
35.52311 139.69148
35.689445 139.69771
35.679886 139.71631
35.73281 139.70053
35.64335 139.67026
35.693058 139.67938
35.67111 139.72072
35.685673 139.7648
35.701176 139.81761
35.632202 139.79819
35.664616 139.7317
35.682247 139.77165
35.701294 139.70004
35.661846 139.69981
35.68122 139.76834
35.60743 139.68562
35.697365 139.78595
35.681377 139.76608
35.666836 139.73062
35.69697 139.78836
35.712643 139.75931
35.66542 139.73198
35.671455 139.72617
35.664783 139.76155
35.692966 139.69492
35.55138 139.7884
35.666496 139.75485
35.667118 139.75761
35.65449 139.8424
35.69347 139.71213
35.649918 139.68289
35.668827 139.83066
35.66907 139.76442
35.700184 139.7472
35.73732 139.67252
35.547253 139.64452
35.7039 139.80154
35.68037 139.76906
35.70231 139.74503
35.796505 139.60172
35.710724 139.68633
35.62567 139.7256
35.650074 139.75027
35.708035 139.81123
35.64929 139.74207
35.712257 139.77675
35.607277 139.68481
35.675114 139.75961
35.619698 139.72855
35.64487 139.7002
35.713696 139.77751
35.729233 139.71906
35.626667 139.74037
35.68441 139.78447
35.61889 139.7433
35.652943 139.75233
35.67041 139.79887
35.657524 139.69556
35.84768 139.66914
35.66528 139.74715
35.68403 139.77444
35.622845 139.75075
35.691685 139.70114
35.68137 139.76646
35.678513 139.78728
35.70225 139.74443
35.553085 139.64842
35.55042 139.57529
35.67135 139.71367
35.67498 139.76321
35.65269 139.73427
35.668125 139.72644
35.64801 139.74315
35.660385 139.69894
35.663456 139.7373
35.657593 139.5436
35.695866 139.76208
35.607048 139.6839
35.712105 139.77109
35.597633 139.65053
35.69198 139.70648
35.67856 139.71014
35.66283 139.73404
35.645924 139.82692
35.625095 139.72012
35.717693 139.75801
35.702633 139.74873
35.679085 139.77995
35.664696 139.75897
35.65958 139.6977
35.699955 139.75522
35.657593 139.5436
35.663513 139.7306
35.67391 139.76065
35.674786 139.76625
35.69139 139.74995
35.696747 139.7735
35.667534 139.765
35.690804 139.70027
35.67009 139.74092
35.702915 139.68245
35.72737 139.6953
35.651955 139.74492
35.673046 139.75992
35.694237 139.75916
35.66283 139.73404
35.65189 139.5444
35.704113 139.76399
35.68083 139.76808
35.6824 139.77386
35.671764 139.7346
35.701614 139.77971
35.792164 139.67305
35.71121 139.78398
35.662598 139.75987
35.673172 139.7364
35.689945 139.6964
35.623264 139.72281
35.62033 139.72906
35.57491 139.66324
35.64687 139.71075
35.64687 139.71075
35.60704 139.73502
35.64799 139.71098
35.626537 139.72334
35.65895 139.72366
35.703625 139.56265
35.690804 139.70027
35.69834 139.76886
35.606884 139.73386
35.694565 139.79767
35.67155 139.74112
35.687508 139.69434
35.661236 139.7233
35.68809 139.69753
35.569897 139.55443
35.5638 139.71507
35.794262 139.79376
35.702072 139.75531
35.702072 139.75531
35.701736 139.52483
35.697903 139.77437
35.694336 139.7887
35.68208 139.73271
35.64595 139.71321
35.674553 139.76146
35.54506 139.76903
35.607296 139.66867
35.630146 139.74043
35.655617 139.75674
35.664318 139.76228
35.627525 139.7788
35.69958 139.76523
35.64827 139.74666
35.669662 139.8018
35.664562 139.73988
35.69494 139.78453
35.665775 139.75827
35.698677 139.77422
35.596348 139.71178
35.6535 139.70866
35.65675 139.70131
35.560696 139.71771
35.781384 139.57277
35.552097 139.74097
35.698597 139.77303
35.673145 139.73755
35.693493 139.6798
35.69155 139.7748
35.69227 139.77177
35.619164 139.7311
35.701347 139.5242
35.67193 139.48819
35.618813 139.7272
35.69975 139.76552
35.690804 139.70027
35.66188 139.70105
35.686005 139.73067
35.626465 139.72491
35.67842 139.7627
35.67155 139.81706
35.617676 139.72748
35.661232 139.69878
35.700905 139.74188
35.664845 139.76079
35.651497 139.75758
35.61996 139.72919
35.65933 139.77763
35.69767 139.6851
35.70947 139.73347
35.660164 139.69568
35.665157 139.7698
35.710594 139.70978
35.712902 139.7039
35.666496 139.75485
35.665035 139.7125
35.627758 139.7367
35.678345 139.7401
35.581158 139.64288
35.6403 139.75627
35.689823 139.82137
35.637646 139.69115
35.67925 139.78044
35.655804 139.79628
35.61781 139.72653
35.707344 139.75145
35.55138 139.7884
35.663166 139.7003
35.679935 139.76369
35.690468 139.75458
35.699677 139.76941
35.695248 139.77003
35.70095 139.71227
35.70179 139.76979
35.733585 139.69841
35.60979 139.7497
35.65583 139.69838
35.85733 139.65176
35.60993 139.82565
35.627907 139.74077
35.686943 139.76544
35.684185 139.73932
35.63368 139.71552
35.690804 139.70027
35.685936 139.69283
35.64592 139.82625
35.539524 139.66284
35.70427 139.77072
35.628025 139.73804
35.691483 139.75314
35.6669 139.77774
35.72755 139.71303
35.69207 139.72107
35.695965 139.75807
35.7032 139.57991
35.6832 139.54153
35.682346 139.68706
35.690804 139.70027
35.76543 139.72726
35.67352 139.77663
35.713184 139.7201
35.67489 139.76385
35.551643 139.74799
35.696148 139.54797
35.656593 139.5441
35.665134 139.7327
35.690804 139.70027
35.627888 139.7407
35.588432 139.72792
35.685043 139.66939
35.69139 139.74995
35.702553 139.76662
35.648464 139.70787
35.672825 139.7822
35.690292 139.69597
35.697468 139.78598
35.53457 139.5891
35.672535 139.72466
35.702206 139.58035
35.693203 139.74983
35.67165 139.61476
35.698597 139.77303
35.71375 139.70499
35.678852 139.76279
35.659317 139.72763
35.645733 139.74757
35.66513 139.73257
35.586864 139.70593
35.664925 139.7278
35.660538 139.74037
35.68137 139.76646
35.649227 139.74289
35.67309 139.74059
35.671486 139.72159
35.733456 139.73949
35.653866 139.7498
35.70281 139.75119
35.65723 139.69444
35.598267 139.65039
35.644524 139.67015
35.529568 139.69643
35.66502 139.78372
35.673676 139.73839
35.551914 139.78722
35.57573 139.65965
35.700253 139.48026
35.66513 139.73257
35.638 139.69183
35.530373 139.69722
35.71235 139.76048
35.743797 139.67859
35.55138 139.7884
35.656593 139.5441
35.694145 139.76833
35.65723 139.69444
35.742435 139.68079
35.670185 139.75021
35.65678 139.54417
35.7022 139.74008
35.531326 139.6969
35.66319 139.73213
35.729004 139.7194
35.684803 139.76949
35.696716 139.75978
35.72833 139.76451
35.6428 139.71286
35.70611 139.70847
35.683487 139.66937
35.673744 139.66725
35.69091 139.70525
35.6558 139.69446
35.681793 139.78255
35.55138 139.7884
35.71637 139.7765
35.65617 139.54443
35.661846 139.69981
35.550476 139.78944
35.727203 139.71165
35.71347 139.77626
35.677536 139.76259
35.683445 139.66818
35.653954 139.70566
35.709908 139.71805
35.69927 139.77249
35.632202 139.78893
35.648823 139.77393
35.684757 139.7643
35.643574 139.74557
35.70611 139.70697
35.64683 139.70845
35.73069 139.71237
35.658524 139.70132
35.550156 139.78918
35.688 139.69171
35.68706 139.77292
35.57347 139.66794
35.684525 139.76457
35.658672 139.77806
35.822605 139.57362
35.690804 139.70027
35.654884 139.7619
35.670948 139.73479
35.67039 139.70712
35.67093 139.71965
35.685104 139.76471
35.693512 139.70627
35.5779 139.54045
35.72862 139.77153
35.702724 139.79692
35.66859 139.77872
35.55138 139.7884
35.66961 139.76706
35.672195 139.48047
35.550476 139.78944
35.686886 139.78064
35.694267 139.78256
35.56045 139.71709
35.691982 139.74144
35.6711 139.72003
35.68176 139.79684
35.673676 139.73839
35.696686 139.76013
35.702366 139.77052
35.70427 139.77072
35.6813 139.76924
35.609894 139.55496
35.700024 139.7703
35.670273 139.71765
35.673923 139.76079
35.55138 139.7884
35.662743 139.73415
35.63368 139.71552
35.64727 139.7439
35.681377 139.76608
35.730053 139.70721
35.646557 139.71017
35.657673 139.69908
35.663025 139.75957
35.610107 139.74843
35.68628 139.66754
35.67211 139.72829
35.549072 139.78455
35.678772 139.63538
35.56117 139.57542
35.709534 139.8005
35.64914 139.69937
35.703808 139.77086
35.62356 139.72218
35.660255 139.69875
35.67853 139.78108
35.70126 139.74355
35.6735 139.76273
35.622295 139.72899
35.702194 139.54482
35.55138 139.7884
35.706413 139.71858
35.700253 139.48026
35.68583 139.66823
35.61853 139.73213
35.644554 139.74863
35.60574 139.7353
35.62061 139.72867
35.775223 139.786
35.698597 139.77303
35.689957 139.71126
35.660595 139.70715
35.68174 139.78697
35.690804 139.70027
35.699017 139.77463
35.604637 139.6858
35.645733 139.74757
35.65022 139.55772
35.729897 139.70303
35.59863 139.65187
35.68065 139.76341
35.64584 139.74478
35.553345 139.64691
35.684177 139.70206
35.59863 139.65187
35.645424 139.74747
35.686314 139.6692
35.699535 139.76453
35.699226 139.57852
35.672646 139.72295
35.612194 139.57117
35.63604 139.7061
35.61702 139.74338
35.658524 139.70132
35.65007 139.74484
35.72262 139.47977
35.69497 139.70352
35.645367 139.74788
35.765137 139.72871
35.66052 139.73041
35.616047 139.55331
35.60743 139.68562
35.663006 139.74504
35.700302 139.74814
35.70266 139.7754
35.666748 139.72002
35.643867 139.70016
35.70231 139.74503
35.68924 139.70001
35.703056 139.77466
35.724136 139.81963
35.699856 139.75323
35.730602 139.70761
35.643513 139.67116
35.658974 139.69946
35.681377 139.76608
35.69631 139.74142
35.659134 139.701
35.66356 139.72902
35.682426 139.73486
35.669838 139.5991
35.846832 139.74347
35.729866 139.71095
35.657776 139.5444
35.553207 139.64641
35.695053 139.76407
35.661037 139.7292
35.67645 139.77899
35.642315 139.71368
35.675144 139.75975
35.653774 139.75151
35.671436 139.76576
35.676624 139.78004
35.69954 139.76953
35.643322 139.69867
35.729866 139.71095
35.666023 139.77464
35.657825 139.70833
35.69739 139.75966
35.562923 139.56981
35.65985 139.70206
35.690804 139.70027
35.659912 139.70227
35.75739 139.85452
35.698597 139.77303
35.656372 139.70102
35.658672 139.81738
35.660286 139.6977
35.699226 139.57852
35.84768 139.66914
35.70813 139.75246
35.643982 139.71027
35.683754 139.76321
35.70205 139.70795
35.626083 139.78116
35.617188 139.56456
35.776665 139.83804
35.621143 139.7236
35.70241 139.76927
35.732773 139.698
35.661568 139.70253
35.689945 139.70155
35.75007 139.58621
35.666615 139.75818
35.728104 139.77257
35.794426 139.64188
35.535233 139.5879
35.62884 139.79507
35.686558 139.67162
35.68039 139.7683
35.697742 139.77222
35.56082 139.569
35.70179 139.76979
35.517216 139.63242
35.65844 139.70322
35.665142 139.76115
35.667194 139.75854
35.553474 139.5785
35.628174 139.67535
35.696148 139.75948
35.653652 139.75735
35.666836 139.7475
35.681988 139.64505
35.662037 139.69894
35.62104 139.56946
35.64571 139.71196
35.64711 139.7089
35.71109 139.79636
35.643833 139.73122
35.628227 139.73871
35.7156 139.89792
35.691517 139.73819
35.661087 139.69736
35.64647 139.73973
35.66058 139.70538
35.627815 139.7386
35.682392 139.6875
35.71415 139.70387
35.640347 139.66702
35.658524 139.70132
35.632484 139.83635
35.620815 139.56972
35.776688 139.74489
35.710915 139.79788
35.667458 139.74518
35.69395 139.69585
35.763515 139.86568
35.67698 139.7522
35.694 139.68758
35.620785 139.56992
35.668915 139.76825
35.685257 139.70947
35.65992 139.70195
35.643486 139.74646
35.645924 139.82692
35.699017 139.77463
35.860073 139.65355
35.668083 139.60085
35.716347 139.85983
35.690804 139.70027
35.659027 139.75218
35.661266 139.69824
35.614124 139.65991
35.663 139.76132
35.730278 139.7114
35.688778 139.73506
35.676647 139.76366
35.665268 139.75766
35.66202 139.699
35.708973 139.77588
35.6978 139.7463
35.691517 139.6984
35.673203 139.76047
35.691532 139.77365
35.69414 139.68767
35.677017 139.73705
35.68551 139.78366
35.689938 139.70372
35.62669 139.74068
35.660534 139.73042
35.700962 139.7934
35.681377 139.76608
35.752964 139.73454
35.710987 139.77849
35.624557 139.73875
35.665947 139.73021
35.69431 139.7648
35.69125 139.70638
35.663544 139.73068
35.574566 139.55957
35.55481 139.74033
35.678844 139.73627
35.681004 139.76384
35.628025 139.73804
35.652836 139.88162
35.689037 139.71504
35.688454 139.69217
35.74583 139.85468
35.69353 139.70512
35.656082 139.7044
35.67032 139.76582
35.712555 139.79909
35.621487 139.72923
35.603775 139.64684
35.731873 139.7134
35.7015 139.52518
35.669003 139.61613
35.562477 139.71605
35.669003 139.61613
35.68097 139.70992
35.712833 139.70502
35.708187 139.75214
35.73023 139.71117
35.651936 139.63577
35.63448 139.4853
35.687088 139.68921
35.78726 139.53932
35.695896 139.69997
35.690804 139.70027
35.655006 139.70299
35.660534 139.73042
35.70544 139.77309
35.653774 139.75151
35.698986 139.77106
35.660007 139.70262
35.66338 139.73016
35.690804 139.70027
35.695217 139.75882
35.622894 139.74725
35.542583 139.57472
35.65908 139.69887
35.618313 139.83395
35.70862 139.76111
35.684334 139.74219
35.679836 139.78006
35.676857 139.78525
35.673847 139.71053
35.682713 139.64754
35.655952 139.6967
35.71347 139.77626
35.729496 139.7913
35.647167 139.71744
35.669003 139.61613
35.660027 139.69592
35.673378 139.74046
35.63545 139.60939
35.637836 139.50471
35.550476 139.78944
35.71347 139.77626
35.690804 139.70027
35.64159 139.71327
35.551144 139.78908
35.705837 139.72112
35.552574 139.73927
35.551144 139.78908
35.70638 139.71852
35.67082 139.71696
35.65609 139.69402
35.673115 139.75839
35.70579 139.72018
35.55406 139.74036
35.68008 139.72023
35.681545 139.68802
35.705505 139.72043
35.67377 139.75607
35.65886 139.69978
35.655933 139.71118
35.673744 139.65794
35.65615 139.71121
35.658745 139.69913
35.534775 139.69963
35.693203 139.74983
35.678745 139.7652
35.66368 139.71004
35.701183 139.75023
35.656216 139.70132
35.662964 139.69966
35.64694 139.74867
35.69483 139.6908
35.728737 139.72002
35.712902 139.7039
35.660522 139.70708
35.70116 139.69717
35.554214 139.64674
35.562603 139.69992
35.653984 139.59903
35.700653 139.76926
35.73938 139.79742
35.695415 139.74149
35.54506 139.76903
35.708958 139.79657
35.696568 139.69786
35.643856 139.52531
35.567715 139.69258
35.681377 139.76608
35.669685 139.76726
35.665787 139.73096
35.680714 139.71967
35.69169 139.77087
35.667336 139.76756
35.691715 139.69864
35.66093 139.73694
35.686295 139.69484
35.665382 139.70377
35.659462 139.70052
35.670704 139.69664
35.56253 139.57237
35.677135 139.71837
35.685257 139.70947
35.67034 139.76534
35.692135 139.69481
35.734303 139.80893
35.665367 139.73106
35.81453 139.7707
35.67028 139.71767
35.55138 139.7884
35.77737 139.63216
35.74801 139.80661
35.73168 139.7061
35.733078 139.79901
35.65742 139.54025
35.676838 139.77014
35.65329 139.54271
35.624233 139.72829
35.62924 139.68286
35.696426 139.77391
35.79706 139.59848
35.702072 139.52446
35.65985 139.70206
35.703186 139.57991
35.72342 139.5631
35.670864 139.70735
35.667175 139.71466
35.594826 139.65193
35.659824 139.6982
35.603813 139.50876
35.700336 139.74774
35.711246 139.78252
35.71455 139.77809
35.71522 139.80293
35.54319 139.74124
35.690228 139.7351
35.696846 139.69768
35.70222 139.74515
35.791878 139.64587
35.74954 139.58653
35.66424 139.76665
35.66051 139.72922
35.644287 139.69891
35.670036 139.75487
35.62611 139.72058
35.65794 139.69658
35.71173 139.78221
35.701786 139.70796
35.801968 139.72775
35.688602 139.69894
35.67986 139.63635
35.733322 139.79881
35.711903 139.70953
35.69771 139.77435
35.69086 139.70485
35.628227 139.73871
35.668793 139.82254
35.724052 139.71133
35.718086 139.85727
35.688072 139.78691
35.65873 139.72794
35.691685 139.70114
35.705837 139.72112
35.658524 139.70132
35.632412 139.88327
35.531166 139.69632
35.700165 139.74188
35.66223 139.72429
35.65589 139.79237
35.712963 139.76135
35.531536 139.69675
35.675346 139.76575
35.562126 139.7198
35.695503 139.75171
35.697598 139.66757
35.70271 139.74283
35.70366 139.66281
35.67428 139.73128
35.6824 139.77386
35.619286 139.70296
35.655136 139.793
35.618572 139.72798
35.531326 139.6969
35.532944 139.69577
35.7032 139.57991
35.69315 139.79404
35.699406 139.77112
35.65278 139.55127
35.70583 139.6658
35.74801 139.80661
35.690468 139.69783
35.56292 139.5704
35.649063 139.69986
35.55325 139.78699
35.65795 139.70076
35.73135 139.70749
35.687923 139.69481
35.71067 139.70343
35.730907 139.709
35.733803 139.79932
35.699463 139.7694
35.683014 139.7394
35.671436 139.76576
35.750866 139.8669
35.548985 139.78438
35.630146 139.74043
35.702206 139.58035
35.690517 139.73557
35.606247 139.73485
35.680046 139.73546
35.654865 139.70764
35.700256 139.48026
35.730907 139.70624
35.657 139.75865
35.67376 139.73845
35.691498 139.70654
35.655735 139.69447
35.686573 139.70085
35.707413 139.71362
35.607048 139.6839
35.656517 139.70535
35.657288 139.70363
35.70027 139.47977
35.60993 139.82565
35.66959 139.8176
35.676323 139.71234
35.64466 139.74786
35.70583 139.6658
35.62199 139.72447
35.711914 139.76642
35.689003 139.69742
35.698597 139.77303
35.54506 139.76903
35.670937 139.76163
35.570652 139.66302
35.572975 139.6668
35.69441 139.79453
35.729866 139.71095
35.672268 139.76578
35.574062 139.66847
35.762344 139.51895
35.5747 139.6619
35.68815 139.70023
35.552654 139.64665
35.64905 139.75258
35.72948 139.71172
35.65227 139.72223
35.533127 139.69498
35.642826 139.71
35.706272 139.71962
35.630024 139.74039
35.690804 139.70027
35.68612 139.70216
35.699017 139.77463
35.700554 139.74257
35.730354 139.71056
35.693302 139.70082
35.660255 139.69875
35.62591 139.72083
35.69875 139.77335
35.655933 139.71118
35.637646 139.69115
35.727215 139.82828
35.693047 139.74799
35.693047 139.74799
35.67052 139.77373
35.663418 139.71094
35.690754 139.74751
35.680367 139.76808
35.613277 139.5497
35.658524 139.70132
35.70372 139.59985
35.656197 139.71158
35.695568 139.69853
35.732784 139.71591
35.698776 139.65518
35.699017 139.77463
35.659985 139.69878
35.707764 139.55746
35.59974 139.61023
35.691418 139.78288
35.77628 139.63255
35.686546 139.70045
35.675453 139.75189
35.693745 139.77089
35.703724 139.57935
35.662575 139.73036
35.662014 139.73004
35.644253 139.69905
35.681377 139.76608
35.657394 139.54318
35.689125 139.69759
35.702705 139.56084
35.70795 139.70903
35.66121 139.72969
35.670834 139.75679
35.657143 139.54347
35.701355 139.50673
35.729866 139.71095
35.658875 139.72728
35.659817 139.70038
35.532288 139.69589
35.682693 139.76447
35.674805 139.73738
35.76026 139.70595
35.76026 139.70595
35.689877 139.70227
35.55138 139.7884
35.658195 139.70203
35.728165 139.71352
35.685604 139.73193
35.70201 139.50598
35.70364 139.6222
35.67095 139.76134
35.671284 139.70477
35.73069 139.71237
35.687546 139.69914
35.69862 139.56125
35.682453 139.73933
35.533764 139.72946
35.693607 139.70154
35.749645 139.80515
35.705284 139.66562
35.690804 139.70027
35.653366 139.6899
35.630295 139.7378
35.677494 139.73538
35.589912 139.7324
35.65643 139.54462
35.70275 139.57782
35.630146 139.74043
35.7032 139.57991
35.69926 139.77391
35.697468 139.78598
35.532753 139.70074
35.658905 139.70258
35.697372 139.78513
35.695995 139.69858
35.69739 139.75966
35.729866 139.71095
35.69552 139.79408
35.724346 139.8521
35.602654 139.68451
35.729004 139.7194
35.534817 139.70705
35.632923 139.51735
35.655178 139.54454
35.63998 139.86218
35.713203 139.79349
35.674767 139.76505
35.6738 139.77078
35.671444 139.7676
35.698338 139.77304
35.73023 139.71117
35.72664 139.57323
35.73742 139.79547
35.706665 139.77452
35.671886 139.7209
35.763145 139.69002
35.70132 139.74628
35.63044 139.79028
35.702194 139.75517
35.763973 139.70584
35.710037 139.8107
35.674767 139.76505
35.688404 139.68925
35.671604 139.70288
35.684177 139.70206
35.645733 139.74757
35.67737 139.75175
35.66721 139.76344
35.698597 139.77303
35.662754 139.7606
35.696243 139.77872
35.610844 139.55371
35.658524 139.70132
35.674973 139.77708
35.69091 139.70195
35.675144 139.75975
35.544956 139.76988
35.681316 139.76901
35.65996 139.69597
35.70925 139.66568
35.70583 139.6658
35.62761 139.74207
35.698597 139.77303
35.731934 139.72908
35.717693 139.75801
35.65189 139.5444
35.71631 139.76064
35.708153 139.48848
35.658524 139.70132
35.658524 139.70132
35.632874 139.70387
35.622723 139.75037
35.660522 139.69704
35.693546 139.78246
35.671215 139.765
35.64599 139.69856
35.61988 139.72838
35.695965 139.75807
35.691307 139.70485
35.706367 139.66588
35.66188 139.70105
35.674892 139.7768
35.699173 139.77255
35.649353 139.74811
35.686005 139.73067
35.645924 139.82692
35.65688 139.75433
35.698326 139.77162
35.695213 139.7939
35.71178 139.7961
35.66518 139.70303
35.67343 139.7648
35.730236 139.85004
35.628036 139.74104
35.695965 139.75807
35.690556 139.70593
35.739094 139.67998
35.703762 139.5609
35.69155 139.71045
35.730907 139.709
35.56158 139.57454
35.547756 139.60246
35.66671 139.7785
35.651367 139.63664
35.72992 139.71329
35.700825 139.57278
35.536766 139.70288
35.698597 139.77303
35.691677 139.70467
35.647816 139.7464
35.698677 139.77422
35.665787 139.73096
35.658524 139.70132
35.70968 139.79138
35.658524 139.70132
35.66761 139.54704
35.646626 139.65326
35.72165 139.70647
35.670704 139.69664
35.603745 139.50589
35.66482 139.70267
35.712902 139.7039
35.655735 139.70354
35.711906 139.79475
35.69612 139.57051
35.67044 139.69656
35.712612 139.77959
35.69835 139.77296
35.688698 139.69861
35.51942 139.70375
35.701736 139.52483
35.698597 139.77303
35.56161 139.72075
35.672302 139.76018
35.675346 139.76575
35.70035 139.50519
35.70231 139.74503
35.73106 139.70526
35.70113 139.48145
35.55454 139.7297
35.69958 139.76523
35.699017 139.77463
35.614704 139.5418
35.698895 139.77101
35.64182 139.71385
35.529724 139.64418
35.673622 139.66867
35.698597 139.77303
35.698597 139.77303
35.663807 139.87218
35.692493 139.70113
35.645924 139.82692
35.677437 139.67674
35.664913 139.69608
35.602077 139.50891
35.599575 139.61156
35.698845 139.77475
35.688103 139.69345
35.730274 139.71138
35.72718 139.71074
35.728054 139.71921
35.65776 139.72696
35.6964 139.75458
35.690804 139.70027
35.729866 139.71095
35.59863 139.65187
35.66294 139.70265
35.68979 139.70146
35.710712 139.79608
35.673878 139.66785
35.644253 139.69905
35.74949 139.71138
35.658524 139.70132
35.548985 139.78438
35.691296 139.73547
35.672268 139.76578
35.628025 139.73804
35.695812 139.7387
35.649227 139.74289
35.74816 139.83669
35.6037 139.50803
35.696426 139.69846
35.660503 139.68498
35.659073 139.6839
35.65674 139.79538
35.712948 139.70403
35.629456 139.65836
35.6977 139.75626
35.698826 139.77237
35.709003 139.71901
35.531326 139.6969
35.68855 139.69865
35.681618 139.62292
35.674767 139.70767
35.67613 139.6432
35.731426 139.84554
35.670326 139.76324
35.549263 139.66548
35.742985 139.8171
35.599525 139.61072
35.701756 139.70796
35.52884 139.70384
35.681133 139.76782
35.658688 139.69841
35.70035 139.77174
35.697857 139.77393
35.753933 139.73746
35.672268 139.76578
35.707363 139.75114
35.733627 139.8505
35.705593 139.79219
35.532753 139.70074
35.696705 139.70111
35.73023 139.71117
35.532784 139.7009
35.63368 139.71552
35.717392 139.78938
35.689808 139.6979
35.675438 139.7629
35.72881 139.71754
35.692688 139.70366
35.63372 139.71545
35.63428 139.7118
35.699017 139.77463
35.709423 139.80072
35.660313 139.72957
35.69236 139.70094
35.67198 139.76396
35.730377 139.7124
35.822216 139.5752
35.694065 139.75363
35.677013 139.73705
35.700226 139.7717
35.688915 139.70189
35.728615 139.71727
35.67618 139.7356
35.670677 139.70253
35.716927 139.80408
35.63324 139.71591
35.7032 139.57991
35.690536 139.7698
35.752434 139.73813
35.671436 139.76576
35.689945 139.70155
35.54281 139.5746
35.7017 139.68886
35.73737 139.67583
35.52491 139.68213
35.644314 139.6991
35.67267 139.79474
35.524742 139.64561
35.67498 139.76321
35.698597 139.77303
35.687977 139.797
35.76206 139.82378
35.658524 139.70132
35.729416 139.71585
35.748707 139.80481
35.698597 139.77303
35.70304 139.57986
35.55138 139.67172
35.690517 139.73557
35.749332 139.8051
35.6933 139.69202
35.645733 139.74757
35.606247 139.73485
35.694298 139.79242
35.67972 139.73494
35.685555 139.73117
35.649906 139.55133
35.727623 139.57713
35.712902 139.7039
35.690804 139.70027
35.729908 139.71353
35.702175 139.77138
35.70736 139.72668
35.646877 139.70995
35.658524 139.70132
35.534172 139.71938
35.659264 139.69792
35.698597 139.77303
35.607407 139.73393
35.728664 139.56422
35.694027 139.69275
35.63006 139.62233
35.670204 139.74982
35.728725 139.56425
35.703327 139.58247
35.671253 139.74706
35.67315 139.76706
35.654682 139.73701
35.658195 139.70203
35.61769 139.7287
35.710915 139.79788
35.658745 139.69913
35.658314 139.69908
35.68706 139.77292
35.671284 139.70477
35.712833 139.70502
35.62645 139.72343
35.68139 139.77556
35.699017 139.77463
35.72992 139.716
35.679836 139.78006
35.619698 139.72855
35.683403 139.73831
35.662876 139.73146
35.668564 139.704
35.65881 139.70529
35.65566 139.79219
35.682186 139.73445
35.709057 139.7195
35.701344 139.50644
35.702057 139.78554
35.662388 139.69873
35.667725 139.74568
35.681953 139.7012
35.667744 139.7163
35.689945 139.70155
35.690804 139.70027
35.759182 139.73901
35.571056 139.68553
35.55138 139.7884
35.690998 139.73558
35.668644 139.65048
35.73988 139.74678
35.67001 139.76619
35.64907 139.75262
35.655136 139.793
35.73749 139.84956
35.740032 139.74649
35.693092 139.6932
35.72568 139.71951
35.554893 139.64745
35.733078 139.79901
35.5808 139.64355
35.65707 139.53021
35.67994 139.76822
35.660038 139.7293
35.74065 139.74419
35.690804 139.70027
35.56794 139.625
35.698597 139.77303
35.738438 139.84488
35.6746 139.7777
35.754063 139.73782
35.67039 139.70712
35.726498 139.71877
35.684437 139.72998
35.690804 139.70027
35.681206 139.68636
35.70231 139.74503
35.74087 139.71431
35.690804 139.70027
35.681377 139.76608
35.67206 139.75717
35.655617 139.75674
35.698597 139.77303
35.682777 139.78069
35.727074 139.77145
35.682796 139.68687
35.67921 139.73561
35.749645 139.80515
35.677456 139.51726
35.69973 139.75577
35.63441 139.79161
35.659485 139.6867
35.606247 139.73485
35.701385 139.74484
35.728382 139.70952
35.603752 139.5076
35.69612 139.57051
35.730377 139.7124
35.63679 139.87827
35.70037 139.77054
35.628696 139.73965
35.603115 139.50887
35.730377 139.7124
35.681133 139.76782
35.75324 139.73695
35.66842 139.71594
35.689945 139.70155
35.70149 139.77594
35.674232 139.76291
35.698597 139.77303
35.699356 139.7698
35.61162 139.72267
35.645874 139.80402
35.658165 139.70158
35.69643 139.81395
35.698597 139.77303
35.544765 139.77014
35.675358 139.77185
35.740913 139.71677
35.704773 139.58107
35.711876 139.75267
35.69643 139.81395
35.701675 139.74564
35.658524 139.70132
35.60316 139.50908
35.60316 139.50908
35.72669 139.71915
35.68358 139.68643
35.65907 139.69891
35.531326 139.6969
35.658745 139.69913
35.655617 139.75674
35.68299 139.74341
35.658928 139.7035
35.698597 139.77303
35.731693 139.71288
35.729866 139.71095
35.660595 139.70715
35.714455 139.7889
35.714455 139.7889
35.704937 139.58482
35.72777 139.77097
35.69097 139.73735
35.698597 139.77303
35.53351 139.71777
35.700253 139.48026
35.66372 139.58504
35.6473 139.71251
35.707657 139.77298
35.72777 139.77097
35.671455 139.72617
35.61053 139.72234
35.695965 139.75807
35.78327 139.61082
35.69951 139.77045
35.630146 139.74043
35.626877 139.74135
35.706814 139.69443
35.62028 139.71042
35.740913 139.71677
35.51247 139.7148
35.71167 139.77565
35.662914 139.69493
35.697605 139.76872
35.704704 139.58154
35.691246 139.76357
35.712666 139.70064
35.662914 139.69493
35.698597 139.77303
35.701683 139.77184
35.717392 139.78938
35.712635 139.7043
35.690422 139.70164
35.7413 139.74146
35.66218 139.76015
35.644253 139.69905
35.73405 139.88113
35.712902 139.7039
35.728798 139.71904
35.678375 139.7701
35.72935 139.71817
35.622845 139.75075
35.702057 139.76794
35.576298 139.65565
35.698597 139.77303
35.729866 139.71095
35.71073 139.70366
35.730354 139.71056
35.712902 139.7039
35.730408 139.71115
35.570404 139.62378
35.70737 139.76733
35.587322 139.59134
35.67044 139.75539
35.690056 139.69742
35.698597 139.77303
35.729866 139.71095
35.591045 139.68114
35.738834 139.66277
35.70087 139.69722
35.659992 139.7019
35.644253 139.69905
35.580845 139.64548
35.65887 139.66733
35.698597 139.77303
35.537674 139.73311
35.69092 139.70166
35.698597 139.77303
35.655666 139.71107
35.591743 139.67972
35.698597 139.77303
35.658524 139.70132
35.68882 139.69186
35.66723 139.47743
35.69958 139.76523
35.6673 139.75693
35.695602 139.70088
35.64914 139.69937
35.729866 139.71095
35.591015 139.67934
35.650032 139.65295
35.655945 139.75218
35.67514 139.75255
35.69777 139.64807
35.72906 139.71896
35.719425 139.6638
35.666176 139.7655
35.820232 139.82933
35.734035 139.86699
35.698597 139.77303
35.673004 139.76646
35.737373 139.84552
35.690804 139.70027
35.572193 139.62152
35.668488 139.76295
35.597473 139.74481
35.55863 139.55151
35.59714 139.7446
35.752434 139.73813
35.719406 139.66493
35.749645 139.80515
35.64807 139.74481
35.660027 139.69592
35.715664 139.7741
35.55177 139.78755
35.654865 139.79626
35.63368 139.71552
35.67498 139.76321
35.69836 139.77293
35.671448 139.71722
35.698597 139.77303
35.62645 139.72343
35.690804 139.70027
35.55138 139.67172
35.60743 139.68562
35.698303 139.76234
35.743797 139.67859
35.702682 139.75047
35.52634 139.62613
35.552734 139.78802
35.65886 139.69978
35.692856 139.69888
35.67438 139.76143
35.661552 139.70676
35.670204 139.74982
35.701622 139.75275
35.660847 139.72966
35.699066 139.4803
35.66441 139.73543
35.742027 139.884
35.55138 139.7884
35.704838 139.76881
35.725594 139.73021
35.675053 139.76332
35.65189 139.5444
35.698338 139.77304
35.630024 139.74039
35.698666 139.7621
35.69877 139.77013
35.729237 139.71085
35.64993 139.65273
35.68536 139.77429
35.729866 139.71095
35.690804 139.70027
35.630146 139.74043
35.64312 139.80254
35.695705 139.73108
35.700195 139.73523
35.70231 139.74503
35.672783 139.72403
35.710495 139.76099
35.7369 139.67583
35.701645 139.74336
35.5482 139.78345
35.71373 139.77641
35.68348 139.69852
35.732117 139.76671
35.68958 139.70146
35.665035 139.7125
35.702255 139.75229
35.65312 139.5624
35.68972 139.69925
35.681377 139.76608
35.71373 139.77641
35.70231 139.74503
35.620815 139.56972
35.656094 139.544
35.658524 139.70132
35.690804 139.70027
35.71373 139.77641
35.691296 139.73547
35.66959 139.8176
35.61988 139.72838
35.736404 139.90286
35.656303 139.75464
35.55138 139.7884
35.68972 139.69925
35.684177 139.70206
35.682907 139.77199
35.736404 139.90286
35.764397 139.85263
35.702156 139.74043
35.67034 139.76534
35.617622 139.77838
35.57573 139.65965
35.736275 139.63843
35.684177 139.70206
35.764988 139.8518
35.665115 139.71246
35.69414 139.68767
35.706005 139.70866
35.66669 139.75813
35.76133 139.70552
35.736515 139.74683
35.749645 139.80515
35.740868 139.81206
35.63278 139.70389
35.68727 139.70016
35.63057 139.71434
35.63273 139.70372
35.623466 139.70728
35.75859 139.78929
35.68324 139.7649
35.62537 139.70726
35.60743 139.68562
35.653866 139.7498
35.67188 139.73758
35.703312 139.74245
35.72447 139.71463
35.74801 139.80661
35.690804 139.70027
35.646553 139.71022
35.691296 139.73547
35.73411 139.89943
35.567715 139.69258
35.67498 139.76321
35.691296 139.73547
35.722248 139.48004
35.658745 139.69913
35.75096 139.86754
35.60789 139.66925
35.728836 139.71455
35.768265 139.8711
35.762917 139.72768
35.533028 139.69489
35.65491 139.7962
35.531326 139.6969
35.5606 139.69673
35.658195 139.70203
35.65361 139.64648
35.708496 139.74849
35.643837 139.73125
35.713623 139.76295
35.712463 139.70717
35.857086 139.65198
35.731518 139.54697
35.70903 139.71898
35.76955 139.87045
35.702194 139.75517
35.672153 139.81142
35.54506 139.76903
35.55133 139.67513
35.759388 139.5115
35.602654 139.68384
35.656593 139.5441
35.644253 139.69905
35.71738 139.76213
35.64892 139.75244
35.672268 139.76578
35.66669 139.75813
35.629868 139.79427
35.708496 139.74849
35.71334 139.71115
35.661114 139.69966
35.76425 139.7216
35.671703 139.74149
35.66 139.70244
35.700253 139.48026
35.6731 139.74077
35.589813 139.66881
35.668636 139.70563
35.684612 139.78575
35.671745 139.7618
35.668636 139.70563
35.652916 139.74478
35.529964 139.69963
35.694336 139.7887
35.607494 139.66882
35.66099 139.70958
35.64778 139.67902
35.64159 139.71327
35.690598 139.69957
35.65945 139.69925
35.655674 139.73674
35.658524 139.70132
35.695965 139.75807
35.71453 139.69638
35.67018 139.71446
35.64993 139.65273
35.656235 139.70302
35.568665 139.5534
35.660366 139.72897
35.669933 139.82523
35.561356 139.57509
35.77168 139.73361
35.700253 139.48026
35.68839 139.76288
35.709694 139.66814
35.763435 139.67648
35.724533 139.79729
35.699615 139.7714
35.768482 139.87047
35.625244 139.77571
35.808277 139.68823
35.733627 139.79916
35.564323 139.65405
35.54917 139.78479
35.71041 139.7673
35.690804 139.70027
35.70947 139.73347
35.695415 139.75111
35.657192 139.54184
35.660595 139.70715
35.681133 139.76782
35.668636 139.70563
35.69881 139.6969
35.64695 139.70226
35.708252 139.79742
35.73106 139.70526
35.680977 139.76332
35.70606 139.71655
35.681633 139.69283
35.729767 139.70969
35.660385 139.72928
35.681377 139.76608
35.703007 139.77167
35.690792 139.70377
35.690792 139.70377
35.733856 139.79758
35.68529 139.63907
35.67112 139.64828
35.735844 139.79697
35.690346 139.69978
35.657505 139.54231
35.788216 139.61269
35.74276 139.78088
35.66867 139.70596
35.591743 139.67972
35.68331 139.76399
35.658524 139.70132
35.737446 139.7961
35.683784 139.76857
35.729866 139.71095
35.654232 139.75165
35.7017 139.69885
35.66842 139.59982
35.708855 139.74806
35.729595 139.70978
35.706738 139.68336
35.710037 139.8107
35.64286 139.73404
35.703545 139.59978
35.642273 139.71346
35.695415 139.75111
35.60979 139.7497
35.66851 139.74307
35.676197 139.76976
35.695736 139.74919
35.702934 139.7547
35.695415 139.74149
35.630146 139.74043
35.69525 139.80913
35.692493 139.70113
35.65771 139.54156
35.711433 139.70964
35.646133 139.74033
35.729866 139.71095
35.637985 139.71324
35.63951 139.71165
35.748707 139.80481
35.64077 139.71269
35.724545 139.61465
35.60357 139.50732
35.680134 139.76823
35.630146 139.74043
35.544838 139.76805
35.64281 139.74483
35.55138 139.7884
35.660503 139.68498
35.64317 139.64644
35.717396 139.77135
35.591743 139.7303
35.62657 139.73805
35.703003 139.74307
35.654617 139.5427
35.729897 139.70303
35.648056 139.74164
35.688553 139.76274
35.659813 139.68384
35.700672 139.77286
35.65907 139.70058
35.658184 139.7029
35.690544 139.70355
35.84768 139.66914
35.710915 139.68446
35.630836 139.74298
35.6589 139.70326
35.64316 139.64583
35.654488 139.75708
35.681374 139.76778
35.690804 139.70027
35.660255 139.68352
35.64094 139.63232
35.68536 139.77429
35.681377 139.76608
35.641506 139.63258
35.529068 139.61299
35.722332 139.64459
35.661587 139.66748
35.665115 139.71246
35.656773 139.75363
35.661137 139.6978
35.712902 139.7039
35.690517 139.66693
35.54506 139.76903
35.727074 139.77145
35.62238 139.72745
35.76275 139.73065
35.702705 139.56084
35.702717 139.56166
35.66836 139.6504
35.664574 139.70027
35.62068 139.56854
35.70488 139.79315
35.749645 139.80515
35.719414 139.73424
35.698597 139.77303
35.590256 139.72803
35.681377 139.76608
35.557846 139.70256
35.55138 139.7884
35.548866 139.78308
35.681984 139.78778
35.685535 139.77551
35.668636 139.70563
35.700253 139.48026
35.696068 139.75798
35.729767 139.70413
35.814747 139.58684
35.55138 139.7884
35.673744 139.66725
35.667427 139.76126
35.54506 139.76903
35.658524 139.70132
35.668224 139.60114
35.690166 139.7131
35.815445 139.58719
35.561535 139.57455
35.73649 139.6386
35.705376 139.64986
35.66047 139.72928
35.729725 139.7669
35.681133 139.76782
35.69064 139.6954
35.665802 139.75653
35.66151 139.70306
35.681133 139.76782
35.589794 139.72842
35.73607 139.84116
35.691837 139.70312
35.73683 139.84047
35.70289 139.74345
35.749332 139.8051
35.681206 139.68636
35.675407 139.48225
35.66464 139.76192
35.7317 139.54839
35.678513 139.78728
35.659424 139.72809
35.693 139.69531
35.73061 139.76736
35.589596 139.73015
35.658524 139.70132
35.82272 139.64177
35.644386 139.73431
35.658195 139.70203
35.68219 139.79897
35.667725 139.70023
35.690804 139.70027
35.788216 139.61269
35.68366 139.65837
35.815445 139.58719
35.63627 139.88344
35.78934 139.61545
35.728848 139.79039
35.657127 139.54347
35.729866 139.71095
35.685207 139.77467
35.656216 139.70137
35.620663 139.56865
35.69958 139.63634
35.56277 139.71535
35.697514 139.78645
35.690773 139.71312
35.66965 139.75453
35.73352 139.63902
35.676685 139.78006
35.68969 139.70232
35.6762 139.69937
35.674736 139.76407
35.65652 139.75629
35.60414 139.73105
35.626884 139.74197
35.665905 139.73817
35.590565 139.73026
35.731506 139.71097
35.684475 139.69089
35.731564 139.76683
35.698597 139.77303
35.686913 139.76361
35.577644 139.55865
35.714455 139.7889
35.69047 139.8232
35.659397 139.6944
35.6819 139.70229
35.621418 139.68246
35.65227 139.72223
35.624077 139.72275
35.67986 139.63635
35.618572 139.72798
35.64692 139.74625
35.84768 139.66914
35.67604 139.76929
35.64627 139.69995
35.690804 139.70027
35.628967 139.74097
35.6115 139.62662
35.655518 139.75673
35.62905 139.73985
35.658916 139.72961
35.710037 139.8107
35.655937 139.7564
35.696453 139.6897
35.6874 139.73631
35.670677 139.70253
35.70488 139.75674
35.690804 139.70027
35.699017 139.77463
35.671734 139.47945
35.69618 139.7588
35.647896 139.74615
35.668594 139.7396
35.54896 139.78418
35.689583 139.6917
35.72695 139.71896
35.69154 139.74017
35.731293 139.74095
35.56283 139.56845
35.66632 139.75699
35.66099 139.70958
35.621395 139.77316
35.693222 139.77972
35.53105 139.68439
35.658604 139.70813
35.7617 139.6741
35.681297 139.76814
35.701508 139.77635
35.67058 139.71698
35.66669 139.75813
35.681133 139.76782
35.662663 139.7336
35.665062 139.73047
35.69227 139.77177
35.562923 139.56981
35.54506 139.76903
35.69078 139.77083
35.633686 139.64963
35.655617 139.75674
35.618317 139.74168
35.69649 139.79608
35.689102 139.7356
35.62905 139.73985
35.666164 139.75867
35.668385 139.80583
35.688908 139.69853
35.64673 139.7401
35.658524 139.70132
35.646324 139.68082
35.62904 139.77637
35.74684 139.84618
35.66948 139.68182
35.64051 139.75485
35.742584 139.84248
35.668636 139.70563
35.666058 139.75822
35.76838 139.8745
35.67932 139.76205
35.71886 139.72795
35.657 139.75865
35.663246 139.73228
35.681267 139.73563
35.709057 139.7195
35.674973 139.77708
35.724377 139.81537
35.66894 139.76498
35.70891 139.80775
35.649227 139.74289
35.662205 139.73479
35.66597 139.76149
35.721188 139.86266
35.677517 139.7654
35.71041 139.72879
35.792164 139.67305
35.61906 139.73117
35.657524 139.69556
35.551235 139.67545
35.588432 139.72792
35.62535 139.77585
35.674816 139.73547
35.70063 139.74237
35.696377 139.681
35.68547 139.78174
35.62704 139.74132
35.57491 139.66324
35.671703 139.74149
35.704334 139.76788
35.698902 139.76495
35.562103 139.71227
35.607086 139.65335
35.662525 139.5855
35.589855 139.73492
35.737484 139.638
35.69115 139.75697
35.678368 139.78152
35.683105 139.68689
35.801918 139.71759
35.729866 139.71095
35.670544 139.71785
35.680367 139.78586
35.630146 139.74043
35.67673 139.87854
35.687508 139.69434
35.6558 139.70045
35.696613 139.76163
35.661842 139.73015
35.561356 139.57509
35.6627 139.74615
35.697987 139.69096
35.689083 139.69914
35.578693 139.73454
35.62905 139.73985
35.599022 139.6112
35.62006 139.72923
35.703854 139.56268
35.743534 139.72871
35.730274 139.71138
35.626186 139.7128
35.712116 139.70518
35.663544 139.73068
35.58745 139.62585
35.70526 139.70885
35.68348 139.65846
35.70497 139.70897
35.66528 139.74715
35.699047 139.77522
35.69772 139.78648
35.681248 139.76749
35.661507 139.72949
35.859703 139.65352
35.636105 139.88339
35.65795 139.70076
35.664375 139.73036
35.6567 139.75383
35.70179 139.76979
35.669495 139.49432
35.625927 139.74094
35.70154 139.77005
35.731724 139.70338
35.67113 139.90108
35.69614 139.76875
35.626404 139.88771
35.69697 139.78836
35.702244 139.7671
35.561996 139.5743
35.647217 139.74625
35.702194 139.54482
35.664623 139.72931
35.69975 139.76552
35.72777 139.77097
35.56158 139.57454
35.66712 139.76175
35.714264 139.72662
35.658524 139.70132
35.686604 139.78468
35.6973 139.7676
35.697903 139.77437
35.766624 139.84766
35.657143 139.54347
35.70405 139.57751
35.670227 139.70653
35.681133 139.76782
35.698963 139.7656
35.709846 139.70145
35.763786 139.72733
35.60828 139.555
35.65584 139.79886
35.610035 139.54562
35.858967 139.65204
35.70132 139.70392
35.65974 139.75563
35.667194 139.75854
35.675613 139.78033
35.673203 139.76047
35.677116 139.71193
35.81846 139.56055
35.714355 139.73004
35.666206 139.75952
