52.36422 4.882897
52.35567 4.871012
52.349552 4.825235
52.38914 4.8354297
52.394722 4.837847
52.30924 4.762187
52.384735 4.638047
52.357212 4.872334
52.365864 4.8964643
52.346508 4.9176264
52.366817 4.9134436
52.390156 4.8917313
52.309105 4.943825
52.361195 4.8994327
52.37134 4.8721576
52.37069 4.8981404
52.347736 4.9194913
52.300003 4.955349
52.379044 4.899291
52.310616 4.69828
52.34022 4.873933
52.378513 4.899672
52.378613 4.90057
52.378796 4.885484
52.358597 4.878925
52.49958 4.7651815
52.36661 4.903942
52.30924 4.762187
52.35994 4.909446
52.38685 4.8689175
52.344414 4.8544044
52.334213 4.866686
52.358273 4.891675
52.352856 4.889798
52.35921 4.806128
52.36422 4.882897
52.378613 4.900546
52.37 4.8506284
52.365246 4.911082
52.366016 4.895541
52.30924 4.762187
52.378613 4.900546
52.37069 4.8981404
52.37082 4.898046
52.358665 4.8789835
52.28736 4.8461785
52.309017 4.761586
52.30155 4.750715
52.309017 4.761586
52.38916 4.611093
52.312252 4.9287686
52.27983 4.97517
52.356728 4.956875
52.242874 4.821131
52.242653 4.8212886
52.33399 4.9304276
52.33559 4.859955
52.391655 4.6651483
52.388905 4.8383527
52.300003 4.955349
52.398148 4.8372445
52.384106 4.868551
52.372627 4.8947525
52.372356 4.888612
52.29656 4.6507688
52.376907 4.897692
52.376907 4.897692
52.38865 4.6140957
52.30924 4.762187
52.378613 4.900546
52.309277 4.763331
52.350197 4.786173
52.364754 4.8899446
52.38436 4.900782
52.36363 4.882618
52.368546 4.874503
52.365524 4.8981643
52.30924 4.762187
52.37606 4.8972263
52.34504 4.9673223
52.388393 4.607358
52.382 4.7840695
52.360493 4.8769107
52.37665 4.8991356
52.386253 4.6473737
52.385265 4.64764
52.397102 4.663782
52.37669 4.6416817
52.344795 4.777963
52.30924 4.762187
52.304146 4.8841643
52.30924 4.762187
52.364254 4.890973
52.30476 4.7661166
52.344406 4.8365707
52.378613 4.900546
52.364155 4.898269
52.31189 4.9471307
52.337234 4.8849053
52.358044 4.86763
52.370285 4.8849354
52.30251 4.69712
52.296944 4.975405
52.31142 4.9840117
52.499084 4.6997023
52.27306 4.973089
52.378513 4.899672
52.386158 4.8753333
52.363297 4.8920717
52.30402 5.1395993
52.3126 4.9488664
52.385765 4.874711
52.511402 4.956572
52.38436 4.900782
52.3773 4.920416
52.35115 4.849337
52.288937 4.8396277
52.336937 4.8720503
52.312374 4.94756
52.370834 4.9006414
52.323444 4.9527035
52.51644 4.9937434
52.391655 4.6651483
52.35422 4.868993
52.39828 4.850507
52.293396 4.9601364
52.32899 4.956179
52.384045 4.886741
52.29734 4.9472694
52.363483 4.882385
52.308952 4.7612896
52.366455 4.886298
52.365997 4.897156
52.370216 4.895168
52.30924 4.762187
52.34751 4.918886
52.391212 4.8564506
52.378513 4.899672
52.366776 4.8913407
52.343792 4.9227853
52.37082 4.898046
52.307304 4.9478908
52.34227 4.8891706
52.344357 4.893079
52.21511 4.8616133
52.369648 4.8962092
52.36902 4.8945165
52.30924 4.762187
52.36167 4.8870106
52.3396 4.8731318
52.338516 4.7778134
52.20424 4.872069
52.363216 4.6261787
52.3599 4.8981643
52.399467 4.876763
52.38439 4.858576
52.374207 4.9002194
52.334633 4.862051
52.30924 4.762187
52.358578 4.87898
52.37933 4.896001
52.380005 4.900125
52.373383 4.9384212
52.49284 4.95389
52.342445 4.8546267
52.367626 4.9049344
52.33324 4.8657694
52.30924 4.762187
52.390934 4.6675324
52.49352 4.9519157
52.35529 4.8902035
52.31324 5.0244637
52.37352 4.878344
52.340717 4.889751
52.30413 4.749243
52.38645 4.8429785
52.30924 4.762187
52.314434 4.9325395
52.36609 4.896469
52.40348 4.8890033
52.372627 4.8947525
52.384106 4.868551
52.340717 4.889751
52.374546 4.88968
52.358974 4.804608
52.35994 4.909446
52.382576 4.6375537
52.344685 4.853361
52.444458 4.8373346
52.29313 4.769072
52.374374 4.900836
52.297024 4.706107
52.301025 5.161686
52.388393 4.607358
52.21231 4.8626566
52.378613 4.900546
52.34468 4.8909307
52.356823 4.912531
52.353825 4.883099
52.29777 4.707974
52.302063 4.9498343
52.369648 4.8962092
52.335655 5.1587896
52.31534 4.927597
52.372837 4.863133
52.29777 4.707974
52.390408 4.83146
52.30924 4.762187
52.390045 4.887693
52.36871 4.877744
52.340717 4.889751
52.37239 4.876637
52.36338 4.978781
52.36059 4.859361
52.378613 4.900546
52.379948 4.853738
52.29182 4.6892605
52.46339 4.809834
52.378765 4.849833
52.378418 4.8470025
52.37867 4.848983
52.378685 4.848375
52.314434 4.9416947
52.358383 4.881052
52.34173 4.8899393
52.340717 4.889751
52.297157 5.161099
52.368378 4.928348
52.346508 4.9176264
52.268696 4.748535
52.38019 4.884229
52.354702 4.8934746
52.371452 4.8392305
52.378204 4.8458447
52.497852 4.9512124
52.368435 4.9020753
52.292847 4.7042284
52.38442 4.868664
52.38118 4.6300077
52.361084 4.907454
52.346508 4.9176264
52.36609 4.896469
52.360966 4.908451
52.30924 4.762187
52.309814 4.8513503
52.30849 4.8104024
52.374863 4.899439
52.36339 4.905237
52.366955 4.9136753
52.37816 4.882282
52.381596 4.63244
52.349552 4.825235
52.284584 5.149586
52.288105 4.8607826
52.30932 4.7694507
52.365997 4.897156
52.378613 4.900546
52.355717 4.664183
52.427757 4.8255544
52.378685 4.885027
52.392258 4.8366866
52.351425 5.171178
52.39044 4.836683
52.38796 4.925858
52.372665 4.891625
52.286507 4.96005
52.36363 4.882618
52.34648 4.921713
52.297157 5.161099
52.311092 4.946384
52.351 4.795233
52.37248 4.894113
52.401787 4.645449
52.487152 5.032531
52.378162 4.899444
52.31189 4.9471307
52.386253 4.6473737
52.384945 4.6483235
52.37669 4.6416817
52.345905 4.625244
52.363487 5.188646
52.33902 4.786455
52.363174 4.879883
52.37302 4.892628
52.37345 4.8867393
52.31189 4.9471307
52.37898 4.750288
52.330383 4.9556923
52.332348 5.0145936
52.309685 4.761672
52.3388 4.8733377
52.393944 4.850645
52.370384 4.894924
52.386215 4.8717403
52.303177 4.935874
52.290337 4.7873473
52.34426 4.7911177
52.373505 4.6372175
52.371746 4.636979
52.346508 4.9176264
52.277008 4.752016
52.3694 4.8937
52.30314 4.751065
52.379868 4.751881
52.393997 4.6290746
52.29231 4.715088
52.35432 4.8061156
52.357574 4.855882
52.36063 4.6483345
52.351624 4.8719616
52.378613 4.900546
52.297073 4.637664
52.381767 4.9171486
52.372967 4.8803387
52.323532 4.936563
52.39044 4.836683
52.494846 4.7640452
52.36928 4.901489
52.275494 4.8201833
52.388004 4.638376
52.360847 4.9055457
52.372852 4.7526627
52.31286 4.8491335
52.378613 4.900546
52.364872 4.89337
52.21568 4.935007
52.321354 4.8758073
52.35442 4.924232
52.36003 4.9265695
52.34761 5.1854
52.32331 4.953038
52.359856 4.879259
52.34897 4.9170856
52.30924 4.762187
52.36003 4.9265695
52.351173 4.872093
