52.303337 4.763603
52.35417 4.8416033
52.34876 4.89966
52.34504 4.9673223
52.37065 4.900325
52.358383 4.881052
52.376686 4.9222183
52.375675 4.887795
52.35967 4.877556
52.368015 4.9161243
52.390156 4.8917313
52.382698 4.637961
52.37274 4.883575
52.34832 4.917345
52.367985 4.805691
52.312813 4.950757
52.302708 4.9387827
52.36302 4.891963
52.301323 4.6648655
52.36967 4.929741
52.309673 4.771521
52.3793 4.637722
52.314026 4.6948
52.373333 4.8879004
52.301067 4.844468
52.336468 4.8853755
52.378613 4.900546
52.37943 4.6334615
52.439915 4.81673
52.347794 4.6276665
52.503975 5.0592766
52.309376 4.947158
52.33641 4.7719846
52.34588 4.916296
52.37302 4.892628
52.341755 4.876107
52.366566 4.8823433
52.379627 4.897564
52.35752 4.99122
52.299114 4.952696
52.491776 4.7984934
52.379097 4.6330576
52.36464 4.859394
52.473274 4.8197875
52.337025 4.8729477
52.40526 4.888296
52.40459 4.9219213
52.370285 4.8849354
52.375927 4.896829
52.201878 4.88527
52.317944 4.8822503
52.36058 4.9133806
52.37762 4.8954716
52.414658 4.8963895
52.294613 4.9573903
52.363316 4.9300556
52.340435 4.8428645
52.312813 4.950757
52.368546 4.874503
52.35967 4.877556
52.43177 4.8696084
52.344685 4.853361
52.508904 4.9460387
52.390156 4.8917313
52.3524 4.8694286
52.333225 4.8661404
52.33083 4.8524594
52.336582 4.885463
52.30242 4.8615904
52.301067 4.844468
52.511402 4.956572
52.511402 4.956572
52.454403 4.831825
52.36793 4.834079
52.370834 4.9006414
52.30924 4.762187
52.362103 4.8824844
52.37381 4.9384584
52.339767 4.8729525
52.40648 4.6409726
52.388004 4.638376
52.312813 4.950757
52.37667 4.922225
52.336468 4.8853755
52.378048 4.8820863
52.336468 4.8853755
52.334213 4.866686
52.437027 4.8077703
52.375675 4.887795
52.36422 4.882897
52.339195 4.8514295
52.38445 4.86596
52.30924 4.762187
52.38268 4.9206877
52.307316 4.757153
52.309105 4.943825
52.388905 4.8383527
52.33983 4.8743224
52.393486 4.6394606
52.36157 4.888153
52.354782 4.932992
52.368015 4.9161243
52.37569 4.888104
52.366444 4.897749
52.29415 4.9570656
52.34504 4.9673223
52.38422 4.884563
52.33367 4.789283
52.368015 4.9161243
52.378513 4.899672
52.371223 4.8907185
52.214645 4.8614826
52.368015 4.9161243
52.368015 4.9161243
52.30331 4.859367
52.377396 4.887556
52.33556 4.8601785
52.375782 4.907799
52.419724 4.631381
52.379726 4.9002028
52.292904 4.961967
52.364555 4.8837233
52.34832 4.917345
52.380917 4.638101
52.36061 4.8868456
52.371315 4.8954363
52.378613 4.900546
52.361244 4.89142
52.309017 4.761586
52.376312 4.9059
52.340717 4.889751
52.3634 4.888659
52.35622 4.890519
52.348 4.835532
52.380096 4.892243
52.363632 4.886953
52.437027 4.8077703
52.370346 4.884015
52.346508 4.9176264
52.35948 4.93976
52.37082 4.898046
52.340717 4.889751
52.370678 4.896621
52.340385 4.872576
52.292847 4.7042284
52.376293 4.900592
52.292847 4.7042284
52.343456 4.917726
52.323643 4.936509
52.31231 5.0250435
52.390083 4.8404217
52.341755 4.876107
52.370373 4.883181
52.373962 4.9168744
52.34876 4.89966
52.378613 4.900546
52.312813 4.950757
52.38916 4.611093
52.36556 4.8989367
52.403885 4.8887873
52.332714 5.0679207
52.3126 4.9488664
52.375725 4.896359
52.34043 4.8904805
52.39419 4.837192
52.37097 4.89253
52.333252 4.918549
52.30924 4.762187
52.33722 4.8730397
52.36132 4.8699307
52.323643 4.936509
52.311295 4.940826
52.303047 4.6952972
52.41439 4.643491
52.378613 4.900546
52.354618 4.900969
52.34876 4.89966
52.295578 4.700143
52.308937 4.7601485
52.34504 4.9673223
52.30777 4.9531603
52.349987 4.911498
52.369953 4.8508534
52.360603 4.931379
52.363457 4.8831687
52.384174 4.884729
52.358044 4.86763
52.37302 4.892628
52.370373 4.8846507
52.30924 4.762187
52.360847 4.9055457
52.414154 4.6440997
52.20729 4.865484
52.21231 4.8626566
52.374966 4.879312
52.488422 4.7524204
52.37814 4.8992496
52.299686 5.0266776
52.382294 4.633
52.37453 4.8728304
52.500095 4.9729815
52.374596 4.88396
52.384605 4.636075
52.361305 4.9006534
52.361305 4.9006534
52.388004 4.638376
52.371906 4.891962
52.371895 4.607421
52.350105 4.815625
52.318474 4.8918343
52.357746 4.8915873
52.358383 4.881052
52.43841 4.816664
52.358383 4.881052
52.374863 4.895882
52.36334 4.87746
52.329887 5.069285
