52.366886 4.894039
52.367584 4.899065
52.362217 4.873829
52.354103 4.8939147
52.36063 4.6483345
52.26032 4.685863
52.36763 4.8941574
52.503975 5.0592766
52.38012 4.885355
52.37776 4.8944526
52.394638 4.850144
52.373066 4.9007077
52.21045 4.9190087
52.376392 4.893831
52.385998 4.6421957
52.356228 4.845647
52.348557 4.856107
52.50717 4.944062
52.372066 4.8868713
52.366226 4.8945203
52.38479 4.6705465
52.366226 4.8945203
52.38042 4.8222256
52.30581 4.7661247
52.37952 4.8946996
52.37771 4.9151587
52.34832 4.917345
52.361668 4.882462
52.378223 4.8994436
52.439034 4.824256
52.37952 4.8946996
52.35001 4.839379
52.350956 4.850386
52.50464 5.0721936
52.295696 5.1627307
52.31987 4.985882
52.37952 4.8946996
52.308323 4.765234
52.30924 4.762187
52.388004 4.638376
52.27887 4.750246
52.36295 4.899141
52.342026 4.861651
52.49589 4.9366546
52.207687 4.8789544
52.34426 4.7911177
52.383503 4.86374
52.366398 4.890914
52.388927 4.887294
52.37675 4.9052596
52.37952 4.8946996
52.30924 4.762187
52.37779 4.905469
52.449184 4.8359475
52.372566 4.9003205
52.371128 4.891938
52.296043 4.6638765
52.36422 4.882897
52.30924 4.762187
52.314434 4.9325395
52.314434 4.9325395
52.302647 4.862493
52.378613 4.900546
52.472946 4.668224
52.35726 4.992549
52.299686 5.0266776
52.364 4.936677
52.30924 4.762187
52.39659 4.8696203
52.378513 4.899672
52.378613 4.900546
52.434273 4.6442604
52.38131 4.8893824
52.309708 4.646922
52.51298 4.946443
52.363647 4.9111853
52.23481 4.834344
52.434853 4.6608343
52.375816 4.856504
52.373837 4.8833156
52.38904 4.838515
52.36363 4.882618
52.36694 4.912172
52.388905 4.8383527
52.38017 4.89215
52.297897 4.9461184
52.308323 4.765234
52.385864 4.881485
52.382904 4.6365495
52.449184 4.8359475
52.36242 4.903997
52.50464 5.0721936
52.37788 4.625888
52.36242 4.903997
52.378613 4.900546
52.29603 4.899457
52.364098 4.8814487
52.341972 4.874817
52.36706 4.895987
52.366394 4.891091
52.3097 4.7626376
52.377144 4.881951
52.428795 4.912345
52.369892 4.880976
52.381477 4.635318
52.3396 4.8731318
52.351566 4.873155
52.30924 4.762187
52.394524 4.6419168
52.39711 4.6431804
52.3539 4.911837
52.300957 4.692034
52.31279 5.04302
52.40282 5.1742835
52.308643 4.7621555
52.323467 4.9719086
52.267555 5.134156
52.36645 4.890474
52.37379 4.881809
52.362247 4.883912
52.37453 4.9005227
52.364975 4.878231
52.317738 4.654331
52.376453 4.6344504
52.35325 4.832447
52.3691 4.87898
52.35087 4.906417
52.33079 4.852656
52.36329 4.919616
52.365284 4.8855586
52.3795 4.8999023
52.378613 4.900546
52.3778 4.885876
52.30164 4.6643386
52.391647 5.1855545
52.46087 4.8139157
52.34466 4.861293
52.39243 4.6536846
52.378613 4.900546
52.309685 4.761672
52.440292 4.6507397
52.306114 4.678777
52.38694 4.8699393
52.350033 4.646553
52.338223 4.8596478
52.370384 4.894924
52.37339 4.8939695
52.38694 4.8699393
52.355877 4.8709097
52.362865 4.898306
52.3742 4.629989
52.308323 4.765234
52.37952 4.8946996
52.355537 4.9559765
52.33237 4.898583
52.38694 4.8699393
52.50869 4.949451
52.36422 4.882897
52.36363 4.882618
52.351223 4.9334483
52.352856 4.889798
52.438107 4.8139215
52.314434 4.9416947
52.366104 4.8995857
52.334213 4.866686
52.334213 4.866686
52.381844 4.637252
52.367607 5.190568
52.37591 4.894571
52.4187 4.8268294
52.289803 4.724255
52.373978 4.9363375
52.352043 4.8562613
52.352264 4.8559785
52.36663 4.9263177
52.375664 4.899269
52.35517 4.868283
52.30924 4.762187
52.312256 4.945607
52.436207 4.6497273
52.377617 4.6421666
52.364822 4.881478
52.329308 4.6698356
52.33834 4.857389
52.36462 4.8835516
52.31275 4.84907
52.342445 4.8546267
52.217636 4.936657
52.35657 4.897166
52.314434 4.9325395
52.278065 4.8457847
52.426094 4.651632
52.36242 4.903997
52.351532 4.8192997
52.29603 4.899457
52.346745 4.911146
52.37 4.8506284
52.449184 4.8359475
52.378613 4.900546
52.390045 4.887693
52.381058 5.183567
52.362247 4.883912
52.364323 4.841186
52.364536 4.882611
52.3744 4.910958
52.38436 4.900782
52.358692 4.87882
52.33737 4.816841
52.36167 4.8870106
52.387497 4.637734
52.383476 4.734807
52.349953 4.9187603
52.369827 4.880415
52.36706 4.895987
52.31695 4.9556065
52.349976 4.9185815
52.3633 4.847473
52.366795 4.871083
52.48602 4.671421
52.35108 4.885138
52.348763 4.8933363
52.346012 4.8949146
52.339195 4.8514295
52.376175 4.8737254
52.362247 4.883912
52.49589 4.9366546
52.350536 4.898317
52.32978 5.0671034
52.368443 4.887928
52.36964 4.8912344
52.393463 4.627392
52.362247 4.883912
52.46547 4.9587493
52.35746 4.906677
52.511402 4.956572
52.38717 4.833329
52.36363 4.882618
52.410507 4.645214
52.362247 4.883912
52.36276 4.86065
52.36939 4.8511505
52.50464 5.0721936
52.318253 4.6412163
52.376312 4.9059
52.378513 4.899672
52.309708 4.646922
52.347 4.7512026
52.364822 4.864502
52.35922 4.914345
52.378613 4.900546
52.30924 4.762187
52.362247 4.883912
52.364506 4.88099
52.366776 4.8913407
52.440292 4.6507397
52.37582 4.884079
52.472015 4.8000135
52.372334 4.900005
52.36373 4.881715
52.35283 4.856726
52.505463 4.7658777
52.3672 4.89642
52.280933 4.8555923
52.37047 5.181581
52.302914 4.8592033
52.372566 4.9003205
52.380054 4.8988295
52.510506 4.9450417
52.30924 4.762187
52.37356 4.637009
52.309055 4.761801
52.35942 4.8520665
52.361057 4.916253
52.424244 4.659045
52.298687 4.862643
52.36241 4.8325996
52.373203 4.845204
52.3625 4.9105453
52.369225 4.884099
52.37402 4.875325
52.300053 4.94505
52.295013 4.9411325
52.29386 4.9444056
52.376686 4.9222183
52.36465 4.8836
52.272984 4.9688606
52.414154 4.6440997
52.38105 4.7923565
52.234467 4.9632273
52.30895 5.142007
52.37302 4.892628
52.376686 4.9222183
52.21045 4.9190087
52.503975 5.0592766
52.393463 4.627392
52.384254 4.868124
52.378613 4.900546
52.312256 4.945607
52.34583 4.855129
52.362316 4.9108243
52.37339 4.8939695
52.362316 4.9108243
52.37952 4.8946996
52.43443 4.652612
52.4187 4.8268294
52.31041 4.75511
52.349213 4.857117
52.36462 4.8835516
52.352642 5.003554
52.297413 4.9041867
52.347717 5.1836553
52.344685 4.853361
52.35325 4.832447
52.3429 4.9084554
52.338673 4.6366305
52.45513 4.8263736
52.31269 4.9448133
52.377422 4.859705
52.379646 4.6374536
52.31987 4.985882
52.30924 4.762187
52.380806 4.636095
52.36663 4.9263177
52.374546 4.88968
52.36638 4.9110723
52.36002 4.9052453
52.362247 4.883912
52.37736 4.888737
52.36013 4.864862
52.37223 4.8789263
52.36768 4.651769
52.373863 4.9003778
52.346325 4.952278
52.433144 4.836329
52.372665 4.891625
52.511402 4.956572
52.373898 4.849332
52.36953 4.8778358
52.359596 4.890296
52.397038 4.624408
52.416283 4.6156793
52.36556 4.8957953
52.35145 4.9126697
52.376568 4.921317
52.356365 4.879314
52.366177 4.8985343
52.37107 4.882909
52.364273 4.8828864
52.36013 4.864862
52.363457 4.881803
52.385998 4.6421957
52.444458 4.8373346
52.364506 4.88099
52.37033 4.8936615
52.30924 4.762187
52.308693 4.7637005
52.38354 4.863875
52.363842 4.834299
52.358013 4.992556
52.378796 4.885484
52.379665 4.893229
52.30849 4.8104024
52.38133 4.638617
52.378765 4.849833
52.380882 4.85409
52.378548 4.8502707
52.30924 4.762187
52.37867 4.848983
52.369213 4.883794
52.374546 4.88968
52.30924 4.762187
52.362247 4.883912
52.363445 4.885372
52.37843 4.9000535
52.364338 4.882705
52.36663 4.893752
52.360756 4.9289846
52.364807 4.8815346
52.30924 4.762187
52.37142 4.884324
52.375816 4.856504
52.36663 4.9263177
52.30924 4.762187
52.370712 4.6632566
52.3625 4.9105453
52.30873 4.8776608
52.362247 4.883912
52.434853 4.6608343
52.37007 4.9416537
52.297024 4.706107
52.362247 4.883912
52.293007 4.6991444
52.308582 4.768924
52.36063 4.6483345
52.30924 4.762187
52.35698 4.8915663
52.362247 4.883912
52.361797 4.864395
52.364807 4.8815346
52.30924 4.762187
52.32419 5.113318
52.299686 5.0266776
52.320557 5.1405325
52.30924 4.762187
52.364822 4.864502
52.37366 4.897864
52.373177 4.900128
52.377506 4.8942556
52.376568 4.921317
52.38109 4.912734
52.37569 4.9003105
52.372738 4.9000926
52.373863 4.9003778
52.374207 4.9002194
52.207916 4.857043
52.34071 4.932334
52.376686 4.9222183
52.366337 4.896341
52.317223 4.6674485
52.37665 4.8991356
52.365997 4.897156
52.393204 4.849225
52.32978 5.0671034
52.46547 4.9587493
52.29923 4.849494
52.37477 4.890734
52.30924 4.762187
52.46547 4.9587493
52.364536 4.882611
52.50961 4.9686027
52.367645 4.893886
52.38042 4.8222256
52.383476 4.734807
52.366776 4.8913407
52.254185 4.8072815
52.50945 4.945579
52.486687 4.962561
52.36585 4.89541
52.366146 4.880866
52.300003 4.955349
52.36002 4.9052453
52.34976 5.014615
52.499084 4.6997023
52.376686 4.9222183
52.364807 4.8815346
52.364536 4.882611
52.380974 4.854115
52.50735 4.979642
52.3498 4.912382
52.376 4.6561866
52.36422 4.882897
52.376 4.6561866
52.294308 4.9679227
52.2765 4.7975564
52.3625 4.9105453
52.382145 4.85562
52.54307 4.892489
52.312115 5.050847
52.359406 4.894073
52.393463 4.627392
52.347786 4.9642477
52.37366 4.897864
52.39243 4.6536846
52.371986 4.891129
52.31427 4.751301
52.30924 4.762187
52.364117 4.883276
52.497852 4.9512124
52.36063 4.6483345
52.49618 4.990989
52.335564 4.848275
52.35256 4.9393134
52.493515 4.678921
52.38131 4.6650453
52.388004 4.638376
52.370712 4.6632566
52.36378 4.88399
52.32544 4.950864
52.309055 4.761801
52.309227 4.7621226
52.309895 4.7643757
52.307148 4.6525493
52.350536 4.898317
