52.37302 4.892628
52.50087 4.9931583
52.358044 4.86763
52.367657 4.892031
52.36345 4.8854218
52.444458 4.8373346
52.378613 4.900546
52.391136 4.903971
52.304146 4.8841643
52.38159 4.886271
52.380817 4.637763
52.380657 4.899366
52.376205 4.894999
52.36681 4.912166
52.348763 4.8933363
52.367004 4.890733
52.379124 4.8962126
52.38252 4.903539
52.357994 4.8908043
52.37302 4.892628
52.349304 4.621218
52.36276 4.86065
52.370003 4.877819
52.373047 4.9004407
52.360783 4.882865
52.370285 4.8849354
52.287888 4.7552123
52.36422 4.882897
52.3691 4.87898
52.37223 4.878987
52.36145 4.8991437
52.374226 4.892252
52.385784 4.636413
52.34832 4.917345
52.509987 4.9587436
52.382862 4.8907585
52.311077 4.9474525
52.3525 4.894468
52.49803 5.0524077
52.36137 4.9247503
52.378162 4.899444
52.309055 4.761801
52.33176 4.9179726
52.38479 4.6705465
52.312645 4.9440446
52.35444 4.855422
52.364426 4.8827577
52.365513 4.8928103
52.378254 4.666147
52.382862 4.8907585
52.367527 4.886851
52.37048 4.8930073
52.38436 4.900782
52.421555 4.8844852
52.378613 4.900546
52.37657 4.911726
52.312645 4.9440446
52.312645 4.9440446
52.38083 4.63678
52.3746 4.897303
52.214645 4.8614826
52.376816 4.9050345
52.37019 4.8889484
52.37133 4.8580513
52.312645 4.9440446
52.36517 4.903593
52.312115 5.050847
52.366337 4.896341
52.34897 4.9170856
52.36877 4.63823
52.37117 4.618067
52.3723 4.9008036
52.494774 4.686184
52.366337 4.896341
52.352978 4.883981
52.37339 4.8939695
52.35529 4.8900294
52.36934 4.880719
52.385998 4.6421957
52.304146 4.8841643
52.354797 4.856638
52.362415 4.906048
52.357983 4.9311633
52.37372 4.626618
52.236824 4.8121486
52.384106 4.868551
52.388004 4.638376
52.362247 4.883912
52.37172 4.902073
52.307304 4.856348
52.36228 4.91253
52.37594 4.89309
52.356613 4.890548
52.379498 4.638296
52.309685 4.761672
52.391052 4.6487007
52.38182 4.629514
52.36363 4.882618
52.373837 4.8833156
52.376816 4.9050345
52.376205 4.894999
52.46547 4.9587493
52.36836 4.889045
52.36136 4.8994193
52.312645 4.9440446
52.30294 4.859306
52.364822 4.881478
52.36654 4.894648
52.30331 4.859367
52.50735 4.979642
52.37048 4.8930073
52.37419 4.900295
52.366962 4.852679
52.3762 4.899548
52.40526 4.888296
52.364822 4.881478
52.38118 4.6300077
52.38145 4.635444
52.370453 4.8931084
52.381615 4.62977
52.38148 4.629969
52.38155 4.6297655
52.309273 4.8645043
52.37591 4.894571
52.34122 5.132967
52.381596 4.63244
52.383503 4.86374
52.30924 4.762187
52.43848 4.825356
52.364822 4.881478
52.30924 4.762187
52.268696 4.748535
52.366444 4.8906326
52.37529 4.907347
52.312515 4.939787
52.312256 4.945607
52.352196 4.891577
52.449184 4.8359475
52.351566 4.8915553
52.357746 4.8915873
52.359505 4.8973384
52.36002 4.9052453
52.35139 4.891279
52.386692 4.636544
52.281788 4.825632
52.3648 4.881749
52.364895 4.882339
52.36705 4.893654
52.36654 4.894648
52.34832 4.917345
52.3648 4.881749
52.379704 4.6318183
52.494816 4.810759
52.30924 4.762187
52.337433 4.8710055
52.35432 4.8061156
52.370045 4.884207
52.293007 4.6991444
52.510345 5.048993
52.376816 4.9050345
52.28248 4.706887
52.35726 4.992549
52.37302 4.892628
52.439034 4.824256
52.289455 4.7233005
52.366055 4.8932214
52.259983 4.686259
52.364216 4.877968
52.38605 4.653139
52.38605 4.653139
52.370285 4.8849354
52.30903 4.7620583
52.383053 4.688286
52.38118 4.820938
52.36663 4.893752
52.36422 4.882897
52.30924 4.762187
52.36422 4.882897
52.308945 4.761402
52.32158 4.7673264
52.312256 4.945607
52.365845 4.8974185
52.371174 4.915264
52.425743 4.646576
52.374687 4.857507
52.35139 4.891279
52.377537 4.8968897
52.363033 4.879678
52.36349 4.8843713
52.308914 4.765109
52.38436 4.900782
52.37366 4.897864
52.314434 4.9416947
52.40785 4.7706385
52.40785 4.7706385
52.488987 5.0640535
52.364456 4.8825755
52.3388 4.8733377
52.459118 5.03601
52.38182 4.629514
52.378613 4.900546
52.408943 4.6323833
52.502163 5.082366
52.41364 4.657257
52.301975 4.69246
52.373955 4.896473
52.38182 4.629514
52.378613 4.900546
52.364555 4.8837233
52.317223 4.6674485
52.36363 4.882618
52.36483 4.880536
52.361633 4.650235
52.378613 4.900546
52.21353 4.860905
52.375565 4.900705
52.378613 4.900546
52.378613 4.900546
52.50924 4.9561496
52.364822 4.881478
52.36483 4.880536
52.371296 4.8620067
52.306824 4.9835014
52.461407 4.7981696
52.438107 4.8139215
52.312317 4.943976
52.35829 4.8930297
52.346447 4.831844
52.337376 4.8738036
52.41364 4.657257
52.30924 4.762187
52.364456 4.8825755
52.35468 4.8872
52.372528 4.8915563
52.294823 4.66086
52.371014 4.856819
52.35991 4.8637633
52.359882 4.863817
52.360657 4.8653975
52.30924 4.762187
52.326 4.882601
52.382957 4.671632
52.33728 4.8897314
52.36654 4.894648
52.37011 4.830085
52.298267 4.709009
52.375107 4.8839273
52.34064 4.890487
52.37042 4.892842
52.286503 4.960111
52.312317 4.943976
52.494846 4.7640452
52.378613 4.900546
52.41858 4.651562
52.296043 4.6638765
52.424244 4.659045
52.378613 4.900546
52.343327 4.8899727
52.378704 4.9007177
52.37708 4.8952675
52.36422 4.882897
52.38069 4.646744
52.30924 4.762187
52.377953 4.630336
52.3625 4.9105453
52.381405 4.6362333
52.37047 5.181581
52.30924 4.762187
52.26991 4.973579
52.36663 4.893752
52.378613 4.900546
52.35539 4.7797947
52.3624 4.891923
52.302097 5.0357265
52.355347 4.928691
52.366535 4.890217
52.30924 4.762187
52.36654 4.894648
52.379665 4.632035
52.376896 4.8820324
52.3802 4.88451
52.38377 4.880405
52.371925 4.890461
52.365013 4.863464
52.377117 4.633266
52.358383 4.881052
52.307644 4.7704234
52.36999 4.881589
52.354237 4.9128304
52.3625 4.9105453
52.30924 4.762187
52.397038 4.624408
52.314075 4.9328213
52.375816 4.856504
52.37952 4.8946996
52.30907 4.761908
52.30924 4.762187
52.3691 4.87898
52.376686 4.9222183
52.37569 4.907863
52.372063 4.899466
52.314075 4.9328213
52.33298 4.7364416
52.368206 4.8906894
52.301765 4.695569
52.36242 4.903997
52.37664 4.8821707
52.377705 4.635758
52.358597 4.878925
52.37019 4.8889484
52.38341 4.64713
52.370453 4.8931084
52.382957 4.6402473
52.3625 4.9105453
52.36242 4.903997
52.37571 4.900653
52.378082 4.886389
52.374413 4.886958
52.361492 4.899291
52.343983 4.856912
52.278065 4.968928
52.359985 4.863564
52.376686 4.9222183
52.308186 4.769625
52.356987 4.891047
52.30734 4.773345
52.374058 4.8838577
52.349865 4.7858334
52.30924 4.762187
52.38594 4.8714175
52.376686 4.9222183
52.321304 4.6641626
52.363644 4.939691
52.382977 4.636622
52.30518 4.7632017
52.36373 4.880299
52.365513 4.8928103
52.35888 4.807346
52.30242 4.694586
52.359013 4.8813324
52.377506 4.8942556
52.35726 4.992549
52.40898 4.647631
52.37664 4.8821707
52.371967 4.891187
52.413494 4.650523
52.30924 4.762187
52.48885 4.9655447
52.375725 4.896359
52.3778 4.88584
52.50464 5.0721936
52.358383 4.881052
52.35108 4.885138
52.48602 4.671421
52.37191 4.92639
52.37767 4.914193
52.494152 4.96859
52.380577 4.8871093
52.352337 4.856572
52.413406 4.650692
52.38083 4.63678
52.309273 4.8645043
52.374565 4.900618
52.21353 4.860905
52.35859 4.925558
52.360058 4.925846
52.361423 4.8968124
52.36003 4.9265695
52.37127 4.8937764
52.381443 4.629968
52.37119 4.8988013
52.295876 4.636114
52.38148 4.629969
52.38155 4.6297655
52.375565 4.8993692
52.381596 4.63244
52.503975 5.0592766
52.46547 4.9587493
52.366405 4.8966594
52.472553 4.7868013
52.36353 4.8530703
52.31695 4.9556065
52.373764 4.912273
52.49674 4.977728
52.372955 4.908304
52.364506 4.88099
52.361423 4.8968124
52.379665 4.885295
52.375664 4.899269
52.366405 4.8966594
52.36483 4.880536
52.314075 4.9328213
52.342445 4.8546267
52.378613 4.900546
52.24299 4.800567
52.36686 4.898664
52.403343 4.9611855
52.359596 4.890296
52.35108 4.854628
52.365192 4.9116836
52.438198 4.8159385
52.378613 4.900546
52.29923 4.849494
52.505993 4.752658
52.359596 4.890296
52.36276 4.86065
52.36003 4.9265695
52.365997 4.897156
52.365498 4.895525
52.355537 4.8915114
52.36422 4.882897
52.38114 4.638258
52.21568 4.935007
52.201336 4.898384
52.365498 4.895525
52.376816 4.9050345
52.38019 4.884229
52.367294 4.895587
52.38118 4.6300077
52.378315 4.881589
52.378315 4.881589
52.371727 4.6085267
52.35942 4.8520665
52.20843 4.8698835
52.366272 4.900202
52.37422 4.881526
52.367268 4.894523
52.38118 4.6300077
52.3625 4.9105453
52.375874 4.900017
52.35926 4.8612
52.36212 4.89885
52.366283 4.8910832
52.37366 4.897864
52.363976 4.8983727
52.340717 4.889751
52.348022 4.8770385
52.30863 4.810181
52.374546 4.89202
52.35621 4.891654
52.37453 4.8728304
52.36483 4.880536
52.36483 4.880536
52.408943 4.6323833
52.346985 4.876897
52.36623 4.896276
52.367294 4.895587
52.378613 4.900546
52.381042 4.63827
52.371986 4.891129
52.306614 4.81831
52.354855 4.792954
52.381973 4.6391053
52.37838 4.883331
52.37875 4.63758
52.36214 4.89172
52.311153 4.7613072
52.37366 4.897864
52.382378 4.893229
52.30924 4.762187
52.373634 4.8977566
52.37042 4.892842
52.34158 4.8114967
52.350273 4.832989
52.370136 4.8652444
52.346985 4.876897
52.382812 4.850873
52.3388 4.8733377
52.380985 4.854319
52.380863 4.853747
52.40404 4.6471095
52.357597 4.881878
52.341755 4.876107
52.37033 4.885574
52.37536 4.897388
52.37469 4.897307
52.366455 4.8974295
