52.331974 4.887099
52.45847 4.670863
52.511723 4.9586196
52.376263 4.891453
52.34135 4.869908
52.51356 4.992981
52.51644 4.9937434
52.371944 4.638808
52.371334 4.6402135
52.37274 4.883575
52.34022 4.873933
52.370163 4.6537657
52.34832 4.917345
52.347736 4.9194913
52.376686 4.9222183
52.373573 4.8930063
52.373573 4.893787
52.310028 4.947011
52.301975 4.692437
52.392517 4.8481216
52.363644 4.939691
52.301853 4.6933575
52.31695 5.0206738
52.367985 4.805691
52.294445 4.958254
52.28593 4.913383
52.36167 4.8870106
52.303066 4.762838
52.312813 4.950757
52.369164 4.6138816
52.310028 4.9504566
52.302708 4.9387827
52.36302 4.891963
52.364098 4.8814487
52.38078 4.628341
52.378613 4.900546
52.34959 4.874019
52.349987 4.911498
52.306805 4.638623
52.363316 4.8835683
52.277218 4.7526383
52.416145 4.826007
52.385315 4.851746
52.342026 4.9646525
52.302097 5.0357265
52.301323 4.6648655
52.378613 4.900546
52.3377 4.91695
52.368042 4.9163656
52.37172 4.902073
52.301975 4.69246
52.361042 4.872321
52.364853 4.8626256
52.36967 4.929741
52.357803 4.656363
52.347736 4.9194913
52.337135 4.873059
52.309673 4.771521
52.356 4.895718
52.27887 4.750246
52.3793 4.637722
52.38584 4.848029
52.314026 4.6948
52.373333 4.8879004
52.37487 4.895569
52.334213 4.866686
52.334213 4.866686
52.4187 4.8268294
52.30924 4.762187
52.307384 4.9472294
52.344902 4.917378
52.36517 4.864078
52.380043 4.891987
52.35293 4.882982
52.41771 4.826691
52.301067 4.844468
52.40137 4.891188
52.29928 5.039308
52.336468 4.8853755
52.342564 4.7843957
52.36363 4.882618
52.301987 4.692631
52.34725 4.8560805
52.337116 4.890565
52.378613 4.900546
52.353645 4.8417945
52.35209 4.865195
52.31612 4.9491935
52.344406 4.8365707
52.384323 4.70747
52.293007 4.6991444
52.30924 4.762187
52.310028 4.9504566
52.511402 4.956572
52.365437 4.8872
52.31026 4.9433756
52.388905 4.8383527
52.392708 4.833108
52.369926 4.891283
52.392075 4.83391
52.33728 4.8897314
52.344795 4.777963
52.277008 4.752016
52.341858 4.774008
52.31286 4.8491335
52.334057 4.921894
52.32608 5.1395845
52.346703 5.181274
52.207687 4.8789544
52.347 4.7512026
52.451412 4.819558
52.329105 4.956397
52.347 4.7512026
52.317577 5.0961757
52.378613 4.900546
52.310497 4.661939
52.277218 4.7526383
52.369316 4.881168
52.332348 5.0145936
52.296734 4.709755
52.365383 4.8804293
52.391212 4.8564506
52.3408 4.8657355
52.30924 4.762187
52.307384 4.9472294
52.38442 4.868664
52.309376 4.947158
52.34768 4.9343467
52.34584 4.884378
52.371746 4.636979
52.34959 4.874019
52.3388 4.8733377
52.303272 4.7492943
52.306805 4.638623
52.37486 4.9318824
52.376686 4.9222183
52.360867 4.9065433
52.305634 4.9509616
52.31231 5.0250435
52.308952 4.7612896
52.304413 4.75384
52.30924 4.762187
52.387924 4.8378253
52.275738 4.749523
52.309002 4.9304996
52.374203 4.936224
52.36776 5.190381
52.30924 4.762187
52.304413 4.75384
52.40526 4.888296
52.40526 4.888296
52.337498 4.85651
52.392258 4.8366866
52.30907 4.761908
52.323643 4.936509
52.33983 4.8743224
52.341755 4.876107
52.37421 4.935007
52.30924 4.762187
52.376686 4.9222183
52.376686 4.9222183
52.40812 4.63891
52.30924 4.762187
52.376686 4.9222183
52.300945 4.6956615
52.305286 4.946691
52.291187 4.7161984
52.284584 5.149586
52.36363 4.882618
52.52748 4.92831
52.347717 5.184978
52.50464 5.0721936
52.35951 4.83575
52.337498 4.85651
52.370804 4.89809
52.307617 4.806548
52.3126 4.9488664
52.337498 4.85651
52.452576 4.809179
52.373962 4.9168744
52.370285 4.8849354
52.337025 4.8729477
52.390156 4.8917313
52.364998 4.895152
52.337498 4.85651
52.342564 4.7843957
52.41628 4.824661
52.307415 4.769944
52.375034 4.8838243
52.360306 4.890408
52.35829 4.8930297
52.385616 4.835697
52.30924 4.762187
52.30992 4.754414
52.378613 4.900546
52.368015 4.9161243
52.38152 4.8959875
52.36464 4.859394
52.308937 4.7601485
52.346603 4.8283377
52.310616 4.69828
52.38812 4.8419237
52.376686 4.9222183
52.391212 4.8564506
52.350887 4.8232126
52.350887 4.8232126
52.432297 4.8757625
52.363483 4.882385
52.30408 4.7501254
52.299114 4.952696
52.295467 4.6996527
52.291737 4.7061825
52.517796 4.971444
52.292103 4.720516
52.214645 4.8614826
52.295593 4.974103
52.374874 4.8843246
52.30408 4.7501254
52.375034 4.8838243
52.30924 4.762187
52.347736 4.9194913
52.375782 4.907799
52.375034 4.8838243
52.37569 4.907863
52.35888 4.807346
52.35888 4.807346
52.31389 5.0269313
52.36391 4.908059
52.30924 4.762187
52.27944 4.757413
52.376686 4.9222183
52.428375 4.825808
52.375607 4.896791
52.392136 4.911219
52.375782 4.907799
52.309376 4.947158
52.30924 4.762187
52.376686 4.9222183
52.31695 5.0206738
52.442158 4.875614
52.388905 4.8383527
52.277218 4.7526383
52.308434 4.7618866
52.307053 4.769201
52.376686 4.9222183
52.308952 4.7612896
52.306824 4.9835014
52.339767 4.8729525
52.40648 4.6409726
52.390053 4.905224
52.414776 4.8642826
52.49581 4.938322
52.30924 4.762187
52.36722 4.903761
52.388004 4.638376
52.3089 4.7614574
52.38584 4.848029
52.371944 4.638808
52.371334 4.6402135
52.276962 4.7470593
52.372562 4.629772
52.363483 4.882385
52.258575 4.685433
52.370163 4.6537657
52.43219 4.8144445
52.34825 4.82471
52.290516 4.7212
52.392612 4.820536
52.328266 4.7330456
52.35888 4.807346
52.312813 4.950757
52.2923 4.85477
52.388905 4.8383527
52.37667 4.922225
52.419724 4.631381
52.30924 4.762187
52.32544 4.950864
52.376312 4.9059
52.30924 4.762187
52.51299 4.960085
52.336468 4.8853755
52.348347 4.857616
52.33372 4.8886333
52.346508 4.9176264
52.378048 4.8820863
52.388096 4.821274
52.436348 4.915201
52.30785 5.142803
52.303825 4.69344
52.378613 4.900546
52.486687 4.962561
52.336468 4.8853755
52.380524 4.8993874
52.334213 4.866686
52.36363 4.882618
52.437027 4.8077703
52.349987 4.911498
52.30408 4.7501254
52.378613 4.900546
52.28055 4.838935
52.357456 4.930698
52.36265 4.88567
52.382957 4.671632
52.375675 4.887795
52.359394 4.878161
52.36422 4.882897
52.339195 4.8514295
52.364536 4.8924947
52.374454 4.9039364
52.31189 4.9471307
52.30751 4.759012
52.38445 4.86596
52.387806 4.838472
52.36276 4.86065
52.343384 4.8465533
52.35698 4.8915663
52.36002 4.9052453
52.410313 4.847445
52.30924 4.762187
52.337498 4.85651
52.289066 4.840178
52.33706 4.9287434
52.38268 4.9206877
52.307316 4.757153
52.30924 4.762187
52.29166 4.7013216
52.357132 4.874527
52.334213 4.866686
52.372627 4.8947525
52.34588 4.916296
52.37125 4.927411
52.31534 4.927597
52.372356 4.888612
52.348305 4.8656344
52.34588 4.916296
52.310028 4.9504566
52.31286 4.8491335
52.31026 4.9433756
52.31275 4.84907
52.3408 4.8657355
52.30924 4.762187
52.391045 4.655721
52.37172 4.902073
52.20014 4.896631
52.38534 4.706366
52.340717 4.889751
52.340748 4.958558
52.293148 4.687446
52.27945 4.7463646
52.350285 5.181172
52.31397 4.7692466
52.310562 4.764684
52.347794 4.6276665
52.297073 4.637664
52.368546 4.874503
52.346508 4.9176264
52.32608 5.1395845
52.378613 4.900546
52.35653 4.9579883
52.310028 4.9504566
52.29231 4.715088
52.44185 4.839792
52.373383 4.876471
52.34959 4.874019
52.296734 4.709755
52.34584 4.884378
52.504704 4.9338484
52.36422 4.882897
52.35637 4.955959
52.388905 4.8383527
52.352604 4.9240413
52.391212 4.8564506
52.201878 4.88527
52.347 4.7512026
52.37137 4.86064
52.347 4.7512026
52.308537 4.9524627
52.390053 4.905224
52.30851 4.946505
52.34584 4.884378
52.30924 4.762187
52.352867 4.893463
52.308693 4.7637005
52.32101 4.7932825
52.378613 4.900546
52.365383 4.8804293
52.46519 4.805459
52.35791 4.8426423
52.3388 4.8733377
52.343674 4.846683
52.307617 4.806548
52.40882 4.65656
52.40526 4.888296
52.377304 4.8665705
52.41359 4.8271475
52.41359 4.8271475
52.385616 4.835697
52.30415 4.8710203
52.30741 4.770566
52.352867 4.893463
52.349 4.6728153
52.388004 4.638376
52.33983 4.8743224
52.38078 4.628341
52.309376 4.947158
52.334423 4.873133
52.35951 4.83575
52.305138 4.93298
52.388294 4.651795
52.374863 4.899439
52.38821 4.652351
52.37421 4.935007
52.3377 4.91695
52.387924 4.6384406
52.35969 4.8933363
52.303703 4.7624984
52.347717 5.1836553
52.309204 4.9301486
52.352753 4.88391
52.511402 4.956572
52.344532 4.7627254
52.346508 4.9176264
52.30907 4.761908
52.50533 5.0792027
52.342564 4.7843957
52.46547 4.9587493
52.38731 4.6377864
52.33364 4.866248
52.36464 4.859394
52.38085 4.820981
52.333885 4.931102
52.348366 4.917521
52.343456 4.917726
52.344135 4.9173446
52.308537 4.9524627
52.366123 4.9133377
52.374413 4.886958
52.371452 4.8392305
52.301323 4.6648655
52.312653 4.766999
52.261253 4.687066
52.30924 4.762187
52.37302 4.892628
52.348305 4.8656344
52.392612 4.820536
52.361958 4.872552
52.36262 4.8798227
52.404003 4.636028
52.33722 4.8730397
52.38808 4.8329654
52.351147 4.835895
52.350796 4.841223
52.339767 4.8729525
52.364998 4.895152
52.33437 4.8890877
52.299114 4.952696
52.334213 4.866686
52.350887 4.8232126
52.292847 4.7042284
52.391212 4.8564506
52.38099 4.890335
52.388004 4.638376
52.38636 4.872361
52.371944 4.638808
52.371334 4.6402135
52.30924 4.762187
52.370163 4.6537657
52.344414 4.8544044
52.27944 4.757413
52.497852 4.9512124
52.309055 4.761801
52.27494 4.7492533
52.379852 4.633452
52.40459 4.9219213
52.33294 4.986613
52.30924 4.762187
52.307865 4.9362783
52.3017 4.9466157
52.306805 4.638623
52.306744 4.6379933
52.306744 4.6379933
52.294613 4.9573903
52.404182 4.627497
52.437027 4.8077703
52.376698 4.6336765
52.511723 4.9586196
52.41364 4.657257
52.370346 4.884015
52.378613 4.900546
52.308754 4.951873
52.37033 4.8936615
52.43387 4.6512957
52.496593 4.935631
52.346508 4.9176264
52.341755 4.876107
52.363216 4.6261787
52.35948 4.93976
52.457024 4.815819
52.357597 4.881878
52.37082 4.898046
52.36994 4.836476
52.340717 4.889751
52.370678 4.896621
52.30924 4.762187
52.50086 5.0539823
52.340385 4.872576
52.292847 4.7042284
52.49411 5.069598
52.348362 4.9156876
52.346508 4.9176264
52.358383 4.881052
52.307957 4.9330487
52.38816 4.6380544
52.376293 4.900592
52.38895 4.8379006
52.461143 4.645222
52.38905 4.838426
52.38032 4.632584
52.388767 4.8381376
52.292847 4.7042284
52.343456 4.917726
52.38876 4.838081
52.390083 4.8404217
52.378036 4.8441124
52.3128 4.9385247
52.385315 4.851746
52.303833 4.951186
52.35442 4.83348
52.30924 4.762187
52.33448 4.868788
52.350273 4.832989
52.34008 4.8239684
52.38816 4.6380544
52.32464 4.794159
52.358383 4.881052
52.323643 4.936509
52.517994 4.973612
52.50086 5.0539823
52.31231 5.0250435
52.334633 4.862051
52.38812 4.8419666
52.262413 4.777571
52.314434 4.9416947
52.30924 4.762187
52.339916 4.873086
52.340717 4.889751
52.359142 4.883773
52.37125 4.927411
52.30924 4.762187
52.481113 4.6703353
52.30518 4.9457426
52.378613 4.900546
52.303257 4.945607
52.390083 4.8404217
52.324226 4.6535707
52.341755 4.876107
52.341755 4.876107
52.3366 4.873519
52.370373 4.883181
52.373962 4.9168744
52.34876 4.89966
52.378613 4.900546
52.378613 4.900546
52.37453 4.8728304
52.36302 4.891963
52.285305 4.8407855
52.312813 4.950757
52.34156 4.827142
52.30924 4.762187
52.312366 5.043529
52.314434 4.9416947
52.38916 4.611093
52.30849 4.8104024
52.36556 4.8989367
52.309055 4.761801
52.358383 4.881052
52.390083 4.8404217
52.290516 4.7212
52.403885 4.8887873
52.332714 5.0679207
52.373383 4.853311
52.30924 4.762187
52.3126 4.9488664
52.39505 4.618478
52.359016 4.9087834
52.329105 4.956397
52.340885 4.829961
52.375725 4.896359
52.301975 4.69246
52.37862 4.908056
52.29595 4.9755588
52.31165 5.0434566
52.35293 4.882982
52.36551 4.8986015
52.34043 4.8904805
52.3599 4.8981643
52.359016 4.9087834
52.294823 4.976035
52.35728 4.88048
52.30849 4.8104024
52.340717 4.889751
52.51356 4.992981
52.35988 4.885161
