52.373417 4.8927784
52.37143 4.925981
52.30924 4.762187
52.36063 4.6483345
52.306004 4.9336476
52.378613 4.900546
52.310028 4.9504566
52.410313 4.847445
52.284584 5.149586
52.307384 4.9472294
52.360973 4.843034
52.320488 4.649482
52.385548 4.832287
52.33771 4.872407
52.35359 4.912262
52.35058 5.007818
52.344406 4.8365707
52.31389 5.0269313
52.34588 4.916296
52.375263 4.638924
52.303833 4.951186
52.504704 4.9338484
52.54307 4.892489
52.358227 4.915631
52.297783 4.674379
52.287518 4.85555
52.36964 4.8912344
52.30408 4.7501254
52.312374 4.94756
52.30924 4.762187
52.261642 5.041997
52.36776 5.190381
52.36152 4.905639
52.37771 4.9151587
52.388226 4.660392
52.27887 4.750246
52.311146 4.759983
52.31324 5.0244637
52.330444 4.868231
52.33771 4.872407
52.39114 4.635753
52.303993 4.761837
52.308323 4.765234
52.39897 4.656649
52.391212 4.8564506
52.30924 4.762187
52.397995 4.85158
52.356144 4.8809443
52.31279 5.04302
52.348404 5.1523714
52.34867 4.945971
52.391045 4.655721
52.43745 4.81089
52.3377 4.91695
52.388863 4.838311
52.277008 4.752016
52.2777 4.838573
52.376686 4.9222183
52.303833 4.951186
52.326817 4.9504566
52.30924 4.762187
52.517796 4.971444
52.3377 4.91695
52.37421 4.935007
52.312645 4.9440446
52.278175 4.7509
52.30924 4.762187
52.34119 4.826124
52.385803 4.843333
52.242874 4.821131
52.511723 4.9586196
52.358383 4.881052
52.39478 4.8381543
52.390934 4.6675324
52.30126 4.8672223
52.340717 4.889751
52.371456 4.7463684
52.382942 4.889517
52.30924 4.762187
52.34584 4.884378
52.340717 4.889751
52.388863 4.838311
52.381165 4.8836045
52.25465 4.7790246
52.30975 4.770695
52.30924 4.762187
52.377903 4.898421
52.31365 4.947671
52.365437 4.885462
52.376686 4.9222183
52.351147 4.835895
52.30496 4.9481874
52.342564 4.7843957
52.325092 4.918919
52.372356 4.888612
52.33644 4.885414
52.2923 4.85477
52.387802 4.6332307
52.307644 4.7704234
52.307484 4.770568
52.362415 4.825982
52.340748 4.958558
52.360756 4.904816
52.412457 4.75375
52.369926 4.891283
52.307484 4.770565
52.34135 4.869908
52.30924 4.762187
52.336468 4.8853755
52.27944 4.757413
52.362904 4.885136
52.448956 4.8133354
52.348366 4.917521
52.351673 4.857247
52.35389 4.8606
52.380524 4.8993874
52.365093 4.8594546
52.385315 4.851746
52.357746 4.8915873
52.36511 4.935754
52.291256 4.984145
52.357746 4.8915873
52.343445 4.843575
52.387543 4.886384
52.359013 4.8813324
52.359753 4.883852
52.30924 4.762187
52.30356 4.762368
52.382942 4.889517
52.375366 4.892231
52.388016 4.8426533
52.306046 4.8364897
52.351215 4.843605
52.375996 4.886107
52.51395 5.040016
52.30924 4.762187
52.301567 4.750692
52.344685 4.853361
52.303337 4.763603
52.4187 4.8268294
52.363483 4.882385
52.366608 4.897601
52.42959 4.6850038
52.354427 4.882482
52.341084 4.962748
52.365326 4.935935
52.35417 4.8416033
52.34876 4.89966
52.385315 4.851746
52.300545 4.845924
52.34504 4.9673223
52.382347 4.6387577
52.324272 4.653702
52.313843 5.042865
52.355305 4.8397083
52.37065 4.900325
52.30924 4.762187
52.357742 4.914912
52.358383 4.881052
52.309105 4.9304876
52.313587 4.9491587
52.358147 4.9151635
52.336117 4.8894653
52.329254 4.785297
52.376686 4.9222183
52.309105 4.943825
52.378613 4.900546
52.375675 4.887795
52.30013 4.8687606
52.35967 4.877556
52.405712 4.809237
52.379612 4.871863
52.42959 4.6850038
52.337566 4.8744535
52.365063 4.935739
52.368015 4.9161243
52.314304 4.863124
52.358044 4.86763
52.36455 4.87115
52.378613 4.900546
52.288937 4.8396277
52.390156 4.8917313
52.303978 4.7535825
52.358383 4.881052
52.302628 4.756985
52.304604 4.754175
52.511402 4.956572
52.382927 4.630545
52.382698 4.637961
52.303993 4.761837
52.30924 4.762187
52.30907 4.761908
52.30924 4.762187
52.375675 4.887795
52.32544 4.950864
52.307384 4.9472294
52.39114 4.635753
52.3408 4.8657355
52.31286 4.8491335
52.337566 4.8744535
52.368095 4.878509
52.494774 4.686184
52.31026 4.9433756
52.346703 5.181274
52.27944 4.757413
52.3388 4.8733377
52.195766 4.9058676
52.30587 4.836185
52.338066 4.813428
52.308537 4.9524627
52.346508 4.9176264
52.21096 4.8680167
52.389137 4.667328
52.45866 5.030794
52.511402 4.956572
52.308483 4.9425097
52.335323 4.8810678
52.369316 4.881168
52.351147 4.835895
52.34584 4.884378
52.347794 4.6276665
52.402855 4.805477
52.371452 4.8392305
52.378513 4.899672
52.32647 4.8823028
52.489876 4.7655044
52.38621 4.6362734
52.291367 4.9632025
52.30924 4.762187
52.406105 4.63843
52.393204 4.849225
52.328205 4.8020554
52.36776 5.190381
52.330383 4.9556923
52.309227 4.7621226
52.3388 4.8733377
52.329105 4.956397
52.337498 4.85651
52.390366 4.905143
52.367725 4.893669
52.374268 4.895685
52.376045 4.907198
52.34469 4.832075
52.404003 4.636028
52.365437 4.8872
52.337498 4.85651
52.303272 4.7492943
52.308945 4.9469256
52.314434 4.9416947
52.448956 4.8133354
52.292904 4.961967
52.348305 4.8656344
52.309685 4.761672
52.314434 4.9416947
52.43944 4.821238
52.30924 4.762187
52.3377 4.91695
52.381184 4.659987
52.303833 4.951186
52.277008 4.752016
52.406788 4.801755
52.361294 4.6527615
52.30924 4.762187
52.31231 5.0250435
52.390053 4.905224
52.379868 4.751881
52.36259 4.921457
52.337498 4.85651
52.30849 4.8104024
52.361195 4.8994327
52.311153 4.7613072
52.292103 4.720516
52.375034 4.8838243
52.346508 4.9176264
52.373962 4.9168744
52.388016 4.8426533
52.337498 4.85651
52.299114 4.952696
52.30924 4.762187
52.33706 4.9287434
52.353752 4.892822
52.285305 4.8407855
52.33644 4.885414
52.393585 4.663681
52.388004 4.638376
52.294964 4.683051
52.337498 4.85651
52.384735 4.638047
52.319183 4.871192
52.307747 4.942641
52.387894 4.840599
52.396973 4.838921
52.38428 4.640907
52.326817 4.9504566
52.394722 4.837847
52.387466 4.832465
52.339428 4.8438196
52.30924 4.762187
52.368015 4.9161243
52.376556 4.905753
52.361347 4.86767
52.312374 4.94756
52.337566 4.8744535
52.387543 4.886384
52.34867 4.945971
52.292847 4.7042284
52.314796 4.935181
52.312374 4.94756
52.448956 4.8133354
52.39897 4.656649
52.429653 4.856476
52.35234 4.9370084
52.31189 4.9471307
52.38534 4.706366
52.44044 4.81978
52.312374 4.94756
52.314198 4.768839
52.35663 4.89074
52.377747 4.9161243
52.34832 4.917345
52.334213 4.866686
52.30924 4.762187
52.501457 4.964164
52.46505 4.8111167
52.387806 4.838472
52.368378 4.954285
52.357746 4.8915873
52.344902 4.917378
52.294556 4.768647
52.362354 4.9083624
52.337498 4.85651
52.29417 4.7201247
52.508495 4.949639
52.249718 4.9929857
52.294613 4.9573903
52.342564 4.7843957
52.323643 4.936509
52.392532 4.8294353
52.49286 5.074369
52.382545 4.92201
52.36568 4.890976
52.391212 4.8564506
52.246918 4.83578
52.35994 4.909446
52.259777 4.787507
52.408344 4.829356
52.494774 4.686184
52.363316 4.9300556
52.386288 4.8735056
52.340435 4.8428645
52.382942 4.889517
52.312813 4.950757
52.30924 4.762187
52.351093 4.87905
52.30924 4.762187
52.384235 4.9295287
52.368546 4.874503
52.35967 4.877556
52.363316 4.9300556
52.43177 4.8696084
52.344685 4.853361
52.508904 4.9460387
52.406788 4.801755
52.390156 4.8917313
52.3524 4.8694286
52.35726 4.992549
52.29767 4.911097
52.26062 4.787442
52.312714 4.9447947
52.294613 4.9573903
52.37797 4.9153414
52.34054 4.6159544
52.333225 4.8661404
52.33083 4.8524594
52.319263 4.866989
52.305634 4.9509616
52.309685 4.761672
52.358044 4.86763
52.30408 4.7501254
52.391655 4.6651483
52.336582 4.885463
52.344135 4.9173446
52.30242 4.8615904
52.377445 4.9074984
52.34959 4.874019
52.348362 4.9156876
52.373993 4.89421
52.35343 4.895101
52.360947 4.8935623
52.368042 4.9163656
52.344357 4.893079
52.378513 4.899672
52.30924 4.762187
52.301067 4.844468
52.511402 4.956572
52.511402 4.956572
52.42939 4.638158
52.20662 4.871986
52.454403 4.831825
52.36793 4.834079
52.373486 4.8182783
52.306805 4.638623
52.36722 4.903761
52.345776 4.884753
52.345776 4.884753
52.366962 4.852679
52.370167 4.896691
52.38766 4.659864
52.370834 4.9006414
52.35895 4.909213
52.376686 4.9222183
52.360867 4.9065433
52.351803 4.7908807
52.30924 4.762187
52.51395 5.040016
52.362103 4.8824844
52.30924 4.762187
52.36742 4.8943896
52.284584 5.149586
52.373306 4.900299
52.30924 4.762187
52.392254 4.6260166
52.34832 4.917345
52.346508 4.9176264
52.37381 4.9384584
52.308113 4.944577
52.34588 4.916296
52.43155 4.8715463
52.34588 4.916296
52.257343 4.7919464
52.30408 4.7501254
52.378513 4.899672
52.36208 4.887929
