52.357742 4.914912
52.29651 4.915263
52.38876 4.838081
52.370625 4.9284577
52.281 4.8517547
52.350735 4.8707833
52.507854 4.950954
52.37007 4.9416537
52.342873 4.883985
52.363785 4.9363966
52.30924 4.762187
52.354057 4.882971
52.372356 4.885649
52.30466 5.038841
52.276962 4.7470593
52.377968 4.878725
52.320744 4.871732
52.320744 4.871732
52.341515 4.964715
52.340717 4.889751
52.30924 4.762187
52.337887 4.783173
52.367653 5.190439
52.36585 4.881775
52.314434 4.9416947
52.295685 4.8772388
52.3755 4.908437
52.380005 4.900125
52.30415 4.7624445
52.358227 4.915631
52.3498 4.912382
52.30924 4.762187
52.30924 4.762187
52.36462 4.8835516
52.36357 4.870809
52.370346 4.884015
52.370354 4.884315
52.358383 4.881052
52.34832 4.917345
52.389088 4.8374133
52.201878 4.88527
52.314598 4.659499
52.36661 4.8841915
52.474163 4.656902
52.30924 4.762187
52.30924 4.762187
52.376686 4.9222183
52.309685 4.761672
52.38735 4.8406067
52.36351 4.884451
52.30924 4.762187
52.3314 4.968558
52.30924 4.762187
52.339005 4.902133
52.352135 4.930418
52.40089 4.835282
52.472015 4.8000135
52.389862 4.904295
52.501457 4.964164
52.302063 4.9498343
52.375034 4.8838243
52.376568 4.9073696
52.31275 4.84907
52.340435 4.8428645
52.314796 4.935181
52.302097 5.0357265
52.312374 4.94756
52.35909 4.80491
52.377445 4.9074984
52.387543 4.886384
52.35104 4.8870797
52.38479 4.859048
52.376686 4.9222183
52.30641 4.691606
52.34958 4.879744
52.363483 4.882385
52.33983 4.8743224
52.371952 4.897479
52.348145 4.8772697
52.243137 4.823524
52.365326 4.935935
52.36902 4.8945165
52.313038 4.7620063
52.312496 4.7567744
52.465992 4.9514008
52.490593 4.6790757
52.40007 4.841618
52.46547 4.9587493
52.294342 4.70907
52.307644 4.7704234
52.37625 4.911613
52.308464 4.76635
52.365524 4.8981643
52.382347 4.6387577
52.365997 4.897156
52.30924 4.762187
52.37864 4.871395
52.335976 4.8642254
52.306805 4.638623
52.377846 4.844048
52.308186 4.769625
52.380875 4.6362786
52.31137 4.753957
52.384174 4.884729
52.36363 4.882618
52.358383 4.881052
52.358383 4.881052
52.358692 4.8860083
52.375366 4.8973885
52.37789 4.6373816
52.326515 4.879781
52.33448 4.868788
52.356213 4.928913
52.259228 5.041197
52.392082 4.8341227
52.452778 4.827456
52.35417 4.954953
52.356247 4.8274665
52.451694 4.8187556
52.39359 4.629898
52.340347 4.9175897
52.36961 4.8352294
52.364853 4.8626256
52.368324 4.909483
52.393463 4.627392
52.35352 4.862203
52.36228 4.91253
52.38118 4.6300077
52.36824 4.890635
52.321865 4.77475
52.369637 4.8505692
52.287563 4.873929
52.36154 4.9252653
52.23888 4.9733725
52.3377 4.91695
52.4704 4.8396645
52.360115 4.9256296
52.39114 4.635753
52.35346 4.832451
52.3557 4.8265114
52.37034 4.885793
52.3795 4.8993444
52.358383 4.881052
52.35551 4.890753
52.363842 4.834299
52.38118 4.6300077
52.37339 4.8939695
52.378036 4.8441124
52.358383 4.881052
52.32171 5.0802565
52.347828 4.9540668
52.36824 4.890635
52.351063 5.004279
52.377617 4.90066
52.369495 4.907069
52.3498 4.912382
52.38105 4.7923565
52.30924 4.762187
52.365864 4.8964643
52.38015 4.6360345
52.36609 4.896469
52.30924 4.762187
52.413567 4.6276226
52.301975 4.69246
52.35793 4.8562245
52.303917 4.7628922
52.365738 4.8963885
52.33185 4.920427
52.344795 4.777963
52.328396 4.9602094
52.32978 5.0671034
52.376686 4.9222183
52.486687 4.962561
52.24269 4.8167405
52.352898 4.6332293
52.36379 4.882677
52.352856 4.889798
52.36262 4.8798227
52.336426 4.886663
52.371895 4.931182
52.36363 4.882618
52.370106 4.893545
52.29568 4.973456
52.370075 4.882363
52.35218 4.932931
52.353752 4.892822
52.357746 4.8915873
52.348267 4.8841524
52.340927 4.845775
52.37339 4.8939695
52.308754 4.951873
52.363483 4.882385
52.499084 4.6997023
52.259983 4.686259
52.380207 4.639444
52.38182 4.629514
52.327057 4.962291
52.312798 4.9404078
52.365433 4.880206
52.34158 4.7922707
52.34144 4.7925096
52.373356 4.8625135
52.35095 5.183164
52.352753 4.903008
52.37345 4.8867393
52.403675 4.649749
52.34188 4.6782174
52.307358 4.765243
52.358383 4.881052
52.385727 4.649326
52.36363 4.882618
52.30924 4.762187
52.259438 4.794903
52.38554 4.921714
52.37908 4.7509356
52.30758 4.9505115
52.388065 4.8387227
52.354786 4.8407364
52.384327 4.8839297
52.403885 4.8887873
52.30924 4.762187
52.469948 4.851657
52.42687 4.8497276
52.343193 4.817434
52.3392 4.7786236
52.378445 4.63518
52.382347 4.6387577
52.35988 4.885161
52.30924 4.762187
52.359753 4.883852
52.48885 4.9655447
52.317223 4.6674485
52.314434 4.9325395
52.358044 4.86763
52.29856 4.647002
52.37999 4.6304555
52.37302 4.892628
52.37302 4.892628
52.36609 4.896469
52.36422 4.882897
52.345863 4.7745614
52.336044 4.908693
52.50981 4.944504
52.344795 4.777963
52.369766 4.881556
52.36422 4.882897
52.37302 4.892628
52.32419 5.113318
52.459743 5.1390696
52.302097 5.0357265
52.373417 4.8927784
52.371326 4.8930864
52.510124 4.913347
52.314434 4.9325395
52.38118 4.6300077
52.36609 4.896469
52.34832 4.917345
52.36609 4.896469
52.366776 4.8913407
52.409233 4.9424047
52.36664 4.6514225
52.328583 4.927702
52.353825 4.883099
52.286507 4.96005
52.38436 4.900782
52.365616 4.8958044
52.35624 4.8942375
52.358383 4.881052
52.376205 4.894999
52.35452 4.8326325
52.38436 4.900782
52.31534 4.927597
52.340534 4.886412
52.328205 4.8020554
52.31534 4.927597
52.372627 4.89639
52.286507 4.96005
52.445107 4.863393
52.36893 4.870592
52.49352 4.9519157
52.38881 4.8386545
52.358044 4.86763
52.372852 4.7526627
52.36609 4.896469
52.36363 4.882618
52.358044 4.86763
52.36609 4.896469
52.342052 5.1582527
52.36609 4.896469
52.45949 4.811048
52.33979 4.6562386
52.335255 4.9045205
52.392532 4.8294353
52.370384 4.894924
52.373867 4.894226
52.289078 4.842338
52.358044 4.86763
52.36422 4.882897
52.36651 4.869441
52.362415 4.906048
52.328205 4.8020554
52.36422 4.882897
52.328205 4.8020554
52.486687 4.962561
52.268696 4.748535
52.366764 4.893776
52.33581 4.87476
52.409233 4.9424047
52.320557 5.1405325
52.3116 4.847819
52.393997 4.6290746
52.3689 4.883692
52.378513 4.899672
52.392612 4.820536
52.380302 4.888526
52.36363 4.882618
52.36363 4.882618
52.307644 4.7704234
52.381462 4.6359353
52.320683 4.873716
52.381336 4.8992586
52.324245 4.884459
52.38436 4.900782
52.29367 4.9455
52.381523 4.636385
52.31332 5.0274506
52.517937 5.073212
52.35511 4.8908052
52.36663 4.9263177
52.364017 4.8931494
52.366447 4.8670487
52.382862 4.8907585
52.375557 4.8978505
52.37366 4.897864
52.373768 4.89931
52.34122 5.132967
52.358044 4.86763
52.362415 4.906048
52.362415 4.906048
52.370285 4.8849354
52.382576 4.6375537
52.36422 4.882897
52.30924 4.762187
52.375782 4.907799
52.357574 5.1828003
52.359318 4.8825765
52.359596 4.8832726
52.370285 4.8849354
52.343193 4.817434
52.37302 4.892628
52.36422 4.882897
52.48602 4.671421
52.35851 4.903604
52.43897 4.8244157
52.377422 4.859705
52.32419 5.113318
52.369 4.889
52.375664 4.899269
52.371128 4.891938
52.386898 4.9086223
52.222374 4.9047985
52.36379 4.882677
52.380302 4.888526
52.38448 4.8751006
52.38586 4.873917
52.358044 4.86763
52.54307 4.892489
52.37302 4.892628
52.370285 4.8849354
52.351307 4.8561716
52.369503 4.851027
52.393463 4.627392
52.37806 4.8031754
52.49894 4.9546967
52.358383 4.881052
52.495186 4.9536004
52.354958 4.8379498
52.349213 4.857117
52.35325 4.832447
52.375866 4.896627
52.313457 4.768839
52.358597 4.878925
52.399597 4.896709
52.491936 4.938772
52.36609 4.896469
52.320557 5.1405325
52.301975 4.69246
52.37366 4.897864
52.355865 4.8928504
52.37302 4.892628
52.363964 4.884457
52.36519 4.88566
52.308403 4.946612
52.366524 4.8951263
52.355125 4.880657
52.30924 4.762187
52.299686 5.0266776
52.321102 4.792591
52.37274 4.883575
52.438805 4.824924
52.363586 4.8883486
52.308136 4.7476816
52.35943 4.8653855
52.375866 4.896627
52.3498 4.912382
52.393974 4.614249
52.371746 4.636979
52.36063 4.6483345
52.36063 4.6483345
52.373505 4.6372175
52.311153 4.7613072
52.37873 4.9010396
52.40143 4.895369
52.30924 4.762187
52.374065 4.890572
52.35529 4.8900294
52.36654 4.894648
52.295597 4.9759192
52.38479 4.6705465
52.457436 4.8003993
52.29503 4.94371
52.36363 4.882618
52.34064 4.623592
52.28946 4.684052
52.341614 4.821963
52.37674 4.6405797
52.38105 4.7923565
52.379147 4.894334
52.379314 4.8941784
52.38479 4.6705465
52.38069 4.646744
52.358383 4.881052
52.385265 4.64764
52.386253 4.6473737
52.379284 4.636229
52.30142 4.6641254
52.30164 4.6643386
52.36363 4.882618
52.36462 4.8835516
52.35736 4.930544
52.297024 4.706107
52.34944 4.820073
52.312115 5.050847
52.246025 4.826987
52.30304 4.6946793
52.339973 4.854133
52.304195 4.6936307
52.357018 4.8506393
52.341034 4.8700957
52.339973 4.854133
52.303608 4.694012
52.29734 4.9472694
52.30388 4.693574
52.408733 4.6438
52.302555 4.6935053
52.303677 4.6931143
52.25253 4.962996
52.296944 4.975405
52.36363 4.882618
52.30306 4.692144
52.356 4.895718
52.30975 4.770695
52.367123 4.871458
52.3716 4.88433
52.371296 4.8620067
52.376003 4.890869
52.32419 5.113318
52.299686 5.0266776
52.312115 5.050847
52.368412 4.9050846
52.387924 4.6384406
52.302044 4.693034
52.36663 4.893752
52.44114 4.6536436
52.449184 4.8359475
52.35511 4.8908052
52.380627 4.890744
52.29595 4.9755588
52.30924 4.762187
52.348904 4.9260836
52.339973 4.854133
52.373764 4.912273
52.30924 4.762187
52.429256 4.6847334
52.362957 4.885134
52.35802 4.8788953
52.30924 4.762187
52.375782 4.907799
52.375458 4.8947563
52.36363 4.882618
52.303467 4.8588324
52.35539 4.7797947
52.37302 4.892628
52.369335 4.893402
52.37082 4.9105883
52.37742 4.631295
52.30211 4.693541
52.36363 4.882618
52.312286 4.938641
52.303223 4.6936107
52.493908 5.073488
52.342083 4.707148
52.30924 4.762187
52.36314 4.8834605
52.389088 4.8374133
52.383575 4.6426277
52.48575 4.9510036
52.296043 4.6638765
52.37339 4.8939695
52.378162 4.899444
52.370285 4.8849354
52.373764 4.912273
52.303608 4.694012
52.303715 4.6936593
52.30388 4.693574
52.30304 4.6946793
52.38182 4.629514
52.303677 4.6931143
52.36363 4.882618
52.36872 4.889201
52.3593 4.654806
52.472015 4.8000135
52.351624 4.8719616
52.47722 4.6722364
52.294613 4.9573903
52.403034 4.6554704
52.38331 4.888814
52.37756 4.9012136
52.302242 4.8617563
52.38145 4.636801
52.37302 4.892628
52.362785 4.9494696
52.375034 4.8838243
52.36373 4.881715
52.331326 4.6294284
52.301853 4.6933575
52.510345 5.048993
52.345505 4.81133
52.295876 4.636114
52.363953 4.863231
52.36276 4.86065
52.302147 4.94974
52.364376 4.79589
52.368866 4.8852253
52.20014 4.896631
52.373306 4.900299
52.35539 4.7797947
52.358383 4.881052
52.355747 4.891864
52.36136 4.8994193
52.335133 4.913774
52.36894 4.902722
52.31523 4.955145
52.358044 4.86763
52.370285 4.8849354
52.36199 4.9501014
52.305008 4.8617907
52.355316 4.893196
52.3028 4.6922555
52.31226 4.7672467
52.37007 4.9416537
52.39881 4.9374533
52.377552 4.9903893
52.377552 4.9903893
52.370285 4.8849354
52.366375 4.896429
52.35605 4.880085
52.389133 4.650492
52.35698 4.8915663
52.4308 4.6987014
52.358044 4.86763
52.370285 4.8849354
52.37302 4.892628
52.36422 4.882897
52.36609 4.896469
52.36422 4.882897
52.30672 4.639045
52.409233 4.9424047
52.346092 4.8658705
52.351192 4.650208
52.302063 4.9498343
52.360577 4.8829627
52.36363 4.882618
52.35929 4.8029695
52.35929 4.8029695
52.37433 4.900555
52.352657 4.884045
52.384388 4.9058137
52.378696 4.730807
52.237198 4.755474
52.313774 4.7683773
52.36422 4.882897
52.28736 4.8461785
52.309017 4.761586
52.30155 4.750715
52.309017 4.761586
52.38916 4.611093
52.312252 4.9287686
52.27983 4.97517
52.356728 4.956875
52.242874 4.821131
52.242653 4.8212886
52.33399 4.9304276
52.33559 4.859955
52.391655 4.6651483
52.300003 4.955349
52.398148 4.8372445
52.384106 4.868551
52.372627 4.8947525
52.372356 4.888612
52.29656 4.6507688
52.376907 4.897692
52.376907 4.897692
52.38865 4.6140957
52.30924 4.762187
52.309277 4.763331
52.350197 4.786173
52.364754 4.8899446
52.38436 4.900782
52.36363 4.882618
52.368546 4.874503
52.365524 4.8981643
52.30924 4.762187
52.37606 4.8972263
52.388393 4.607358
52.382 4.7840695
52.360493 4.8769107
52.37665 4.8991356
52.386253 4.6473737
52.385265 4.64764
52.397102 4.663782
52.37669 4.6416817
52.344795 4.777963
52.30924 4.762187
52.304146 4.8841643
52.30924 4.762187
52.364254 4.890973
52.30476 4.7661166
52.344406 4.8365707
52.364155 4.898269
52.337234 4.8849053
52.358044 4.86763
52.370285 4.8849354
52.30251 4.69712
52.296944 4.975405
52.31142 4.9840117
52.499084 4.6997023
52.37569 4.888104
52.33784 4.872075
52.306194 4.76532
52.35953 4.901781
52.375782 4.907799
52.339893 5.1317315
52.366524 4.897744
52.371517 4.9387374
52.451534 5.034609
52.36363 4.882618
52.31816 4.852438
52.37529 4.907347
52.323345 4.8869386
52.370804 4.89809
52.30924 4.762187
52.329105 4.956397
52.455906 5.0499825
52.336403 4.9315014
52.365433 4.902818
52.30924 4.762187
52.33944 4.7807794
52.268696 4.748535
52.31136 4.760172
52.35346 4.832451
52.31382 4.9469695
52.34426 4.7911177
52.388226 4.660392
52.376617 4.9063816
52.315296 4.947061
52.481113 4.6703353
52.36363 4.882618
52.307957 4.9330487
52.358692 4.8860083
52.27105 4.726088
52.327057 4.962291
52.36422 4.882897
52.37733 4.8977532
52.351173 4.872093
52.354527 4.871821
52.350887 4.8232126
52.356247 4.8274665
52.30469 5.0391006
52.32582 4.950639
52.380238 4.63513
52.36329 4.898483
52.30924 4.762187
52.368324 4.909483
52.373356 4.8625135
52.34832 4.917345
52.332806 4.871957
52.321426 4.8815
52.359676 4.8785176
52.48771 4.7990036
52.309814 4.8513503
52.36585 4.892816
52.303978 4.7535825
52.303116 4.7508945
52.30456 4.754496
52.363976 4.8983727
52.369 4.889
52.393997 4.6290746
52.36242 4.903997
52.35426 4.906607
52.391052 4.6487007
52.37538 4.8958535
52.459084 4.79899
52.360966 4.908451
52.30924 4.762187
52.364998 4.895152
52.353825 4.883099
52.36957 4.892113
52.359062 4.860101
52.43893 4.8259597
52.343193 4.817434
52.336212 4.929695
52.37457 4.63001
52.367924 4.905552
52.314434 4.9416947
52.376404 4.627036
52.30924 4.762187
52.340267 4.920695
52.353626 4.84156
52.297024 4.706107
52.424854 4.625028
52.2935 5.080528
52.32608 5.1395845
52.334515 4.859873
52.386574 4.8779726
52.36693 5.1909113
52.45847 4.670863
52.374268 4.895685
52.35829 4.8930297
52.364117 4.883276
52.376205 4.894999
52.352463 4.90294
52.358273 4.891675
52.349953 4.918761
52.38854 4.6424103
52.397186 4.848466
52.32886 4.794631
52.37007 4.9416537
52.30924 4.762187
52.338116 4.962446
52.36276 4.86065
52.387802 4.6332307
52.347736 4.9194913
52.314686 4.954224
52.38047 4.888286
52.508724 4.9482036
52.342564 4.7843957
52.329105 4.956397
52.30924 4.762187
52.384106 4.868551
52.489246 4.884263
52.372627 4.8947525
52.3651 4.884327
52.30924 4.762187
52.337135 4.873059
52.397038 4.624408
52.333885 4.931102
52.30529 4.766954
52.291603 4.6991873
52.29167 4.7004805
52.30924 4.762187
52.36422 4.882897
52.370384 4.894924
52.344162 4.8478136
52.357746 4.899449
52.380577 4.627891
52.312813 4.950757
52.37943 4.6334615
52.494404 4.952805
52.316666 5.02505
52.379726 4.9002028
52.34825 4.82471
52.301975 4.69246
52.47532 4.6564574
52.370834 4.9006414
52.3571 4.883138
52.338856 4.840996
52.35741 4.9100814
52.364647 4.882028
52.36462 4.8835516
52.30924 4.762187
52.334515 4.859873
52.37908 4.7509356
52.376766 4.897883
52.34832 4.917345
52.37952 4.8946996
52.379868 4.751881
52.31731 4.95651
52.45558 4.808107
52.376907 4.897692
52.307865 4.9362783
52.401497 4.891021
52.35988 4.885161
52.377445 4.901749
52.376686 4.9222183
52.37809 4.6487403
52.496067 5.0682807
52.374165 4.850364
52.371872 4.9288154
52.368225 4.891336
52.373486 4.8182783
52.3482 4.861771
52.359337 4.805676
52.357746 4.8915873
52.360115 4.9256296
52.372078 4.8921247
52.345776 4.884753
52.45852 4.838147
52.364105 4.8763237
52.388065 4.8387227
52.383476 4.734807
52.308323 4.765234
52.374454 4.9039364
52.36132 4.8699307
52.379425 4.633092
52.306644 4.7651954
52.312813 4.950757
52.362247 4.883912
52.366673 4.894744
52.382412 4.8056874
52.509228 4.948346
52.3452 4.89533
52.35919 4.926108
52.381912 4.629344
52.46087 4.811379
52.351803 4.7908807
52.36422 4.882897
52.370132 4.888169
52.347466 4.914165
52.3377 4.91695
52.49855 4.958907
52.371906 4.891962
52.376556 4.905753
52.379627 4.897564
52.36663 4.893752
52.36663 4.893752
52.311092 4.946384
52.517994 4.973612
52.307327 4.9479265
52.374268 4.895685
52.375034 4.8838243
52.3452 4.89533
52.201878 4.88527
52.404438 4.861434
52.48885 4.9655447
52.38976 4.8376355
52.35999 4.877248
52.368824 4.885731
52.30927 4.760702
52.30927 4.760702
52.3539 4.911837
52.36363 4.882618
52.31202 4.7572894
52.37335 4.890859
52.30924 4.762187
52.351646 4.8569694
52.368454 4.8887577
52.316715 4.872082
52.30924 4.762187
52.365448 4.919123
52.37762 4.907399
52.36563 4.919945
52.361187 4.915082
52.358227 4.915631
52.36469 4.917548
52.366394 4.919717
52.346703 5.181274
52.517376 4.9835715
52.278603 4.832648
52.291054 4.7303867
52.198296 4.873039
52.33771 4.872407
52.376312 4.9059
52.309814 4.8513503
52.382294 4.633
52.36375 4.657345
52.30924 4.762187
52.482628 4.8018584
52.392708 4.833108
52.30408 4.7501254
52.376686 4.9222183
52.313885 4.951669
52.317707 4.8724184
52.376686 4.9222183
52.30408 4.7501254
52.347538 4.8560534
52.34702 4.894993
52.36514 4.884677
52.351147 4.835895
52.342564 4.7843957
52.362316 4.9108243
52.30587 4.836185
52.300003 4.955349
52.497852 4.9512124
52.316574 4.9324694
52.370834 4.9006414
52.309376 4.947158
52.484585 4.6665716
52.30924 4.762187
52.301975 4.69246
52.32419 5.113318
52.299686 5.0266776
52.320557 5.1405325
52.320557 5.1405325
52.36609 4.896469
52.44114 4.6536436
52.277008 4.752016
52.375782 4.907799
52.38436 4.875041
52.357746 4.8915873
52.365997 4.897156
52.294613 4.9573903
52.389088 4.8374133
52.380005 4.900125
52.30924 4.762187
52.30924 4.762187
52.30924 4.762187
52.36363 4.882618
52.361897 4.89913
52.352547 4.889957
52.4346 4.6507573
52.453514 4.643433
52.439453 4.822048
52.269745 5.1358347
52.40243 4.839906
52.305637 4.752727
52.355198 4.905666
52.374763 4.887623
52.377617 4.9013615
52.34832 4.917345
52.390083 4.8404217
52.380947 4.6389923
52.356 4.895718
52.35988 4.885161
52.296043 4.6638765
52.51356 4.992981
52.516743 4.9820423
52.516068 4.9935265
52.322124 4.801348
52.36956 4.8791895
52.29777 4.7083387
52.30924 4.762187
52.32608 5.1395845
52.38398 4.8846416
52.201336 4.898384
52.30924 4.762187
52.309685 4.761672
52.31247 4.940963
52.352135 4.930418
52.37384 4.8751774
52.363464 4.8831944
52.37833 4.8453393
52.273403 4.7510734
52.388866 4.887576
52.363464 4.8831944
52.3396 4.8731318
52.37172 4.902073
52.367897 4.891927
52.390186 4.887616
52.37754 4.894297
52.371452 4.8392305
52.374973 4.8229756
52.375206 4.6212964
52.361195 4.8994327
52.30924 4.762187
52.35988 4.885161
52.364254 4.890973
52.496067 5.0682807
52.307503 4.7572165
52.369102 4.8902545
52.363037 4.898575
52.36691 4.892698
52.355305 4.8397083
52.302063 4.9498343
52.355305 4.8397083
52.500862 4.76429
52.304146 4.8841643
52.35996 4.889222
52.452778 4.827456
52.34016 4.874334
52.314434 4.9325395
52.50493 4.7791
52.30924 4.762187
52.357788 4.833982
52.29777 4.707974
52.342445 4.8546267
52.28364 4.834391
52.370293 4.8874035
52.376953 4.920744
52.36422 4.882897
52.518337 4.979396
52.331066 4.8773074
52.314434 4.9325395
52.383476 4.734807
52.370384 4.894924
52.365437 4.8872
52.360867 4.9065433
52.303833 4.951186
52.36609 4.896469
52.30415 4.7624445
52.277218 4.7526383
52.405293 4.888176
52.36724 4.8912764
52.376953 4.920744
52.307842 4.756918
52.350285 5.181172
52.451534 5.034609
52.37533 4.895898
52.246025 4.826987
52.366108 4.897767
52.375664 4.888359
52.278603 4.832648
52.277218 4.7526383
52.277218 4.7526383
52.38086 4.968382
52.494534 4.967982
52.37567 4.88838
52.365433 4.902818
52.271385 4.9744873
52.376446 4.887934
52.417694 4.892857
52.37992 4.8845816
52.404064 4.6291676
52.295876 4.636114
52.30924 4.762187
52.391407 4.8783345
52.36562 4.895848
52.3741 4.894402
52.36259 4.921457
52.30469 5.0391006
52.348637 4.831493
52.496067 5.0682807
52.38666 4.6436048
52.3626 4.8879614
52.276234 4.7479844
52.349113 4.9703298
52.495377 4.7508307
52.48724 4.94931
52.487823 4.8121367
52.50016 4.768662
52.37155 4.92556
52.308754 4.951873
52.36063 4.6483345
52.372665 4.891625
52.372528 4.8915563
52.362247 4.883912
52.340317 4.798909
52.39024 4.888828
52.309814 4.8513503
52.394722 4.837847
52.36363 4.882618
52.335976 4.8642254
52.34832 4.917345
52.37669 4.6416817
52.363842 4.834299
52.38069 4.646744
52.29777 4.7083387
52.38253 4.8876877
52.513943 4.993645
52.36157 4.888153
52.37302 4.892628
52.356903 4.918481
52.331326 4.6294284
52.351265 4.923695
52.278603 4.832648
52.393463 4.627392
52.366337 4.896341
52.30942 4.7636566
52.30924 4.762187
52.36776 4.8897047
52.312286 4.938641
52.48885 4.9655447
52.304146 4.8841643
52.39103 4.905346
52.505817 5.071574
52.358383 4.881052
52.365284 4.8855586
52.369102 4.8902545
52.356705 5.005752
52.37833 4.8453393
52.49668 4.9383974
52.49645 4.9384403
52.368855 4.888905
52.296604 4.9873786
52.302097 5.0357265
52.35325 4.832447
52.37734 4.9161105
52.365433 4.902818
52.368454 4.8887577
52.368546 4.852797
52.376156 4.886229
52.449608 4.6784
52.50493 4.7791
52.494152 4.96859
52.30339 4.8578324
52.37426 4.901214
52.382 4.7840695
52.351147 4.835895
52.3963 4.906093
52.38098 4.890326
52.30924 4.762187
52.380875 4.890577
52.311077 4.9474525
52.390045 4.887693
52.306644 4.7651954
52.392136 4.911219
52.367775 4.892553
52.293198 4.9942665
52.510506 4.9454207
52.486687 4.962561
52.346657 4.918141
52.35726 4.992549
52.36997 4.8795075
52.378155 4.89553
52.37865 4.8967266
52.30924 4.762187
52.350033 4.646553
52.38019 4.8208365
52.3973 4.9518147
52.34615 4.864239
52.309895 4.7613826
52.37569 4.907863
52.21568 4.935007
52.34648 4.946541
52.369045 4.895314
52.21353 4.860905
52.37053 4.89317
52.399597 4.896709
52.40047 4.6273546
52.35552 4.903367
52.365997 4.897156
52.365513 4.8928103
52.345554 5.0170355
52.198986 4.86154
52.36363 4.882618
52.377174 4.919696
52.378555 4.875399
52.30924 4.762187
52.365326 4.935935
52.496395 4.9382687
52.365997 4.897156
52.341583 4.8679814
52.36363 4.882618
52.30924 4.762187
52.370403 5.191004
52.309277 4.763331
52.3189 4.6672463
52.30924 4.762187
52.30924 4.762187
52.313606 4.6780114
52.21353 4.860905
52.37446 4.900503
52.39243 4.6536846
52.3765 4.622741
52.35402 5.168842
52.38433 4.870044
52.302376 4.920425
52.38064 4.8843884
52.37952 4.8946996
52.30164 4.6643386
52.30166 4.66353
52.30166 4.6629305
52.36663 4.893752
52.359 4.8842316
52.33083 4.8524594
52.30924 4.762187
52.30924 4.762187
52.357483 4.9106436
52.36462 4.8835516
52.301567 4.6643577
52.310314 4.765277
52.356 4.895718
52.332424 4.6290784
52.360657 4.8653975
52.45847 4.670863
52.37278 4.928353
52.49665 4.7098875
52.320744 4.871732
52.362106 4.881234
52.313457 4.768839
52.380657 4.899366
52.370792 4.893248
52.20014 4.896631
52.38118 4.6300077
52.291447 4.6897564
52.296856 4.888237
52.36663 4.893752
52.35432 4.8061156
52.368958 4.8885927
52.368454 4.8887577
52.379498 4.638296
52.371723 4.914837
52.35782 4.87662
52.371338 4.891996
52.301617 4.91947
52.296043 4.6638765
52.37633 4.897221
52.370632 4.8915606
52.51786 4.985917
52.354687 4.770341
52.379765 4.8865614
52.36363 4.882618
52.33505 4.922243
52.36877 4.63823
52.38436 4.900782
52.387924 4.8378253
52.38436 4.900782
52.364117 4.883276
52.2779 5.143793
52.378593 4.8458695
52.357727 4.930372
52.37302 4.892628
52.336937 4.8720503
52.357014 4.874725
52.36609 4.896469
52.499084 4.6997023
52.352196 4.891577
52.360195 4.7825017
52.358578 4.87898
52.37021 4.8501697
52.278065 4.968928
52.338066 4.6244025
52.29481 4.6400023
52.386574 4.8779726
52.36172 4.907729
52.352 4.8563566
52.33151 4.8938084
52.36609 4.896469
52.382294 4.633
52.35736 4.930544
52.36363 4.882618
52.278603 4.832648
52.36548 4.89792
52.37569 4.907863
52.34122 5.132967
52.37119 4.8988013
52.30924 4.762187
52.351223 4.9334483
52.351006 4.9304905
52.377434 4.8014116
52.20708 4.8831654
52.20041 4.856
52.365997 4.897156
52.37814 4.8992496
52.42563 4.8238177
52.330086 4.651044
52.500652 4.8025274
52.362976 4.9278126
52.377678 4.8015323
52.36157 4.6495285
52.372166 4.914161
52.312256 4.945607
52.361546 4.649585
52.351803 5.0072765
52.30924 4.762187
52.512825 4.9592113
52.376316 4.899424
52.373764 4.912273
52.37339 4.8939695
52.37669 4.6416817
52.38069 4.646744
52.385265 4.64764
52.378166 4.898572
52.386253 4.6473737
52.366955 4.9136753
52.369045 4.889339
52.350033 4.646553
52.3585 4.6548343
52.366016 4.895541
52.434853 4.6608343
52.366016 4.895541
52.36609 4.896469
52.365997 4.897156
52.37927 4.920802
52.37529 4.907347
52.39857 4.918554
52.30844 5.0408874
52.36885 4.900499
52.51974 4.9900784
52.35967 4.877556
52.309685 4.761672
52.34423 4.859757
52.35284 4.893281
52.30927 4.760702
52.41083 4.646648
52.50717 4.944062
52.362812 4.9230227
52.314796 4.935181
52.438824 4.819218
52.31454 4.9327865
52.449184 4.8359475
52.3083 5.0410604
52.36803 4.8986864
52.400436 4.84257
52.3822 4.902987
52.408733 4.6438
52.495377 4.7508307
52.37023 4.8909516
52.360123 4.890593
52.507866 4.848029
52.294823 4.976035
52.371994 4.934033
52.36422 4.882897
52.373726 4.8903217
52.295876 4.636114
52.362167 4.882647
52.38086 4.968382
52.37801 4.786206
52.373634 4.8977566
52.492832 5.074263
52.318253 4.6412163
52.36832 4.938154
52.36422 4.882897
52.229694 5.032727
52.368904 4.8836536
52.487797 4.936061
52.37354 4.892176
52.314434 4.9325395
52.37323 4.897177
52.357746 4.8915873
52.361927 4.8828287
52.365326 4.935935
52.35698 4.891212
52.306164 4.642972
52.35698 4.891212
52.40404 4.6471095
52.364822 4.881478
52.369583 4.889353
52.343727 4.8042746
52.366768 4.893239
52.482628 4.8018584
52.342083 4.707148
52.321102 4.792591
52.36067 4.9301057
52.354877 4.646769
52.36067 4.9301057
52.334568 4.917971
52.331497 4.6291494
52.359142 4.883773
52.38039 4.640149
52.21353 4.860905
52.377083 4.897392
52.29734 4.9472694
52.353905 4.8907886
52.351803 4.7908807
52.348347 4.768865
52.36363 4.882618
52.356213 4.928913
52.354973 4.893395
52.297398 4.658869
52.38086 4.968382
52.358383 4.881052
52.20903 4.887462
52.369892 4.880976
52.36373 4.881715
52.349197 4.8773932
52.509018 4.9398575
52.43866 4.8174434
52.359142 4.883773
52.368793 4.892637
52.368843 4.887894
52.259983 4.686259
52.351803 4.7908807
52.43866 4.8174434
52.357014 4.874725
52.370384 4.894924
52.386288 4.8735056
52.380962 4.888833
52.33237 4.898583
52.366394 4.8970003
52.372566 4.9003205
52.36022 4.880579
52.384487 4.63604
52.327026 5.063405
52.357746 4.8915873
52.343437 5.1748705
52.394005 4.879438
52.336014 5.066874
52.36414 4.8552375
52.499672 4.823659
52.364456 4.8825755
52.37123 4.6501164
52.358044 4.86763
52.355923 4.875824
52.373154 4.8773
52.373016 4.880344
52.366768 4.893239
52.3716 4.88433
52.32905 5.145204
52.48724 4.94931
52.301533 5.0489144
52.36053 4.867716
52.380917 4.638101
52.38436 4.900782
52.357224 4.913973
52.433987 4.6259446
52.358273 4.891675
52.37965 4.6363196
52.38436 4.900782
52.34944 4.924682
52.361084 4.907454
52.36363 4.882618
52.375565 4.8993692
52.391132 4.648826
52.363625 4.885032
52.390804 4.860577
52.34426 4.7911177
52.36276 4.86065
52.374817 4.899048
52.473324 4.817867
52.37922 4.636001
52.35539 4.7797947
52.364624 4.8812594
52.37561 4.8974442
52.36063 4.6483345
52.380615 4.637282
52.37561 4.8974442
52.37561 4.8974442
52.3628 4.910165
52.369194 4.8926816
52.372334 4.900005
52.368824 4.8904505
52.4308 4.6987014
52.37353 4.90464
52.409233 4.9424047
52.306892 5.045963
52.400455 4.6345224
52.367256 4.898837
52.370216 4.895168
52.30924 4.762187
52.36167 4.8870106
52.3396 4.8731318
52.338516 4.7778134
52.20424 4.872069
52.363216 4.6261787
52.3599 4.8981643
52.399467 4.876763
52.38439 4.858576
52.374207 4.9002194
52.334633 4.862051
52.30924 4.762187
52.358578 4.87898
52.37933 4.896001
52.380005 4.900125
52.373383 4.9384212
52.49284 4.95389
52.342445 4.8546267
52.367626 4.9049344
52.33324 4.8657694
52.30924 4.762187
52.390934 4.6675324
52.49352 4.9519157
52.35529 4.8902035
52.31324 5.0244637
52.37352 4.878344
52.340717 4.889751
52.30413 4.749243
52.38645 4.8429785
52.30924 4.762187
52.314434 4.9325395
52.36609 4.896469
52.40348 4.8890033
52.372627 4.8947525
52.384106 4.868551
52.340717 4.889751
52.374546 4.88968
52.358974 4.804608
52.35994 4.909446
52.382576 4.6375537
52.344685 4.853361
52.444458 4.8373346
52.29313 4.769072
52.374374 4.900836
52.297024 4.706107
52.301025 5.161686
52.388393 4.607358
52.21231 4.8626566
52.34468 4.8909307
52.356823 4.912531
52.353825 4.883099
52.29777 4.707974
52.302063 4.9498343
52.369648 4.8962092
52.335655 5.1587896
52.31534 4.927597
52.372837 4.863133
52.29777 4.707974
52.390408 4.83146
52.30924 4.762187
52.390045 4.887693
52.36871 4.877744
52.340717 4.889751
52.37239 4.876637
52.36338 4.978781
52.36059 4.859361
52.379948 4.853738
52.29182 4.6892605
52.46339 4.809834
52.378765 4.849833
52.378418 4.8470025
52.37867 4.848983
52.378685 4.848375
52.314434 4.9416947
52.358383 4.881052
52.34173 4.8899393
52.340717 4.889751
52.297157 5.161099
52.368378 4.928348
52.268696 4.748535
52.38019 4.884229
52.354702 4.8934746
52.371452 4.8392305
52.378204 4.8458447
52.497852 4.9512124
52.368435 4.9020753
52.292847 4.7042284
52.38442 4.868664
52.38118 4.6300077
52.361084 4.907454
52.36609 4.896469
52.360966 4.908451
52.30924 4.762187
52.309814 4.8513503
52.30849 4.8104024
52.374863 4.899439
52.36339 4.905237
52.366955 4.9136753
52.37816 4.882282
52.381596 4.63244
52.349552 4.825235
52.284584 5.149586
52.288105 4.8607826
52.30932 4.7694507
52.365997 4.897156
52.355717 4.664183
52.427757 4.8255544
52.378685 4.885027
52.392258 4.8366866
52.351425 5.171178
52.39044 4.836683
52.38796 4.925858
52.372665 4.891625
52.286507 4.96005
52.36363 4.882618
52.34648 4.921713
52.297157 5.161099
52.311092 4.946384
52.351 4.795233
52.37248 4.894113
52.401787 4.645449
52.487152 5.032531
52.378162 4.899444
52.386253 4.6473737
52.384945 4.6483235
52.37669 4.6416817
52.345905 4.625244
52.363487 5.188646
52.33902 4.786455
52.363174 4.879883
52.37302 4.892628
52.37345 4.8867393
52.37898 4.750288
52.332348 5.0145936
52.309685 4.761672
52.393944 4.850645
52.370384 4.894924
52.386215 4.8717403
52.303177 4.935874
52.290337 4.7873473
52.34426 4.7911177
52.373505 4.6372175
52.371746 4.636979
52.277008 4.752016
52.3694 4.8937
52.30314 4.751065
52.379868 4.751881
52.393997 4.6290746
52.29231 4.715088
52.35432 4.8061156
52.357574 4.855882
52.36063 4.6483345
52.351624 4.8719616
52.297073 4.637664
52.381767 4.9171486
52.372967 4.8803387
52.323532 4.936563
52.39044 4.836683
52.494846 4.7640452
52.36928 4.901489
52.275494 4.8201833
52.360847 4.9055457
52.372852 4.7526627
52.31286 4.8491335
52.364872 4.89337
52.21568 4.935007
52.321354 4.8758073
52.35442 4.924232
52.36003 4.9265695
52.34761 5.1854
52.32331 4.953038
52.359856 4.879259
52.34897 4.9170856
52.30924 4.762187
52.36003 4.9265695
52.351173 4.872093
52.353893 4.8574114
52.36912 4.6473403
52.288536 4.8530984
52.29595 4.9755588
52.38252 4.903539
52.34356 4.8866415
52.34118 4.7681966
52.31038 4.9388266
52.309376 4.947158
52.36457 4.913178
52.30924 4.762187
52.201878 4.88527
52.374413 4.886958
52.353832 4.8411098
52.372704 4.879024
52.373978 4.9363375
52.41364 4.657257
52.341515 4.964715
52.394516 4.8383074
52.381325 4.891156
52.3465 4.9181347
52.36961 4.838203
52.340687 4.88931
52.36902 4.8945165
52.383617 4.635807
52.361 4.9064846
52.35895 4.909213
52.373245 4.752271
52.379658 4.8991976
52.30924 4.762187
52.30924 4.762187
52.37581 4.9287844
52.336285 4.8865128
52.34232 5.1327505
52.366978 4.8932505
52.37339 4.8939695
52.358692 4.8860083
52.30924 4.762187
52.37033 4.885574
52.40459 4.9219213
52.27488 4.750986
52.37428 4.901244
52.54656 4.9573393
52.502544 4.9612594
52.357746 4.8915873
52.36585 4.892816
52.30924 4.762187
52.378006 4.899028
52.36585 4.892816
52.342052 5.1582527
52.36663 4.893752
52.366867 4.8941545
52.36663 4.893752
52.36687 4.8939586
52.366093 4.8932166
52.366276 4.897666
52.30924 4.762187
52.365982 4.8936796
52.367046 4.894032
52.372265 4.8888836
52.36422 4.882897
52.382042 4.9027777
52.36982 4.886647
52.502544 4.9612594
52.36369 4.8532104
52.375572 4.8670826
52.357635 4.844386
52.374413 4.886958
52.374542 4.889231
52.497852 4.9512124
52.348145 4.8772697
52.37891 4.851416
52.309814 4.8513503
52.363754 4.8840337
52.36379 4.882677
52.35746 4.906677
52.30924 4.762187
52.30924 4.762187
52.502544 4.9612594
52.37742 4.803035
52.32502 4.9266214
52.307617 4.806548
52.3377 4.91695
52.391052 4.6487007
52.478745 4.66446
52.37838 4.660828
52.323444 4.9527035
52.340717 4.889751
52.336937 4.8720503
52.314766 4.8525043
52.211655 4.882393
52.376686 4.9222183
52.45026 4.809531
52.439987 4.823678
52.30181 4.863829
52.285763 4.780353
52.303253 4.695392
52.391285 4.6488905
52.277008 4.752016
52.303833 4.951186
52.283688 4.8314633
52.278603 4.832648
52.37047 5.181581
52.376686 4.9222183
52.37302 4.892628
52.36363 4.882618
52.33393 4.86465
52.323532 4.936563
52.46013 4.651151
52.303967 5.0692463
52.449184 4.8359475
52.35355 4.83317
52.31324 5.0244637
52.384003 4.769908
52.21568 4.935007
52.365425 4.9110885
52.325516 4.938517
52.35109 4.8738866
52.376686 4.9222183
52.484127 4.6675305
52.30924 4.762187
52.302063 4.9498343
52.344135 4.9173446
52.360023 4.891176
52.494846 4.7640452
52.472015 4.8000135
52.30849 4.8104024
52.500095 4.9729815
52.3625 4.9105453
52.386913 4.6382475
52.3015 4.75066
52.50735 4.979642
52.301605 4.7507763
52.33243 4.965181
52.37069 4.8981404
52.340717 4.889751
52.337376 4.8738036
52.37082 4.898046
52.36991 4.9539037
52.362904 4.885136
52.35909 4.80491
52.30924 4.762187
52.379726 4.9002028
52.368843 4.888619
52.353752 4.892822
52.37332 4.906606
52.292847 4.7042284
52.358597 4.878925
52.35202 5.001601
52.357258 4.891235
52.36776 4.8897047
52.292847 4.7042284
52.291256 4.984145
52.302097 5.0357265
52.500607 4.9933276
52.35744 4.930185
52.369465 4.901366
52.371864 4.961772
52.30913 4.9461775
52.362244 4.880557
52.390934 4.6675324
52.35736 4.930544
52.343407 4.8465586
52.39661 4.642756
52.366768 4.893239
52.369465 4.901366
52.30924 4.762187
52.292847 4.7042284
52.36872 4.889201
52.49061 5.065362
52.381596 4.63244
52.340885 4.829961
52.380962 4.888833
52.31184 4.756839
52.49061 5.065362
52.30924 4.762187
52.371307 4.881084
52.361927 4.8828287
52.37302 4.892628
52.35952 4.80553
52.359062 4.860101
52.335117 4.9191923
52.358963 4.891738
52.35736 4.930544
52.35744 4.930185
52.30924 4.762187
52.35736 4.930544
52.35744 4.930185
52.35744 4.930185
52.35744 4.930185
52.30408 4.7501254
52.37421 4.935007
52.35736 4.930544
52.35736 4.930544
52.354595 4.8888516
52.292847 4.7042284
52.340252 4.8747077
52.35736 4.930544
52.40459 4.9219213
52.307594 4.757449
52.297024 4.706107
52.35746 4.906677
52.326653 4.874916
52.380947 4.6389923
52.309074 4.7618265
52.337566 4.8744535
52.341755 4.876107
52.305225 4.7673564
52.29313 4.769072
52.373234 4.879047
52.381443 4.6715007
52.308792 4.7623587
52.4187 4.8268294
52.30924 4.762187
52.37366 4.897864
52.378593 4.8458695
52.30924 4.762187
52.309166 4.761908
52.392254 4.6260166
52.334442 4.9170423
52.37797 4.9153414
52.393204 4.849225
52.329853 5.0701222
52.30729 4.947624
52.37529 4.907347
52.390045 4.887693
52.495377 4.7508307
52.308926 4.7652984
52.30712 4.94784
52.364098 4.8814487
52.37772 4.6080675
52.368023 4.895831
52.36363 4.882618
52.388065 4.8387227
52.30408 4.7501254
52.358227 4.915631
52.29918 4.8994055
52.50975 4.948308
52.30924 4.762187
52.268696 4.748535
52.293697 4.8736215
52.30924 4.762187
52.362904 4.885136
52.365433 4.902818
52.311363 4.9871492
52.34897 4.9170856
52.36465 4.8623834
52.277893 4.785444
52.308693 4.7637005
52.376686 4.9222183
52.36778 4.8865356
52.37031 4.8865557
52.382996 4.801772
52.332043 4.8914747
52.276962 4.7470593
52.383476 4.734807
52.30907 4.761908
52.348553 4.892907
52.339462 4.8933716
52.3366 4.873519
52.367615 4.854269
52.365093 4.8594546
52.368633 4.9513707
52.3625 4.9105453
52.41842 4.888055
52.30924 4.762187
52.341515 4.964715
52.324364 4.874185
52.312645 4.9440446
52.349197 4.8773932
52.359245 4.925545
52.375782 4.907799
52.38436 4.900782
52.373287 4.8886395
52.308323 4.765234
52.310513 4.7554336
52.392708 4.833108
52.33176 4.9179726
52.33407 5.021889
52.357746 4.8915873
52.296776 4.871192
52.284584 5.149586
52.329105 4.956397
52.35812 4.647907
52.376686 4.9222183
52.242874 4.821131
52.242653 4.8212886
52.243027 4.821206
52.257477 4.795058
52.367138 4.8894267
52.309814 4.8513503
52.37067 4.891573
52.361187 4.915082
52.386665 4.643596
52.302063 4.9498343
52.386665 4.643596
52.36363 4.882618
52.369614 4.8911743
52.547626 4.911406
52.38666 4.6436048
52.30924 4.762187
52.36363 4.882618
52.344406 4.8365707
52.35698 4.8915663
52.30924 4.762187
52.34588 4.916296
52.37172 4.902073
52.30924 4.762187
52.37675 4.9052596
52.514133 4.972149
52.369007 4.892205
52.38085 4.820981
52.35471 4.855333
52.365997 4.897156
52.392784 4.8415375
52.314766 4.8525043
52.2923 4.85477
52.356697 4.93195
52.449184 4.8359475
52.34588 4.916296
52.3609 4.874668
52.37302 4.892628
52.312115 5.050847
52.404507 4.85072
52.364872 4.89337
52.337765 4.872883
52.3504 4.786471
52.30924 4.762187
52.376205 4.894999
52.309715 4.762042
52.369305 4.8791223
52.277008 4.752016
52.343246 4.8530602
52.366776 4.8913407
52.26963 4.753081
52.27306 4.973089
52.292847 4.7042284
52.372192 4.887555
52.296734 4.709755
52.29231 4.715088
52.286182 4.726181
52.382908 4.629
52.37281 4.875697
52.421223 4.949314
52.34583 4.855129
52.36652 4.9042544
52.414154 4.6440997
52.340717 4.889751
52.357746 4.8915873
52.51501 4.7941685
52.36663 4.893752
52.380287 4.633281
52.359318 4.8825765
52.358337 4.89911
52.391212 4.8564506
52.368256 4.6280313
52.36217 4.8539066
52.354504 4.871953
52.30924 4.762187
52.45267 4.6523314
52.318253 4.6412163
52.350388 4.8325253
52.36583 4.897252
52.336052 4.9305344
52.312374 4.94756
52.382042 4.9027777
52.38109 4.8997965
52.38436 4.900782
52.337566 4.8744535
52.37698 4.894722
52.309685 4.761672
52.435368 4.8163376
52.342564 4.7843957
52.30408 4.7501254
52.358044 4.86763
52.365 4.884096
52.3909 4.9045343
52.37302 4.892628
52.370373 4.8846507
52.36422 4.882897
52.36609 4.896469
52.384777 4.859038
52.302116 4.870306
52.461666 4.642743
52.461666 4.642743
52.30924 4.762187
52.357746 4.8915873
52.451534 5.034609
52.308784 4.951914
52.371006 4.898651
52.366276 4.88617
52.30924 4.762187
52.380005 4.900125
52.30924 4.762187
52.30924 4.762187
52.357746 4.8915873
52.357746 4.8915873
52.388172 4.638419
52.30408 4.7501254
52.375107 4.8839273
52.334213 4.866686
52.307587 4.7652984
52.357746 4.8915873
52.336937 4.8720503
52.366776 4.8913407
52.30164 4.6643386
52.301567 4.6643577
52.3625 4.9105453
52.357746 4.8915873
52.50053 4.962883
52.358692 4.8860083
52.294613 4.9573903
52.400967 4.8917055
52.303833 4.951186
52.339993 4.8887014
52.373764 4.912273
52.26963 4.753081
52.36466 4.8588753
52.376266 4.940645
52.444458 4.8373346
52.360035 4.8797708
52.383476 4.734807
52.358383 4.881052
52.45662 5.0321274
52.357746 4.8915873
52.44403 4.6321106
52.39044 4.836683
52.43658 4.671954
52.358425 4.867935
52.305634 4.9509616
52.30924 4.762187
52.370167 4.896691
52.38351 4.886238
52.30924 4.762187
52.362495 4.883746
52.376312 4.9059
52.287888 4.7552123
52.386253 4.6473737
52.384945 4.6483235
52.368866 4.8852253
52.30408 4.7501254
52.376816 4.639996
52.30924 4.762187
52.381767 4.9171486
52.366455 4.886298
52.373505 4.6372175
52.45847 4.670863
52.50493 4.7791
52.298412 5.027377
52.314434 4.9416947
52.35829 4.8930297
52.371986 4.891129
52.362396 4.9256897
52.383354 4.885954
52.453514 4.643433
52.30924 4.762187
52.3625 4.9105453
52.380936 4.8541145
52.380913 4.854361
52.43866 4.8174434
52.382145 4.85562
52.296043 4.6638765
52.50866 4.9562426
52.304146 4.8841643
52.36363 4.882618
52.30924 4.762187
52.51519 5.0005817
52.337936 4.8729944
52.30907 4.761908
52.36609 4.896469
52.373764 4.912273
52.321953 4.942964
52.388756 4.838027
52.373764 4.912273
52.36363 4.882618
52.390083 4.8404217
52.384556 4.8474383
52.38683 4.639633
52.375107 4.8839273
52.30924 4.762187
52.30745 5.142454
52.35432 4.8662567
52.37079 4.8981004
52.46698 4.825696
52.340405 4.868171
52.38069 4.821195
52.369667 4.8962064
52.330975 4.852314
52.375107 4.8839273
52.383774 4.885483
52.491184 4.6965375
52.207237 4.866838
52.341793 4.889366
52.38435 4.884002
52.308315 5.125229
52.36157 4.888153
52.37339 4.8939695
52.37569 4.888104
52.353825 4.883099
52.33181 4.97909
52.438076 4.808692
52.38731 4.6680307
52.37366 4.897864
52.32502 4.9266214
52.37854 4.8997107
52.35736 4.930544
52.362675 4.893501
52.36724 4.8912764
52.36363 4.882618
52.33113 4.8769073
52.36002 4.9052453
52.36562 4.895848
52.278603 4.832648
52.302994 4.8594913
52.373764 4.912273
52.457024 4.815819
52.376312 4.9059
52.312317 4.943976
52.36363 4.882618
52.355995 4.870701
52.37339 4.8939695
52.2985 4.898545
52.397217 4.94013
52.30924 4.762187
52.49701 4.938805
52.37255 4.893922
52.373787 4.93501
52.286507 4.96005
52.375782 4.907799
52.3625 4.9105453
52.30924 4.762187
52.342552 4.8120584
52.373764 4.912273
52.30924 4.762187
52.30924 4.762187
52.312374 4.94756
52.30924 4.762187
52.37366 4.897864
52.30924 4.762187
52.373245 4.752271
52.357574 4.855882
52.30924 4.762187
52.36363 4.882618
52.42435 4.6728544
52.49455 5.072384
52.3366 4.873519
52.373383 4.876471
52.4187 4.8268294
52.38118 4.6300077
52.35702 4.789951
52.38118 4.6300077
52.36422 4.882897
52.354164 4.8689876
52.370003 4.877819
52.400967 4.8917055
52.30924 4.762187
52.374863 4.899439
52.382 4.7840695
52.351147 4.835895
52.363842 4.834299
52.312317 4.943976
52.30907 4.761908
52.440853 4.8250794
52.37363 4.903291
52.306114 4.678777
52.30924 4.762187
52.293198 4.9942665
52.2963 4.989056
52.358597 4.878925
52.38105 4.7923565
52.45026 4.809531
52.366425 4.895435
52.36947 4.8803687
52.37191 4.92639
52.32848 4.910323
52.37429 4.9367666
52.374344 4.905044
52.366444 4.897749
52.358383 4.881052
52.301975 4.69246
52.36654 4.8978467
52.364044 4.8829722
52.365997 4.897156
52.312317 4.943976
52.382347 4.6387577
52.3625 4.9105453
52.37302 4.892628
52.36986 4.8812985
52.361126 4.900194
52.362186 4.882934
52.35143 4.935923
52.361294 4.6527615
52.35489 4.8898964
52.378624 4.8408256
52.372673 4.938665
52.40047 4.6273546
52.366886 4.894039
52.300827 4.664846
52.30164 4.6643386
52.383476 4.734807
52.289825 4.8405194
52.358383 4.881052
52.312668 4.8242545
52.38479 4.6705465
52.358597 4.878925
52.504456 4.78252
52.373734 4.8903217
52.30907 4.761908
52.37335 4.890859
52.384693 4.6699305
52.509567 4.9493318
52.390495 4.648775
52.374596 4.88396
52.356365 4.879314
52.371304 4.8937054
52.30924 4.762187
52.291157 4.7340775
52.215942 4.874711
52.21353 4.860905
52.473343 4.821698
52.375484 4.901126
52.38109 4.912734
52.311153 4.7613072
52.336937 4.8720503
52.30164 4.6643386
52.301647 4.664114
52.3526 4.8890977
52.313457 4.768839
52.33673 4.870767
52.383038 4.876958
52.293827 4.8746862
52.365997 4.897156
52.254185 4.8072815
52.335976 4.8642254
52.363117 4.88309
52.354618 4.900969
52.379436 4.633098
52.372265 4.8898497
52.338776 4.6269283
52.30924 4.762187
52.498085 5.052418
52.380005 4.900125
52.366955 4.9136753
52.414154 4.6440997
52.36378 4.622927
52.356365 4.879314
52.31474 4.6963477
52.31471 4.6999683
52.311356 4.699223
52.30924 4.762187
52.3783 4.8993874
52.410442 4.6343675
52.30924 4.762187
52.509243 4.94786
52.30765 4.763693
52.37453 4.8728304
52.40029 4.925966
52.304573 4.762148
52.357994 4.8908043
52.32236 4.8572984
52.336937 4.8720503
52.301785 4.6957283
52.303608 4.694012
52.328804 4.8519244
52.321613 5.08354
52.38479 4.6705465
52.36992 4.9008894
52.367905 4.8956
52.37339 4.8939695
52.306614 4.81831
52.439255 4.8210244
52.362484 4.8987007
52.313385 4.941337
52.363323 4.898443
52.401497 4.891021
52.37538 4.901105
52.401497 4.891021
52.44718 4.881457
52.29734 4.9472694
52.370567 4.900474
52.297024 4.706107
52.37158 4.896759
52.52819 4.9525695
52.40007 4.841618
52.369087 4.902647
52.374104 4.630689
52.35493 4.9327
52.359325 4.6543293
52.30907 4.761908
52.4855 4.8075533
52.384384 4.875226
52.358273 4.891675
52.50886 4.948636
52.303467 4.8588324
52.36236 4.898847
52.358334 4.654194
52.201878 4.88527
52.407867 4.6305094
52.35873 4.6539793
52.3763 4.889391
52.414154 4.6440997
52.3625 4.9105453
52.366962 4.852679
52.414154 4.6440997
52.434853 4.6608343
52.320553 4.884839
52.30924 4.762187
52.373505 4.6372175
52.414154 4.6440997
52.359325 4.6543293
52.391132 4.648826
52.30924 4.762187
52.38251 4.887788
52.376816 4.639996
52.381702 4.8913794
52.314075 4.9328213
52.49599 4.7771516
52.38069 4.646744
52.358383 4.881052
52.367924 4.905552
52.439064 4.824155
52.384945 4.6483235
52.54802 4.912512
52.386253 4.6473737
52.359303 4.6540985
52.358383 4.881052
52.35318 4.8941293
52.34064 4.623592
52.4101 4.749387
52.348957 5.174478
52.301006 4.739991
52.500607 4.964427
52.278603 4.832648
52.37041 4.870366
52.361897 4.89913
52.364017 4.8931494
52.30924 4.762187
52.37033 4.885574
52.36721 4.893095
52.356987 4.891047
52.371986 4.891129
52.30239 4.692192
52.408733 4.6438
52.35486 5.1883364
52.379017 4.6330857
52.316307 4.956573
52.3145 4.933018
52.373905 4.841148
52.47722 4.6722364
52.3585 4.6548343
52.373245 4.752271
52.369087 4.902647
52.3691 4.87898
52.486687 4.962561
52.303066 4.8580894
52.357746 4.8915873
52.36363 4.882618
52.36022 4.880579
52.380047 4.634635
52.37339 4.8939695
52.309685 4.761672
52.36373 4.881715
52.36893 4.870592
52.372063 4.8895597
52.36292 4.927329
52.36654 4.894648
52.314075 4.9328213
52.368073 4.88259
52.361267 4.899203
52.356 4.895718
52.36228 4.91253
52.30861 4.761968
52.38019 4.884229
52.308434 4.7618866
52.45866 5.030794
52.366867 4.8889484
52.372627 4.8947525
52.3625 4.9105453
52.21531 4.926049
52.378094 4.883177
52.304413 4.75384
52.356 4.895718
52.386288 4.8735056
52.30924 4.762187
52.311153 4.7613072
52.372265 4.8898497
52.38069 4.821195
52.370686 4.900168
52.43851 4.825368
52.302795 4.997099
52.372425 4.897815
52.343494 4.833432
52.27719 5.143623
52.38105 4.7923565
52.360897 4.906707
52.302063 4.9498343
52.35642 4.8273754
52.397823 4.937422
52.3625 4.9105453
52.363323 4.898443
52.30903 4.7620583
52.380962 4.888833
52.301094 4.6966996
52.37529 4.630534
52.380104 4.821453
52.35988 4.885161
52.309166 4.761908
52.512875 4.9988747
52.309055 4.7619042
52.30924 4.762187
52.381252 4.822401
52.366055 4.8932214
52.30868 4.761727
52.35829 4.8930297
52.368973 4.9023914
52.368435 4.9020753
52.373787 4.882223
52.30924 4.762187
52.271385 4.9744873
52.372356 4.888612
52.308926 4.761879
52.44718 4.881457
52.260963 4.7257433
52.370506 4.853722
52.51525 4.975806
52.381256 4.8213243
52.421425 4.656701
52.373314 4.887957
52.490692 5.064483
52.37925 4.636869
52.35622 4.896187
52.381454 4.6366835
52.515755 4.960595
52.373245 4.752271
52.30924 4.762187
52.379475 4.8867702
52.369 4.889
52.37529 4.907347
52.361626 4.887225
52.4634 4.950415
52.325905 4.868632
52.361927 4.8828287
52.38086 4.968382
52.362247 4.883912
52.37339 4.8939695
52.37339 4.8939695
52.44136 4.875655
52.37302 4.892628
52.30924 4.762187
52.36609 4.896469
52.36002 4.9052453
52.36722 4.903761
52.35987 4.925549
52.29483 4.9435945
52.365997 4.897156
52.333874 4.631783
52.36663 4.9263177
52.378147 4.8969283
52.30179 4.8636
52.497852 4.9512124
52.38398 4.8846416
52.303062 4.8616214
52.37491 4.900132
52.37854 4.8997107
52.49674 4.977728
52.383373 4.6124797
52.367462 4.8944407
52.32236 4.8572984
52.45626 5.035857
52.314075 4.9328213
52.37082 4.9105883
52.38916 4.611093
52.367424 4.8718424
52.372356 4.888612
52.225727 5.0067058
52.357746 4.8915873
52.375782 4.907799
52.372677 4.8928
52.367504 4.892907
52.357574 4.855882
52.37281 4.875697
52.35516 4.870851
52.358974 4.804608
52.21568 4.935007
52.34588 4.916296
52.35325 4.832447
52.36363 4.882618
52.292862 4.947195
52.297188 4.987797
52.343193 4.817434
52.366776 4.8913407
52.342052 5.1582527
52.36422 4.882897
52.31858 4.9414015
52.364117 4.883276
52.22338 4.9855933
52.367775 4.892553
52.379383 4.894141
52.349197 4.8773932
52.357067 4.891007
52.357746 4.8915873
52.347965 4.939433
52.495186 4.9536004
52.312256 4.945607
52.304146 4.8841643
52.36363 4.882618
52.36861 4.9345913
52.415558 4.9115515
52.30924 4.762187
52.439274 4.8241043
52.30924 4.762187
52.41858 4.651562
52.382862 4.8907585
52.314075 4.9328213
52.36609 4.896469
52.356613 4.928698
52.310707 4.9665713
52.50493 4.7791
