52.358383 4.881052
52.39478 4.8381543
52.390934 4.6675324
52.30126 4.8672223
52.340717 4.889751
52.371456 4.7463684
52.382942 4.889517
52.30924 4.762187
52.34584 4.884378
52.340717 4.889751
52.381165 4.8836045
52.25465 4.7790246
52.30975 4.770695
52.30924 4.762187
52.377903 4.898421
52.31365 4.947671
52.365437 4.885462
52.376686 4.9222183
52.351147 4.835895
52.30496 4.9481874
52.342564 4.7843957
52.325092 4.918919
52.372356 4.888612
52.33644 4.885414
52.2923 4.85477
52.387802 4.6332307
52.307644 4.7704234
52.307484 4.770568
52.362415 4.825982
52.340748 4.958558
52.360756 4.904816
52.412457 4.75375
52.369926 4.891283
52.307484 4.770565
52.34135 4.869908
52.30924 4.762187
52.336468 4.8853755
52.27944 4.757413
52.362904 4.885136
52.448956 4.8133354
52.348366 4.917521
52.351673 4.857247
52.35389 4.8606
52.380524 4.8993874
52.365093 4.8594546
52.385315 4.851746
52.357746 4.8915873
52.36511 4.935754
52.291256 4.984145
52.357746 4.8915873
52.343445 4.843575
52.387543 4.886384
52.359013 4.8813324
52.359753 4.883852
52.30924 4.762187
52.30356 4.762368
52.382942 4.889517
52.375366 4.892231
52.388016 4.8426533
52.306046 4.8364897
52.351215 4.843605
52.375996 4.886107
52.51395 5.040016
52.30924 4.762187
52.301567 4.750692
52.344685 4.853361
52.303337 4.763603
52.4187 4.8268294
52.363483 4.882385
52.366608 4.897601
52.42959 4.6850038
52.354427 4.882482
52.341084 4.962748
52.365326 4.935935
52.35417 4.8416033
52.34876 4.89966
52.385315 4.851746
52.300545 4.845924
52.382347 4.6387577
52.324272 4.653702
52.313843 5.042865
52.355305 4.8397083
52.37065 4.900325
52.30924 4.762187
52.357742 4.914912
52.358383 4.881052
52.309105 4.9304876
52.313587 4.9491587
52.358147 4.9151635
52.336117 4.8894653
52.329254 4.785297
52.376686 4.9222183
52.309105 4.943825
52.375675 4.887795
52.30013 4.8687606
52.35967 4.877556
52.405712 4.809237
52.379612 4.871863
52.42959 4.6850038
52.337566 4.8744535
52.365063 4.935739
52.368015 4.9161243
52.314304 4.863124
52.358044 4.86763
52.36455 4.87115
52.288937 4.8396277
52.390156 4.8917313
52.303978 4.7535825
52.358383 4.881052
52.302628 4.756985
52.304604 4.754175
52.511402 4.956572
52.382927 4.630545
52.382698 4.637961
52.303993 4.761837
52.331974 4.887099
52.45847 4.670863
52.511723 4.9586196
52.376263 4.891453
52.34135 4.869908
52.51356 4.992981
52.51644 4.9937434
52.371944 4.638808
52.371334 4.6402135
52.37274 4.883575
52.34022 4.873933
52.370163 4.6537657
52.34832 4.917345
52.347736 4.9194913
52.376686 4.9222183
52.373573 4.8930063
52.373573 4.893787
52.310028 4.947011
52.301975 4.692437
52.392517 4.8481216
52.363644 4.939691
52.301853 4.6933575
52.31695 5.0206738
52.367985 4.805691
52.294445 4.958254
52.28593 4.913383
52.36167 4.8870106
52.303066 4.762838
52.312813 4.950757
52.369164 4.6138816
52.310028 4.9504566
52.302708 4.9387827
52.36302 4.891963
52.364098 4.8814487
52.38078 4.628341
52.34959 4.874019
52.349987 4.911498
52.306805 4.638623
52.363316 4.8835683
52.277218 4.7526383
52.416145 4.826007
52.385315 4.851746
52.342026 4.9646525
52.302097 5.0357265
52.301323 4.6648655
52.3377 4.91695
52.368042 4.9163656
52.37172 4.902073
52.301975 4.69246
52.361042 4.872321
52.364853 4.8626256
52.36967 4.929741
52.357803 4.656363
52.347736 4.9194913
52.337135 4.873059
52.309673 4.771521
52.356 4.895718
52.27887 4.750246
52.3793 4.637722
52.38584 4.848029
52.314026 4.6948
52.373333 4.8879004
52.37487 4.895569
52.334213 4.866686
52.334213 4.866686
52.4187 4.8268294
52.30924 4.762187
52.307384 4.9472294
52.344902 4.917378
52.36517 4.864078
52.380043 4.891987
52.35293 4.882982
52.41771 4.826691
52.301067 4.844468
52.40137 4.891188
52.29928 5.039308
52.336468 4.8853755
52.342564 4.7843957
52.36363 4.882618
52.301987 4.692631
52.34725 4.8560805
52.337116 4.890565
52.353645 4.8417945
52.52748 4.92831
52.31231 5.0250435
52.30155 4.750715
52.33364 4.866248
52.377445 4.9074984
52.393204 4.849225
52.3015 4.75066
52.33644 4.885414
52.30924 4.762187
52.358044 4.86763
52.341755 4.876107
52.38655 4.891423
52.37302 4.892628
52.319183 4.871192
52.30942 4.7636566
52.338707 4.777941
52.33983 4.8743224
52.32544 4.950864
52.347466 4.914165
52.325092 4.918919
52.50975 4.948308
52.370285 4.8849354
52.27944 4.757413
52.36422 4.882897
52.36609 4.896469
52.4308 4.6987014
52.36422 4.882897
52.314434 4.9416947
52.406643 4.632223
52.342052 5.1582527
52.383247 4.64947
52.35951 4.83575
52.366608 4.897601
52.34584 4.884378
52.307384 4.9472294
52.392612 4.820536
52.3377 4.91695
52.292847 4.7042284
52.373962 4.9168744
52.30924 4.762187
52.389347 4.904224
52.39291 4.9058332
52.334057 4.921894
52.350887 4.8232126
52.279057 4.7451496
52.354786 4.8407364
52.352867 4.893463
52.50903 4.945856
52.40348 4.8890033
52.376656 4.89462
52.375675 4.887795
52.365093 4.8594546
52.30924 4.762187
52.363358 4.610006
52.30924 4.762187
52.33706 4.9287434
52.373383 4.9384212
52.308937 4.7601485
52.35622 4.890519
52.348366 4.917521
52.280518 4.9650407
52.37943 4.6334615
52.439915 4.81673
52.347794 4.6276665
52.503975 5.0592766
52.356495 5.184295
52.384735 4.638047
52.385616 4.835697
52.373486 4.8182783
52.30924 4.762187
52.309376 4.947158
52.371407 4.89427
52.376003 4.890869
52.372307 4.651104
52.294964 4.683051
52.30836 4.7652435
52.33641 4.7719846
52.371334 4.6402135
52.37032 4.659221
52.308464 4.76635
52.34588 4.916296
52.347 4.7512026
52.337566 4.8744535
52.51974 4.9900784
52.51974 4.9900784
52.368286 4.9342694
52.35441 4.929313
52.35476 4.889155
52.37302 4.892628
52.314434 4.9416947
52.391212 4.8564506
52.34022 4.873933
52.327164 4.962555
52.341755 4.876107
52.342564 4.7843957
52.513634 5.0439897
52.366566 4.8823433
52.379627 4.897564
52.35752 4.99122
52.299114 4.952696
52.295467 4.6996527
52.511402 4.956572
52.357067 4.839987
52.491776 4.7984934
52.340885 4.829961
52.451412 4.819558
52.379097 4.6330576
52.310028 4.9504566
52.36464 4.859394
52.473274 4.8197875
52.30924 4.762187
52.314434 4.9416947
52.337025 4.8729477
52.364017 4.8931494
52.40526 4.888296
52.368042 4.9163656
52.40459 4.9219213
52.307327 4.9479265
52.387802 4.6332307
52.370285 4.8849354
52.4187 4.8268294
52.375927 4.896829
52.201878 4.88527
52.317944 4.8822503
52.357746 4.8915873
52.36899 4.9338675
52.308952 4.7612896
52.36058 4.9133806
52.36902 4.8945165
52.304413 4.75384
52.37762 4.8954716
52.35988 4.885161
52.338223 4.857384
52.34588 4.916296
52.30924 4.762187
52.358383 4.881052
52.31252 4.944277
52.414658 4.8963895
52.34832 4.917345
52.357567 4.876509
52.314796 4.935181
52.309685 4.761672
52.354786 4.8407364
52.358383 4.881052
52.30806 4.940967
52.34832 4.917345
52.379868 4.751881
52.36259 4.921457
52.337498 4.85651
52.30849 4.8104024
52.361195 4.8994327
52.311153 4.7613072
52.292103 4.720516
52.375034 4.8838243
52.373962 4.9168744
52.388016 4.8426533
52.337498 4.85651
52.299114 4.952696
52.30924 4.762187
52.33706 4.9287434
52.353752 4.892822
52.285305 4.8407855
52.33644 4.885414
52.393585 4.663681
52.294964 4.683051
52.337498 4.85651
52.384735 4.638047
52.319183 4.871192
52.307747 4.942641
52.387894 4.840599
52.396973 4.838921
52.38428 4.640907
52.326817 4.9504566
52.394722 4.837847
52.387466 4.832465
52.339428 4.8438196
52.30924 4.762187
52.368015 4.9161243
52.376556 4.905753
52.361347 4.86767
52.312374 4.94756
52.337566 4.8744535
52.387543 4.886384
52.34867 4.945971
52.292847 4.7042284
52.314796 4.935181
52.312374 4.94756
52.448956 4.8133354
52.39897 4.656649
52.429653 4.856476
52.35234 4.9370084
52.38534 4.706366
52.44044 4.81978
52.312374 4.94756
52.314198 4.768839
52.35663 4.89074
52.377747 4.9161243
52.34832 4.917345
52.334213 4.866686
52.30924 4.762187
52.501457 4.964164
52.46505 4.8111167
52.387806 4.838472
52.368378 4.954285
52.357746 4.8915873
52.344902 4.917378
52.294556 4.768647
52.362354 4.9083624
52.337498 4.85651
52.29417 4.7201247
52.508495 4.949639
52.249718 4.9929857
52.294613 4.9573903
52.342564 4.7843957
52.392532 4.8294353
52.49286 5.074369
52.382545 4.92201
52.36568 4.890976
52.391212 4.8564506
52.246918 4.83578
52.35994 4.909446
52.259777 4.787507
52.408344 4.829356
52.363316 4.9300556
52.386288 4.8735056
52.340435 4.8428645
52.382942 4.889517
52.312813 4.950757
52.30924 4.762187
52.351093 4.87905
52.30924 4.762187
52.384235 4.9295287
52.368546 4.874503
52.35967 4.877556
52.363316 4.9300556
52.43177 4.8696084
52.344685 4.853361
52.508904 4.9460387
52.406788 4.801755
52.390156 4.8917313
52.3524 4.8694286
52.35726 4.992549
52.29767 4.911097
52.26062 4.787442
52.312714 4.9447947
52.294613 4.9573903
52.37797 4.9153414
52.34054 4.6159544
52.333225 4.8661404
52.33083 4.8524594
52.319263 4.866989
52.305634 4.9509616
52.309685 4.761672
52.358044 4.86763
52.30408 4.7501254
52.391655 4.6651483
52.336582 4.885463
52.344135 4.9173446
52.30242 4.8615904
52.377445 4.9074984
52.34959 4.874019
52.348362 4.9156876
52.373993 4.89421
52.35343 4.895101
52.360947 4.8935623
52.368042 4.9163656
52.344357 4.893079
52.378513 4.899672
52.30924 4.762187
52.301067 4.844468
52.511402 4.956572
52.511402 4.956572
52.42939 4.638158
52.20662 4.871986
52.454403 4.831825
52.36793 4.834079
52.373486 4.8182783
52.306805 4.638623
52.36722 4.903761
52.345776 4.884753
52.345776 4.884753
52.366962 4.852679
52.370167 4.896691
52.38766 4.659864
52.370834 4.9006414
52.35895 4.909213
52.376686 4.9222183
52.360867 4.9065433
52.351803 4.7908807
52.30924 4.762187
52.51395 5.040016
52.362103 4.8824844
52.30924 4.762187
52.36742 4.8943896
52.284584 5.149586
52.373306 4.900299
52.30924 4.762187
52.392254 4.6260166
52.34832 4.917345
52.37381 4.9384584
52.308113 4.944577
52.34588 4.916296
52.43155 4.8715463
52.34588 4.916296
52.257343 4.7919464
52.30408 4.7501254
52.378513 4.899672
52.36208 4.887929
52.35209 4.865195
52.35951 4.83575
52.337498 4.85651
52.370804 4.89809
52.307617 4.806548
52.3126 4.9488664
52.337498 4.85651
52.452576 4.809179
52.373962 4.9168744
52.370285 4.8849354
52.337025 4.8729477
52.390156 4.8917313
52.364998 4.895152
52.337498 4.85651
52.342564 4.7843957
52.41628 4.824661
52.307415 4.769944
52.375034 4.8838243
52.360306 4.890408
52.35829 4.8930297
52.385616 4.835697
52.30924 4.762187
52.30992 4.754414
52.368015 4.9161243
52.38152 4.8959875
52.36464 4.859394
52.308937 4.7601485
52.346603 4.8283377
52.310616 4.69828
52.38812 4.8419237
52.376686 4.9222183
52.391212 4.8564506
52.350887 4.8232126
52.350887 4.8232126
52.432297 4.8757625
52.363483 4.882385
52.30408 4.7501254
52.299114 4.952696
52.295467 4.6996527
52.291737 4.7061825
52.517796 4.971444
52.292103 4.720516
52.214645 4.8614826
52.295593 4.974103
52.374874 4.8843246
52.30408 4.7501254
52.375034 4.8838243
52.30924 4.762187
52.347736 4.9194913
52.375782 4.907799
52.375034 4.8838243
52.37569 4.907863
52.35888 4.807346
52.35888 4.807346
52.31389 5.0269313
52.36391 4.908059
52.30924 4.762187
52.27944 4.757413
52.376686 4.9222183
52.428375 4.825808
52.375607 4.896791
52.392136 4.911219
52.375782 4.907799
52.309376 4.947158
52.30924 4.762187
52.376686 4.9222183
52.31695 5.0206738
52.442158 4.875614
52.277218 4.7526383
52.308434 4.7618866
52.307053 4.769201
52.376686 4.9222183
52.308952 4.7612896
52.306824 4.9835014
52.339767 4.8729525
52.40648 4.6409726
52.390053 4.905224
52.414776 4.8642826
52.49581 4.938322
52.30924 4.762187
52.36722 4.903761
52.3089 4.7614574
52.38584 4.848029
52.371944 4.638808
52.371334 4.6402135
52.276962 4.7470593
52.372562 4.629772
52.363483 4.882385
52.258575 4.685433
52.370163 4.6537657
52.43219 4.8144445
52.34825 4.82471
52.290516 4.7212
52.392612 4.820536
52.328266 4.7330456
52.35888 4.807346
52.312813 4.950757
52.2923 4.85477
52.37667 4.922225
52.30924 4.762187
52.32544 4.950864
52.376312 4.9059
52.30924 4.762187
52.51299 4.960085
52.336468 4.8853755
52.348347 4.857616
52.33372 4.8886333
52.378048 4.8820863
52.388096 4.821274
52.436348 4.915201
52.30785 5.142803
52.303825 4.69344
52.486687 4.962561
52.336468 4.8853755
52.380524 4.8993874
52.334213 4.866686
52.36363 4.882618
52.437027 4.8077703
52.349987 4.911498
52.30408 4.7501254
52.28055 4.838935
52.357456 4.930698
52.36265 4.88567
52.382957 4.671632
52.375675 4.887795
52.359394 4.878161
52.36422 4.882897
52.339195 4.8514295
52.364536 4.8924947
52.374454 4.9039364
52.30751 4.759012
52.38445 4.86596
52.387806 4.838472
52.36276 4.86065
52.343384 4.8465533
52.35698 4.8915663
52.36002 4.9052453
52.410313 4.847445
52.30924 4.762187
52.337498 4.85651
52.289066 4.840178
52.33706 4.9287434
52.38268 4.9206877
52.307316 4.757153
52.30924 4.762187
52.29166 4.7013216
52.357132 4.874527
52.334213 4.866686
52.372627 4.8947525
52.34588 4.916296
52.37125 4.927411
52.31534 4.927597
52.351135 4.8707013
52.37125 4.927411
52.308483 4.9425097
52.374165 4.644484
52.308945 4.9469256
52.378513 4.899672
52.31397 4.7692466
52.308483 4.9425097
52.375706 4.908226
52.303066 4.762838
52.341755 4.876107
52.284584 5.149586
52.347736 4.9194913
52.337067 4.93576
52.363483 4.882385
52.381165 4.8836045
52.38584 4.848029
52.382862 4.8907585
52.40526 4.888296
52.290447 5.154004
52.339195 4.8559165
52.422104 4.891492
52.36363 4.882618
52.30942 4.7636566
52.38812 4.8419237
52.344414 4.8544044
52.29734 4.9472694
52.376686 4.9222183
52.241688 4.788315
52.30408 4.7501254
52.285305 4.8407855
52.34832 4.917345
52.379 4.821245
52.471527 4.6624813
52.372627 4.8947525
52.364998 4.895152
52.30741 4.76278
52.307747 4.942641
52.43538 4.8165016
52.40459 4.9219213
52.350887 4.8232126
52.387802 4.6332307
52.331974 4.887099
52.343384 4.8465533
52.34393 4.853039
52.38976 4.8376355
52.20271 4.868228
52.358017 4.8402176
52.30924 4.762187
52.385616 4.835697
52.29603 4.899457
52.512276 5.0433683
52.37569 4.888104
52.517796 4.971444
52.38666 4.6436048
52.249718 4.9929857
52.42435 4.6728544
52.37358 4.887872
52.294556 4.768647
52.296856 4.888237
52.309105 4.943825
52.390053 4.905224
52.377747 4.9161243
52.376686 4.9222183
52.291256 4.984145
52.350796 4.841223
52.37444 4.891335
52.377983 4.8998594
52.33983 4.8743224
52.393486 4.6394606
52.36157 4.888153
52.30415 4.8710203
52.388016 4.8426533
52.354782 4.932992
52.497704 4.7568197
52.368015 4.9161243
52.325512 4.930141
52.30924 4.762187
52.30873 4.763207
52.37569 4.888104
52.366444 4.897749
52.336758 4.77815
52.309097 4.947598
52.43567 4.6770678
52.363415 4.8835516
52.29415 4.9570656
52.353893 4.9304814
52.37569 4.888104
52.29503 4.94371
52.38422 4.884563
52.33367 4.789283
52.34588 4.916296
52.376625 4.922054
52.34063 4.9192023
52.309265 4.7603483
52.331573 4.857295
52.368015 4.9161243
52.378513 4.899672
52.30924 4.762187
52.371223 4.8907185
52.214645 4.8614826
52.201878 4.88527
52.376625 4.922054
52.303833 4.951186
52.37069 4.8981404
52.48724 4.94931
52.368015 4.9161243
52.37082 4.898046
52.361195 4.8994327
52.2923 4.85477
52.368015 4.9161243
52.304146 4.8841643
52.450054 5.0365825
52.30331 4.859367
52.36333 4.892177
52.306805 4.638623
52.30924 4.762187
52.51144 4.7796516
52.30924 4.762187
52.377396 4.887556
52.33556 4.8601785
52.372627 4.8947525
52.380043 4.891987
52.323925 4.8660097
52.304558 4.7618933
52.36568 4.890976
52.337135 4.873059
52.367775 4.892553
52.375782 4.907799
52.379414 4.874276
52.379726 4.9002028
52.288235 4.8397217
52.358044 4.86763
52.30907 4.761908
52.358578 4.87898
52.30924 4.762187
52.36567 4.8856115
52.347717 5.184978
52.292904 4.961967
52.343193 4.817434
52.364555 4.8837233
52.288937 4.8396277
52.334328 5.0713277
52.43443 4.652612
52.43443 4.652612
52.31389 5.0269313
52.34832 4.917345
52.380917 4.638101
52.343407 4.8465586
52.36061 4.8868456
52.36292 4.927329
52.371315 4.8954363
52.30408 4.7501254
52.366962 4.852679
52.343548 4.8463225
52.353832 4.8411098
52.36116 4.665672
52.380947 4.6389923
52.361244 4.89142
52.33332 4.8651857
52.30924 4.762187
52.368042 4.9163656
52.387753 4.638527
52.373764 4.912273
52.35115 4.864902
52.38731 4.6377864
52.309017 4.761586
52.376312 4.9059
52.292847 4.7042284
52.380974 4.854115
52.380936 4.8541145
52.38084 4.8540854
52.380985 4.854319
52.387405 4.638513
52.46363 4.7706256
52.307957 4.9330487
52.307644 4.7704234
52.303825 4.69344
52.31389 5.0269313
52.340717 4.889751
52.364117 4.883276
52.279446 4.763719
52.509987 4.9587436
52.36462 4.8835516
52.511723 4.9586196
52.30942 4.7636566
52.305138 4.93298
52.364277 4.933502
52.292103 4.720516
52.3634 4.888659
52.34014 4.917523
52.339893 5.1317315
52.35622 4.890519
52.348 4.835532
52.380096 4.892243
52.30924 4.762187
52.344772 4.8558764
52.363632 4.886953
52.387924 4.6384406
52.35969 4.8933363
52.303703 4.7624984
52.347717 5.1836553
52.309204 4.9301486
52.352753 4.88391
52.511402 4.956572
52.344532 4.7627254
52.30907 4.761908
52.50533 5.0792027
52.342564 4.7843957
52.46547 4.9587493
52.38731 4.6377864
52.33364 4.866248
52.36464 4.859394
52.38085 4.820981
52.333885 4.931102
52.348366 4.917521
52.343456 4.917726
52.344135 4.9173446
52.308537 4.9524627
52.366123 4.9133377
52.374413 4.886958
52.371452 4.8392305
52.301323 4.6648655
52.312653 4.766999
52.261253 4.687066
52.30924 4.762187
52.37302 4.892628
52.348305 4.8656344
52.392612 4.820536
52.361958 4.872552
52.36262 4.8798227
52.404003 4.636028
52.33722 4.8730397
52.38808 4.8329654
52.351147 4.835895
52.350796 4.841223
52.339767 4.8729525
52.364998 4.895152
52.33437 4.8890877
52.299114 4.952696
52.334213 4.866686
52.350887 4.8232126
52.292847 4.7042284
52.391212 4.8564506
52.38099 4.890335
52.38636 4.872361
52.371944 4.638808
52.371334 4.6402135
52.30924 4.762187
52.370163 4.6537657
52.344414 4.8544044
52.27944 4.757413
52.497852 4.9512124
52.27494 4.7492533
52.379852 4.633452
52.40459 4.9219213
52.33294 4.986613
52.30924 4.762187
52.307865 4.9362783
52.3017 4.9466157
52.306805 4.638623
52.306744 4.6379933
52.306744 4.6379933
52.294613 4.9573903
52.437027 4.8077703
52.376698 4.6336765
52.511723 4.9586196
52.41364 4.657257
52.370346 4.884015
52.308754 4.951873
52.37033 4.8936615
52.43387 4.6512957
52.341755 4.876107
52.363216 4.6261787
52.35948 4.93976
52.457024 4.815819
52.357597 4.881878
52.37082 4.898046
52.36994 4.836476
52.340717 4.889751
52.370678 4.896621
52.30924 4.762187
52.50086 5.0539823
52.340385 4.872576
52.292847 4.7042284
52.49411 5.069598
52.348362 4.9156876
52.358383 4.881052
52.307957 4.9330487
52.376293 4.900592
52.38895 4.8379006
52.461143 4.645222
52.38905 4.838426
52.38032 4.632584
52.388767 4.8381376
52.292847 4.7042284
52.343456 4.917726
52.38876 4.838081
52.390083 4.8404217
52.378036 4.8441124
52.3128 4.9385247
52.385315 4.851746
52.303833 4.951186
52.35442 4.83348
52.30924 4.762187
52.33448 4.868788
52.350273 4.832989
52.34008 4.8239684
52.32464 4.794159
52.358383 4.881052
52.517994 4.973612
52.50086 5.0539823
52.31231 5.0250435
52.334633 4.862051
52.38812 4.8419666
52.262413 4.777571
52.314434 4.9416947
52.30924 4.762187
52.339916 4.873086
52.340717 4.889751
52.359142 4.883773
52.37125 4.927411
52.30924 4.762187
52.481113 4.6703353
52.30518 4.9457426
52.303257 4.945607
52.390083 4.8404217
52.324226 4.6535707
52.341755 4.876107
52.341755 4.876107
52.3366 4.873519
52.370373 4.883181
52.373962 4.9168744
52.34876 4.89966
52.37453 4.8728304
52.36302 4.891963
52.285305 4.8407855
52.312813 4.950757
52.34156 4.827142
52.30924 4.762187
52.314434 4.9416947
52.38916 4.611093
52.30849 4.8104024
52.36556 4.8989367
52.358383 4.881052
52.390083 4.8404217
52.290516 4.7212
52.403885 4.8887873
52.332714 5.0679207
52.373383 4.853311
52.30924 4.762187
52.3126 4.9488664
52.39505 4.618478
52.359016 4.9087834
52.329105 4.956397
52.340885 4.829961
52.375725 4.896359
52.301975 4.69246
52.37862 4.908056
52.29595 4.9755588
52.31165 5.0434566
52.35293 4.882982
52.36551 4.8986015
52.34043 4.8904805
52.3599 4.8981643
52.359016 4.9087834
52.294823 4.976035
52.35728 4.88048
52.30849 4.8104024
52.340717 4.889751
52.51356 4.992981
52.35988 4.885161
52.307304 4.9478908
52.30924 4.762187
52.30924 4.762187
52.385883 4.891518
52.27781 4.691996
52.30928 4.9476576
52.385777 4.832185
52.369244 4.9228406
52.342304 4.912969
52.373924 4.877286
52.37771 4.9151587
52.30924 4.762187
52.309685 4.761672
52.41828 4.869468
52.33324 4.8657694
52.346703 5.181274
52.30474 4.766283
52.38123 4.8889694
52.368256 4.6280313
52.31231 5.0250435
52.303135 4.935537
52.341755 4.876107
52.36902 4.8945165
52.362904 4.885136
52.33437 4.8890877
52.393204 4.849225
52.318455 4.8792276
52.334763 4.9193377
52.30469 5.0391006
52.468548 4.7959204
52.362675 4.893501
52.346344 4.946633
52.454803 4.821945
52.390934 4.6675324
52.35432 4.8662567
52.36152 4.905639
52.36259 4.921457
52.310028 4.9504566
52.353893 4.8574114
52.294804 4.8804154
52.372665 4.891625
52.335 4.927926
52.335854 4.9313154
52.364998 4.895152
52.3119 4.870474
52.347683 4.9193707
52.364017 4.8931494
52.390053 4.905224
52.385983 4.742962
52.490185 4.687072
52.35209 4.865195
52.346344 4.946633
52.390156 4.8917313
52.30971 4.771982
52.334442 4.9170423
52.357624 4.8059525
52.29184 4.7008076
52.310715 4.756592
52.500607 4.9933276
52.340717 4.889751
52.34825 4.82471
52.3298 4.925405
52.30849 4.8104024
52.3662 4.899119
52.30849 4.8104024
52.30924 4.762187
52.377747 4.9161243
52.30729 4.947624
52.388016 4.84128
52.351425 5.171178
52.367615 4.854269
52.39419 4.837192
52.30924 4.762187
52.38422 4.884563
52.30924 4.762187
52.303833 4.951186
52.37097 4.89253
52.34923 4.854692
52.371113 4.8928013
52.333252 4.918549
52.30924 4.762187
52.3156 4.9473605
52.341755 4.876107
52.33722 4.8730397
52.36373 4.9783382
52.38085 4.820981
52.34825 4.82471
52.36132 4.8699307
52.37366 4.897864
52.33766 4.8710647
52.311295 4.940826
52.436485 4.8597884
52.302097 5.0357265
52.31324 5.0244637
52.303047 4.6952972
52.46006 5.0369687
52.38085 4.820981
52.424984 4.909227
52.34188 4.888922
52.334667 4.869049
52.29264 4.8546596
52.41439 4.643491
52.359142 4.883773
52.382206 4.887107
52.406643 4.632223
52.392708 4.833108
52.497704 4.7568197
52.310917 4.812827
52.34798 4.904556
52.370533 4.893045
52.35441 4.929313
52.356613 4.928698
52.357746 4.8915873
52.375107 4.8839273
52.35988 4.885161
52.368042 4.9163656
52.32048 4.881018
52.34008 4.8239684
52.372356 4.888612
52.30924 4.762187
52.32048 4.881018
52.31695 5.0206738
52.291256 4.984145
52.354618 4.900969
52.358044 4.86763
52.34876 4.89966
52.295578 4.700143
52.374264 4.8992157
52.28289 4.837797
52.29826 5.042128
52.31382 4.9469695
52.30924 4.762187
52.215942 4.874711
52.340107 4.8743315
52.308937 4.7601485
52.513943 4.993645
52.37854 4.8997107
52.36499 4.9602146
52.382412 4.8056874
52.371723 4.914837
52.30777 4.9531603
52.450054 5.0365825
52.306805 4.638623
52.372166 4.914161
52.36363 4.882618
52.302097 5.0357265
52.35859 4.925558
52.349987 4.911498
52.327274 4.96239
52.360115 4.9256296
52.369953 4.8508534
52.360115 4.9256296
52.348415 4.917514
52.340717 4.889751
52.30924 4.762187
52.340717 4.889751
52.363457 4.8831687
52.384174 4.884729
52.355534 4.898156
52.457024 4.815819
52.358044 4.86763
52.37302 4.892628
52.344902 4.917378
52.370373 4.8846507
52.358044 4.86763
52.30449 5.1450963
52.374165 4.644484
52.387924 4.6384406
52.373203 4.845204
52.30924 4.762187
52.380695 4.734851
52.33994 4.7805567
52.30872 4.700948
52.376686 4.9222183
52.31698 4.9793386
52.468548 4.7959204
52.30924 4.762187
52.31551 4.957242
52.30924 4.762187
52.350197 4.786471
52.372356 4.888612
52.38916 4.611093
52.376686 4.9222183
52.354244 4.9085584
52.360058 4.925846
52.380627 4.6376348
52.36003 4.9265695
52.30849 4.8104024
52.30924 4.762187
52.30924 4.762187
52.48476 4.7490044
52.355476 4.900603
52.30849 4.8104024
52.322445 4.972516
52.3647 4.614537
52.451923 4.634522
52.464317 4.9512534
52.341576 4.8569264
52.352924 4.7545
52.30924 4.762187
52.36063 4.6483345
52.362408 4.884521
52.288536 4.8530984
52.39046 4.827871
52.358875 4.6543255
52.360107 4.925347
52.33148 4.781755
52.31252 4.944277
52.30924 4.762187
52.299686 5.0266776
52.30924 4.762187
52.38069 4.646744
52.358337 4.89911
52.30924 4.762187
52.358356 4.8989153
52.358356 4.8989153
52.422157 4.881282
52.360847 4.9055457
52.37958 4.6311235
52.414154 4.6440997
52.20729 4.865484
52.381638 4.6358337
52.451923 4.634522
52.21231 4.8626566
52.36341 4.877662
52.309685 4.761672
52.36363 4.882618
52.30924 4.762187
52.376648 4.6312094
52.355724 4.9281015
52.376686 4.9222183
52.374966 4.879312
52.376686 4.9222183
52.488422 4.7524204
52.37814 4.8992496
52.352135 4.7990966
52.38655 4.891423
52.378727 4.761365
52.382942 4.889517
52.313957 4.7510815
52.346325 4.952278
52.311172 4.760813
52.328163 4.8547153
52.37127 4.8937764
52.35859 4.925558
52.360115 4.9256296
52.350273 4.832989
52.299686 5.0266776
52.37591 4.9256945
52.24251 4.797441
52.343327 4.8899727
52.376675 4.6297503
52.363323 4.898443
52.372852 4.7526627
52.382294 4.633
52.37453 4.8728304
52.39855 4.8522825
52.35432 4.8061156
52.336937 4.8720503
52.34356 4.8866415
52.35539 4.7797947
52.379868 4.751881
52.500095 4.9729815
52.31816 4.852438
52.374596 4.88396
52.397106 4.9393396
52.30924 4.762187
52.312893 4.7613773
52.38052 4.891
52.32171 5.0802565
52.31534 4.927597
52.384605 4.636075
52.308525 4.707019
52.343033 4.887892
52.337883 4.6240373
52.37339 4.8939695
52.50504 4.9516478
52.361305 4.9006534
52.361305 4.9006534
52.36797 4.8914104
52.35988 4.885161
52.308693 4.7637005
52.361305 4.9006534
52.309685 4.761672
52.28046 5.1424813
52.30924 4.762187
52.371906 4.891962
52.371895 4.607421
52.29734 4.9472694
52.39729 4.939803
52.36363 4.882618
52.350105 4.815625
52.308693 4.7637005
52.37335 4.890859
52.340717 4.889751
52.30907 4.761908
52.36594 4.8967323
52.335667 4.974639
52.351673 4.857247
52.318474 4.8918343
52.397923 4.940423
52.30924 4.762187
52.357746 4.8915873
52.358383 4.881052
52.309967 5.14596
52.43841 4.816664
52.30924 4.762187
52.309547 5.1450777
52.358383 4.881052
52.436226 4.6516843
52.30879 5.015051
52.436226 4.6516843
52.49589 4.754941
52.374863 4.895882
52.30924 4.762187
52.36334 4.87746
52.30844 4.7653413
52.329887 5.069285
