52.37771 4.9151587
52.30507 4.705014
52.382378 4.893229
52.308334 4.763882
52.361145 4.635202
52.291157 4.7340775
52.302776 4.759742
52.30924 4.762187
52.39714 4.8388095
52.296043 4.6638765
52.297344 4.658837
52.3007 4.665012
52.30388 4.695692
52.497807 4.928624
52.30314 4.751065
52.2994 4.747896
52.307644 4.7704234
52.281788 4.825632
52.30924 4.762187
52.306877 4.749734
52.414776 4.8642826
52.24269 4.8167405
52.51644 4.9937434
52.30924 4.762187
52.24242 4.972561
52.39054 4.823348
52.3396 4.8731318
52.30924 4.762187
52.30587 4.836185
52.30924 4.762187
52.309685 4.761672
52.347736 4.9194913
52.30582 4.766146
52.30924 4.762187
52.30924 4.762187
52.335934 4.876763
52.366783 5.1875157
52.509872 4.782273
52.40007 4.841618
52.306675 4.8076663
52.367016 4.7211685
52.378513 4.899672
52.34466 4.861293
52.371944 4.638808
52.371334 4.6402135
52.3408 4.8657355
52.370163 4.6537657
52.303257 4.945607
52.393204 4.849225
52.379868 4.751881
52.382347 4.6387577
52.362247 4.883912
52.379547 4.8975525
52.37972 4.6319127
52.354473 4.85558
52.377506 4.8942556
52.309658 4.760213
52.377644 4.7571287
52.328205 4.8020554
52.4308 4.6987014
52.328205 4.8020554
52.409233 4.9424047
52.286507 4.96005
52.328205 4.8020554
52.4308 4.6987014
52.30924 4.762187
52.312374 4.940094
52.328205 4.8020554
52.42757 4.8061156
52.36609 4.896469
52.30924 4.762187
52.309917 4.764842
52.30924 4.762187
52.30924 4.762187
52.317772 4.958906
52.276566 4.795524
52.30587 4.836185
52.309673 4.771521
52.370285 4.8849354
52.296043 4.6638765
52.29537 4.658761
52.297096 4.6591477
52.3572 4.83882
52.30924 4.762187
52.497807 4.928624
52.409233 4.9424047
52.486687 4.962561
52.51644 4.9937434
52.30314 4.751065
52.302666 4.750925
52.30924 4.762187
52.39054 4.823348
52.372265 4.8888836
52.312073 4.762107
52.455643 4.841366
52.311153 4.7613072
52.358044 4.86763
52.32158 4.7673264
52.358044 4.86763
52.292168 4.7353864
52.38812 4.8419237
52.37302 4.892628
52.36422 4.882897
52.370285 4.8849354
52.309685 4.761672
52.36609 4.896469
52.30924 4.762187
52.332348 5.0145936
52.307957 4.9330487
52.30942 4.7636566
52.30924 4.762187
52.334515 4.859873
52.335 4.927926
52.311275 4.760295
52.30924 4.762187
52.311184 4.760344
52.32158 4.7673264
52.310616 4.69828
52.32666 4.927304
52.308945 4.761402
52.385315 4.851746
52.371746 4.636979
52.32158 4.7673264
52.337135 4.873059
52.347736 4.9194913
52.30942 4.7636566
52.371944 4.638808
52.371334 4.6402135
52.309658 4.760213
52.36241 4.8325996
52.349213 4.857117
52.370163 4.6537657
52.30924 4.762187
52.46263 4.8138137
52.39897 4.656649
52.385315 4.851746
52.31286 4.8491335
52.295578 4.700143
52.44993 4.797137
52.30929 4.764161
52.30507 4.705014
52.368343 4.896732
52.503975 5.0592766
52.365063 4.935739
52.30849 4.8104024
52.49995 4.9774237
52.349976 4.9185815
52.549133 4.914826
52.37302 4.892628
52.37252 4.9008465
52.36706 4.895987
52.312256 4.945607
52.358692 4.8860083
52.289455 4.7233005
52.328205 4.8020554
52.382347 4.6387577
52.376995 4.901013
52.328205 4.8020554
52.381767 4.9171486
52.39291 4.9058332
52.4308 4.6987014
52.30924 4.762187
52.317772 4.958906
52.296043 4.6638765
52.297344 4.658837
52.286507 4.96005
52.42757 4.8061156
52.30924 4.762187
52.308952 4.7612896
52.304413 4.75384
52.362976 4.651178
52.29537 4.658761
52.297096 4.6591477
52.296043 4.6638765
52.497807 4.928624
52.371746 4.636979
52.30314 4.751065
52.302666 4.750925
52.30408 4.7501254
52.512276 5.0433683
52.33581 4.87476
52.372967 4.8803387
52.319317 4.8795285
52.307617 4.806548
52.486687 4.962561
52.51644 4.9937434
52.30924 4.762187
52.503975 5.0592766
52.35432 4.8061156
52.309246 4.7733665
52.258575 4.685433
52.30924 4.762187
52.32666 4.927304
52.496014 5.0572667
52.261253 4.687066
52.30924 4.762187
52.348362 4.9156876
52.509872 4.782273
52.347363 4.912745
52.347736 4.9194913
52.358044 4.86763
52.30857 4.767809
52.37302 4.892628
52.36422 4.882897
52.37366 4.897864
52.378296 4.897692
52.306812 4.930179
52.310616 4.69828
52.371944 4.638808
52.371334 4.6402135
52.353626 4.84156
52.370163 4.6537657
52.24269 4.8167405
52.337135 4.873059
52.30415 4.8710203
52.30924 4.762187
52.342968 4.920888
52.383247 4.64947
52.30924 4.762187
52.239044 4.835713
52.358017 4.8402176
52.350197 5.005837
52.34014 4.917523
52.43219 4.8144445
52.28601 4.948311
52.310028 4.9504566
52.391937 4.836247
52.30128 4.755621
52.36609 4.896469
52.37302 4.892628
52.358044 4.86763
52.370285 4.8849354
52.36422 4.882897
52.377644 4.7571287
52.358044 4.86763
52.358044 4.86763
52.30924 4.762187
52.42757 4.8061156
52.36063 4.6483345
52.486687 4.962561
52.51644 4.9937434
52.351173 4.872093
52.307587 4.7652984
52.372265 4.8888836
52.30924 4.762187
52.37302 4.892628
52.29537 4.658761
52.297096 4.6591477
52.30924 4.762187
52.497807 4.928624
52.306496 4.7649713
52.385315 4.851746
52.30924 4.762187
52.391064 4.841081
52.281788 4.825632
52.512276 5.0433683
52.34064 4.623592
52.30857 4.767809
52.372967 4.8803387
52.40007 4.841618
52.302666 4.750925
52.301567 4.750692
52.30924 4.762187
52.379604 4.899251
52.386925 4.622072
52.496014 5.0572667
52.379055 4.928038
52.321793 4.7674165
52.40928 4.942431
52.340885 4.829961
52.31316 4.7619777
52.36241 4.8325996
52.348362 4.9156876
52.388542 4.840465
52.36609 4.896469
52.38291 4.802307
52.29313 4.769072
52.30587 4.836185
52.363216 4.6261787
52.353626 4.84156
52.385315 4.851746
52.36369 4.8532104
52.359158 4.8313975
52.349213 4.857117
52.383247 4.64947
52.309822 4.764719
52.308483 4.9425097
52.311157 4.761193
52.20708 4.8831654
52.389088 4.8374133
52.38766 4.659864
52.478104 4.856303
52.30924 4.762187
52.35994 4.909446
52.32978 5.0671034
52.370834 4.9006414
52.352707 4.845616
52.358044 4.86763
52.370285 4.8849354
52.36609 4.896469
52.32419 5.113318
52.30924 4.762187
52.377644 4.7571287
52.363426 4.8797717
52.304333 4.7497954
52.371346 4.845244
52.30924 4.762187
52.30924 4.762187
52.308323 4.765234
52.371746 4.636979
52.372265 4.8888836
52.497807 4.928624
52.343246 4.8530602
52.29811 4.745071
52.363842 4.834299
52.307617 4.806548
52.321354 4.8758073
52.34064 4.623592
52.29163 4.724967
52.30924 4.762187
52.30924 4.762187
52.334595 4.9575896
52.337196 4.9623466
52.40838 4.64687
52.40007 4.841618
52.349976 4.9185815
52.382042 4.9027777
52.30924 4.762187
52.383247 4.64947
52.374454 4.9039364
52.351078 4.8356833
52.371944 4.638808
52.371334 4.6402135
52.342236 4.844885
52.36241 4.8325996
52.370163 4.6537657
52.310616 4.69828
52.30924 4.762187
52.30924 4.762187
52.370567 4.900474
52.316307 4.956573
52.30581 4.7661247
52.309658 4.760213
52.30924 4.762187
52.362236 4.8805904
52.388226 4.660392
52.34959 4.874019
52.32544 4.950864
52.37772 4.6080675
52.310028 4.9504566
52.43897 4.8244157
52.310516 4.761935
52.358597 4.878925
52.36609 4.896469
52.369007 4.8887
52.35108 4.885138
52.35747 4.926745
52.337643 4.9212575
52.371746 4.636979
52.406105 4.63843
52.352894 4.8918815
52.352196 4.8916197
52.30507 4.705014
52.30924 4.762187
52.370285 4.8849354
52.36609 4.896469
52.404064 4.6291676
52.316578 4.945372
52.30924 4.762187
52.361244 4.883879
52.30924 4.762187
52.363457 4.881803
52.30942 4.7636566
52.30924 4.762187
52.30924 4.762187
52.30929 4.764161
52.30924 4.762187
52.31322 4.767648
52.340717 4.889751
52.309227 4.7722826
52.28248 4.706887
52.307613 4.8015833
52.30924 4.762187
52.379044 4.899291
52.308693 4.7637005
52.378006 4.899028
52.366337 4.896341
52.30924 4.762187
52.493866 5.0733433
52.311153 4.7613072
52.365955 4.897077
52.31543 4.996018
52.382812 4.850873
52.38449 4.8511915
52.380913 4.854361
52.380966 4.854072
52.38084 4.8540287
52.381523 4.8555994
52.38086 4.85394
52.382347 4.6387577
52.30924 4.762187
52.36063 4.6483345
52.291157 4.7340775
52.37359 4.89323
52.31695 4.9556065
52.374413 4.886958
52.306114 4.678777
52.367294 4.895587
52.382145 4.85562
52.380936 4.8541145
52.380985 4.854319
52.381523 4.8555994
52.380985 4.854319
52.3694 4.903036
52.30924 4.762187
52.497852 4.9512124
52.30507 4.705014
52.309685 4.761672
52.39594 4.870019
52.392838 4.872265
52.370285 4.8849354
52.377644 4.7571287
52.36063 4.6483345
52.30924 4.762187
52.381916 4.8732543
52.307587 4.7652984
52.50945 4.945579
52.486687 4.962561
52.36654 4.894648
52.296043 4.6638765
52.297344 4.658837
52.29552 4.65818
52.297096 4.6591477
52.385315 4.851746
52.309654 4.7732806
52.309654 4.7732806
52.51644 4.9937434
52.51356 4.992981
52.497807 4.929878
52.30312 4.751104
52.37281 4.875697
52.511375 5.047642
52.315163 5.0917664
52.312645 4.9440446
52.396862 4.64284
52.394524 4.6419168
52.455643 4.841366
52.30942 4.7636566
52.38906 4.837932
52.292103 4.720516
52.307575 4.763399
52.40928 4.942431
52.30587 4.836185
52.371746 4.636979
52.382042 4.9027777
52.496014 5.0572667
52.509872 4.782273
52.371452 4.8392305
52.30924 4.762187
52.30924 4.762187
52.27494 4.7492533
52.286182 4.726181
52.261745 4.6878905
52.31284 4.8066583
52.30924 4.762187
52.308483 4.9425097
52.310616 4.69828
52.359158 4.8313975
52.495186 4.9536004
52.393204 4.849225
52.307384 4.9472294
52.283043 4.8426538
52.3625 4.9105453
52.38036 4.891595
52.3625 4.9105453
52.308598 4.767239
52.374817 4.899048
52.37302 4.892628
52.36609 4.896469
52.36422 4.882897
52.374454 4.9039364
52.341755 4.876107
52.497852 4.9512124
52.37353 4.90464
52.380936 4.8541145
52.38103 4.8543253
52.36409 4.8842483
52.377644 4.7571287
52.30924 4.762187
52.30924 4.762187
52.36609 4.896469
52.30924 4.762187
52.45847 4.670863
52.369354 4.906034
52.49324 4.8037047
52.35919 4.926108
52.385315 4.851746
52.371746 4.636979
52.307617 4.806548
52.308323 4.765234
52.355537 4.86186
52.40007 4.841618
52.371746 4.636979
52.30924 4.762187
52.374165 4.644484
52.34857 4.917949
52.30924 4.762187
52.496014 5.0572667
52.35544 4.78653
52.371452 4.8392305
52.30924 4.762187
52.284378 4.7325935
52.30924 4.762187
52.34064 4.623592
52.30924 4.762187
52.337196 4.9623466
52.382042 4.9027777
52.371944 4.638808
52.371334 4.6402135
52.382996 4.801772
52.374413 4.886958
52.50945 4.945579
52.486687 4.962561
52.43088 4.6428113
52.41356 4.652476
52.370163 4.6537657
52.36241 4.8325996
52.346836 4.674201
52.347 4.7512026
52.340885 4.829961
52.318764 4.66733
52.30587 4.836185
52.350285 5.181172
52.308693 4.7637005
52.346165 4.6286783
52.336468 4.8853755
52.303257 4.945607
52.318764 4.66733
52.327682 5.0621653
52.3158 4.9493012
52.307384 4.9472294
52.432 4.8144226
52.30924 4.762187
52.30499 4.692172
52.30924 4.762187
52.307587 4.7652984
52.359158 4.8313975
52.31026 4.9433756
52.37302 4.892628
52.380936 4.8541145
52.31324 5.0244637
52.3925 4.872379
52.371746 4.636979
52.366016 4.895541
52.36422 4.882897
52.36609 4.896469
52.20729 4.865484
52.365948 4.866901
52.50865 4.949684
52.366444 4.8906326
52.377644 4.7571287
52.36605 4.8954887
52.21353 4.860905
52.37539 4.8814545
52.30837 4.9526978
52.369137 4.851349
52.3457 4.8909464
52.30924 4.762187
52.497852 4.9512124
52.30924 4.762187
52.437496 4.860507
52.30924 4.762187
52.30924 4.762187
52.30924 4.762187
52.34554 4.9091077
52.359856 4.8740263
52.307644 4.7704234
52.346325 4.952278
52.310707 4.9665713
52.361244 4.883879
52.4516 4.834675
52.30452 4.7623534
52.50301 4.759212
52.34682 4.9589095
52.37854 4.8997107
52.362904 4.885136
52.30924 4.762187
52.30924 4.762187
52.287403 4.8577166
52.379044 4.899291
52.301098 5.152541
52.30924 4.762187
52.311153 4.7613072
52.371746 4.636979
52.30924 4.762187
52.343388 4.855399
52.30924 4.762187
52.33437 4.8890877
52.38203 4.785283
52.44644 4.886706
