52.38436 4.900782
52.358383 4.881052
52.37742 4.631295
52.360992 4.882951
52.312847 4.929042
52.428104 4.819615
52.364174 4.8591757
52.30339 4.8578324
52.328205 4.8020554
52.421097 4.826637
52.371723 4.914837
52.371723 4.914837
52.34897 4.9170856
52.373764 4.912273
52.4308 4.6987014
52.428104 4.819615
52.330383 4.631295
52.39052 4.6377726
52.37302 4.892628
52.382347 4.6387577
52.400967 4.8917055
52.33212 4.628614
52.379395 4.8938227
52.380005 4.900125
52.4393 4.845038
52.30844 4.7653413
52.36462 4.8835516
52.35674 4.9524765
52.372334 4.900005
52.367172 4.890624
52.367256 4.898837
52.37366 4.897864
52.331497 4.6291494
52.273773 4.79122
52.35985 4.8769426
52.386215 4.8717403
52.36645 4.890474
52.34064 4.623592
52.33388 4.6317782
52.364017 4.8931494
52.375732 4.895048
52.373234 4.879047
52.36363 4.882618
52.30339 4.8578324
52.391277 4.6493654
52.364822 4.864502
52.331326 4.6294284
52.492832 5.074263
52.363415 4.8835516
52.364506 4.88099
52.36363 4.882618
52.389946 4.6267133
52.371178 4.912211
52.376694 4.896382
52.368458 4.900532
52.47298 4.847041
52.36363 4.882618
52.358578 4.87898
52.36654 4.894648
52.384106 4.868551
52.36422 4.882897
52.28856 4.850464
52.254154 5.033999
52.36663 4.893752
52.48693 4.9590263
52.312256 4.945607
52.366886 4.894039
52.371334 4.6402135
52.371944 4.638808
52.38436 4.900782
52.503975 5.0592766
52.35943 4.8653855
52.38069 4.646744
52.385265 4.64764
52.386253 4.6473737
52.358044 4.86763
52.38436 4.900782
52.486687 4.962561
52.30924 4.762187
52.440735 4.638969
52.441654 4.6359415
52.306328 5.0398493
52.386288 4.8735056
52.268696 4.748535
52.36694 4.912172
52.33859 4.978621
52.36363 4.882618
52.373867 4.894226
52.36363 4.882618
52.358044 4.86763
52.50053 4.962883
52.371204 4.898149
52.364098 4.8814487
52.360115 4.6614695
52.302097 5.0357265
52.35919 4.926108
52.427483 4.820845
52.31324 5.0244637
52.36422 4.882897
52.39052 4.6377726
52.291122 5.1166763
52.367584 4.899065
52.383476 4.734807
52.32608 5.1395845
52.38436 4.900782
52.38479 4.6705465
52.264347 4.7065797
52.339245 4.8586435
52.431396 4.8219147
52.361492 4.899291
52.360394 4.878354
52.357124 4.8923182
52.305138 4.93298
52.33233 4.629557
52.324226 4.6535707
52.376205 4.894999
52.369095 4.892549
52.428795 4.824228
52.348366 4.917521
52.33979 4.6562386
52.379726 4.9002028
52.363415 4.8835516
52.377773 4.900879
52.510185 5.044425
52.364822 4.881478
52.36363 4.882618
52.30924 4.762187
52.374775 4.891622
52.30097 5.0621047
52.295876 4.636114
52.302063 4.9498343
52.30873 4.8776608
52.428104 4.819615
52.38182 4.629514
52.2522 4.756617
52.37606 4.8972263
52.37366 4.897864
52.30934 4.765322
52.486687 4.962561
52.30924 4.762187
52.382942 4.889517
52.316307 4.956573
52.311153 4.7613072
52.36663 4.893752
52.381367 4.884738
52.494324 5.07598
52.36109 4.865554
52.36109 4.865554
52.336937 4.8720503
52.36664 4.6514225
52.36363 4.882618
52.35346 4.832451
52.375137 4.894114
52.378696 4.730807
52.382378 4.893229
52.34122 5.132967
52.295784 4.752835
52.372334 4.900005
52.358578 4.87898
52.377983 4.8998594
52.30924 4.762187
52.292618 4.946833
52.365997 4.897156
52.36663 4.9263177
52.368214 4.9706583
52.29394 4.994422
52.36363 4.882618
52.348957 5.174478
52.35987 4.925549
52.49668 4.9383974
52.36479 4.9177275
52.361042 4.872321
52.36663 4.893752
52.36363 4.882618
52.495186 4.9536004
52.379673 4.655715
52.32419 5.113318
52.36661 4.63917
52.36063 4.6483345
52.364388 4.882767
52.373898 4.849332
52.44542 4.6363854
52.302063 4.9498343
52.37339 4.8939695
52.371628 4.893811
52.362537 4.927776
52.503006 4.7525954
52.358044 4.86763
52.365803 4.866683
52.341034 4.8700957
52.46087 4.811379
52.35839 4.8792605
52.371746 4.636979
52.358547 4.8791265
52.36363 4.882618
52.36607 4.893412
52.37814 4.8992496
52.312256 4.945607
52.39295 4.6405373
52.472015 4.8000135
52.35199 4.911293
52.38916 4.611093
52.3762 4.899548
52.283688 4.8314633
52.289326 4.668299
52.360146 4.6550813
52.414658 4.8963895
52.3697 4.896242
52.381325 4.891156
52.50498 5.0836663
52.365433 4.902818
52.371452 4.8392305
52.32978 5.0671034
52.404003 4.636028
52.353523 4.915521
52.302887 4.968412
52.366768 4.893239
52.40007 4.841618
52.391212 4.8564506
52.3785 4.8962655
52.30959 4.7722497
52.29928 5.039308
52.380005 4.900125
52.305077 4.766744
52.373585 4.892725
52.380936 4.8541145
52.317223 4.6674485
52.389595 4.78166
52.38455 4.865034
52.37569 4.907863
52.37366 4.897864
52.337215 4.9202013
52.366955 4.9136753
52.300053 4.94505
52.37366 4.897864
52.38697 4.8700194
52.30924 4.762187
52.302097 5.0357265
52.513138 4.9563575
52.321697 4.801866
52.359 4.8842316
52.37043 4.912289
52.337215 4.9202013
52.309376 4.947158
52.29923 4.849494
52.38998 4.8378763
52.36422 4.882897
52.3156 4.9473605
52.355316 4.861953
52.35126 4.871768
52.391296 4.647238
52.36609 4.896469
52.278603 4.832648
52.377968 4.878725
52.365437 4.885462
52.31389 5.0269313
52.362156 4.8756523
52.36363 4.882618
52.307575 4.763399
52.393204 4.849225
52.3463 4.8344564
52.372356 4.885649
52.300003 4.955349
52.3773 4.920416
52.39976 4.844875
52.383694 4.629307
52.316307 4.956573
52.277218 4.7526383
52.39617 4.800768
52.37539 4.895685
52.37302 4.892628
52.358597 4.878925
52.36793 4.834079
52.371407 4.89427
52.36776 4.8897047
52.378223 4.8994436
52.289825 4.8405194
52.277523 4.8589234
52.344685 4.853361
52.503975 5.0592766
52.36271 5.183421
52.310715 4.763676
52.468197 4.663578
52.546608 4.9574304
52.304142 4.762691
52.54656 4.9573393
52.29503 4.94371
52.36568 4.890976
52.3544 4.897928
52.37302 4.892628
52.392838 4.872265
52.307587 4.7652984
52.39594 4.870019
52.368797 4.887959
52.220215 4.933462
52.201336 4.898384
52.30924 4.762187
52.257942 4.7663293
52.309814 4.8513503
52.307575 4.763399
52.376556 4.905753
52.285942 4.810271
52.392708 4.833108
52.30924 4.762187
52.391212 4.8564506
52.37366 4.897864
52.30924 4.762187
52.370018 4.893272
52.31445 4.9601355
52.379726 4.9002028
52.354885 4.893229
52.365997 4.897156
52.36462 4.8835516
52.347828 4.9540668
52.39311 4.8864055
52.48724 4.94931
52.321354 4.8758073
52.294613 4.9573903
52.36733 4.871988
52.367344 4.872061
52.367016 4.891587
52.278603 4.832648
52.30924 4.762187
52.36363 4.882618
52.288197 4.8534193
52.36363 4.882618
52.370834 4.9006414
52.363483 4.882385
52.363068 4.8818455
52.381325 4.891156
52.37123 4.6501164
52.30314 4.751065
52.277008 4.752016
52.35724 4.8747416
52.30924 4.762187
52.360897 4.906707
52.334213 4.8694754
52.36422 4.882897
52.35226 4.891191
52.342052 5.1582527
52.36363 4.882618
52.34426 4.7911177
52.37021 4.8501697
52.371 4.900555
52.382 4.7840695
52.350033 4.646553
52.2597 4.687042
52.36276 4.86065
52.299545 4.912528
52.38105 4.7923565
52.30924 4.762187
52.346344 4.946633
52.37606 4.884327
52.372265 4.8888836
52.36912 4.6473403
52.380405 4.847863
52.30924 4.762187
52.364597 4.883595
52.36462 4.8835516
52.363873 4.882447
52.345562 4.7636
52.342876 4.7739553
52.34118 4.7681966
52.293198 4.9942665
52.36766 4.9003744
52.379868 4.751881
52.46547 4.9587493
52.397217 4.94013
52.376816 4.9050345
52.25778 4.991245
52.500095 4.9729815
52.364044 4.8829722
52.30924 4.762187
52.37591 4.894571
