35.6757 139.7629
35.671093 139.74774
35.562923 139.56981
35.613785 139.66052
35.628777 139.73877
35.703938 139.73422
35.70357 139.75511
35.688602 139.69894
35.55138 139.7884
35.55138 139.7884
35.674213 139.74506
35.732277 139.71979
35.5644 139.71542
35.677715 139.78224
35.723804 139.64914
35.632812 139.88031
35.66427 139.78465
35.682938 139.73222
35.687523 139.79219
35.619076 139.73056
35.737408 139.65475
35.665348 139.70003
35.56257 139.71454
35.632812 139.88031
35.61656 139.72736
35.55717 139.70534
35.695415 139.75111
35.688103 139.69345
35.797108 139.6017
35.690002 139.69904
35.66867 139.70596
35.670544 139.71785
35.70649 139.7371
35.683792 139.75931
35.655518 139.75673
35.627983 139.77917
35.562794 139.71739
35.629322 139.77908
35.719414 139.73424
35.665485 139.73117
35.684032 139.75856
35.700737 139.77188
35.674015 139.74501
35.547756 139.78514
35.68276 139.75565
35.663315 139.73212
35.69528 139.69035
35.674206 139.74506
35.653973 139.77943
35.72993 139.71095
35.686337 139.72957
35.570404 139.52696
35.677017 139.73705
35.678585 139.75366
35.67479 139.60542
35.72935 139.71817
35.545498 139.57452
35.69365 139.76543
35.67703 139.73705
35.678078 139.56776
35.706013 139.9037
35.673264 139.7203
35.585537 139.75284
35.644104 139.66896
35.640728 139.69443
35.721596 139.70679
35.645157 139.67473
35.687977 139.797
35.707592 139.61615
35.645832 139.7464
35.673466 139.76051
35.656754 139.70152
35.689213 139.7644
35.671577 139.74126
35.544205 139.5728
35.65943 139.70056
35.66279 139.75963
35.549072 139.78455
35.623886 139.61359
35.708958 139.79657
35.647694 139.7446
35.634518 139.79198
35.840767 139.79628
35.628777 139.73877
35.709316 139.77298
35.662876 139.73146
35.698475 139.7612
35.684437 139.72998
35.67923 139.76848
35.70947 139.73347
35.628937 139.7375
35.671932 139.75955
35.70619 139.70657
35.60776 139.66833
35.674213 139.74506
35.67487 139.67111
35.6589 139.70326
35.63706 139.73097
35.644302 139.69916
35.63696 139.73096
35.67222 139.86618
35.710915 139.79788
35.672405 139.73601
35.55192 139.57928
35.66319 139.73213
35.5526 139.57962
35.76569 139.74432
35.665115 139.71246
35.642372 139.71352
35.541855 139.79329
35.69569 139.69835
35.724155 139.61499
35.55138 139.7884
35.682278 139.68684
35.686325 139.78227
35.660847 139.72957
35.656372 139.69934
35.737503 139.49957
35.644314 139.67067
35.69794 139.70743
35.55127 139.78758
35.640762 139.75592
35.662876 139.73146
35.699444 139.76181
35.68808 139.79819
35.750465 139.58644
35.733986 139.74196
35.705585 139.7519
35.68375 139.7456
35.703205 139.75456
35.702682 139.75047
35.68652 139.76619
35.742073 139.61508
35.624977 139.73079
35.604195 139.64972
35.701942 139.74364
35.661705 139.72964
35.65749 139.54445
35.670296 139.73842
35.68659 139.76591
35.68221 139.69789
35.663315 139.73212
35.657856 139.69786
35.664566 139.73949
35.70186 139.75233
35.65996 139.69597
35.66319 139.73213
35.65345 139.74377
35.741528 139.5015
35.690594 139.69257
35.687874 139.70036
35.655064 139.69667
35.75131 139.54526
35.566578 139.65749
35.665787 139.73096
35.70072 139.77242
35.685257 139.70947
35.68554 139.73611
35.68206 139.78603
35.55886 139.72371
35.697308 139.77376
35.663002 139.63461
35.66605 139.64134
35.665485 139.73117
35.657795 139.7013
35.77168 139.73361
35.66702 139.77869
35.660366 139.72897
35.544796 139.57079
35.681133 139.76782
35.72568 139.71951
35.54478 139.5708
35.68376 139.65848
35.665485 139.73117
35.6828 139.69623
35.66427 139.78465
35.54599 139.57028
35.664585 139.73944
35.5461 139.68372
35.5198 139.63268
35.64807 139.74481
35.68403 139.77444
35.678875 139.78748
35.66851 139.74307
35.635193 139.76752
35.684437 139.72998
35.62433 139.72871
35.729393 139.71004
35.65754 139.69548
35.644985 139.64717
35.68162 139.77313
35.65227 139.72223
35.693092 139.6932
35.788784 139.7103
35.681133 139.76782
35.74801 139.80661
35.613567 139.7078
35.562515 139.71698
35.586643 139.63062
35.586643 139.63062
35.572193 139.62152
35.588295 139.72821
35.653954 139.70566
35.662064 139.70265
35.654865 139.79626
35.68089 139.76218
35.52634 139.62613
35.655804 139.79628
35.67364 139.78285
35.654865 139.79626
35.63119 139.74362
35.636105 139.88339
35.74065 139.74419
35.701916 139.74498
35.627285 139.72054
35.70183 139.57584
35.578873 139.71773
35.65644 139.7114
35.65899 139.69887
35.65266 139.74416
35.740032 139.74649
35.76133 139.70552
35.686264 139.70297
35.713276 139.70442
35.65227 139.72223
35.673096 139.75995
35.684227 139.73195
35.6636 139.75125
35.738117 139.74731
35.69275 139.69821
35.818035 139.78842
35.760834 139.53452
35.710724 139.68633
35.729923 139.74754
35.665787 139.73096
35.581074 139.75496
35.632793 139.71481
35.680824 139.71112
35.699406 139.77112
35.74733 139.73538
35.6933 139.69202
35.73988 139.74678
35.658237 139.72314
35.673466 139.76953
35.54892 139.78452
35.55138 139.7884
35.68383 139.7446
35.700737 139.77188
35.649582 139.69972
35.731052 139.76834
35.594334 139.62076
35.74801 139.80661
35.545547 139.57153
35.740868 139.81206
35.75111 139.74745
35.722866 139.49731
35.69397 139.69041
35.665142 139.70956
35.741653 139.85341
35.695503 139.75171
35.752457 139.87038
35.70619 139.70657
35.6958 139.70195
35.74801 139.80661
35.689617 139.76166
35.74875 139.80653
35.65617 139.54443
35.6916 139.7047
35.76215 139.82681
35.68355 139.76654
35.665657 139.8613
35.674656 139.76071
35.703762 139.5609
35.632412 139.88327
35.74209 139.61543
35.733208 139.73845
35.68048 139.68655
35.67117 139.76057
35.555176 139.78787
35.633186 139.71591
35.699345 139.52055
35.706825 139.76022
35.802265 139.7183
35.699017 139.77463
35.665115 139.71246
35.75859 139.78929
35.662067 139.70917
35.68888 139.69716
35.562923 139.56981
35.669643 139.70322
35.667194 139.75854
35.699455 139.74138
35.708496 139.74849
35.64094 139.63232
35.641506 139.63258
35.75985 139.86958
35.65491 139.7962
35.65956 139.54375
35.657192 139.54184
35.657192 139.54184
35.69821 139.75412
35.544674 139.76855
35.649197 139.7527
35.546356 139.78499
35.67435 139.76704
35.604916 139.6821
35.703518 139.77423
35.605915 139.68349
35.62957 139.77861
35.655407 139.54424
35.642647 139.75336
35.66099 139.70958
35.73027 139.70735
35.800133 139.73004
35.70606 139.71655
35.729427 139.74779
35.55565 139.654
35.732136 139.79153
35.58591 139.63173
35.656574 139.7006
35.659374 139.69841
35.70596 139.7166
35.639652 139.59908
35.64914 139.69937
35.656593 139.5441
35.57779 139.55855
35.73045 139.74783
35.719086 139.73146
35.648445 139.70184
35.67352 139.69125
35.661846 139.69981
35.561623 139.5751
35.667324 139.77719
35.62519 139.77542
35.561535 139.57455
35.657776 139.5444
35.685963 139.73647
35.70948 139.72847
35.778458 139.76071
35.69887 139.7705
35.62408 139.73254
35.674995 139.76416
35.667 139.6922
35.6891 139.69374
35.671867 139.74643
35.66099 139.70958
35.672253 139.70549
35.711693 139.77731
35.629456 139.65836
35.628704 139.65793
35.662647 139.71187
35.768524 139.87074
35.66099 139.70958
35.6619 139.70894
35.576298 139.65565
35.627758 139.73502
35.689617 139.76166
35.646168 139.7079
35.651043 139.54433
35.6425 139.74597
35.643646 139.74432
35.664276 139.70302
35.643124 139.74146
35.681633 139.69283
35.695065 139.74783
35.629456 139.65836
35.586815 139.63
35.657726 139.70015
35.678375 139.78664
35.756912 139.87563
35.729393 139.71004
35.70427 139.77072
35.732327 139.71289
35.703007 139.77167
35.697765 139.82649
35.68017 139.76845
35.703136 139.7715
35.665874 139.89305
35.73737 139.67583
35.55138 139.7884
35.658707 139.47913
35.685535 139.77484
35.632885 139.87819
35.682766 139.58765
35.64506 139.88751
35.635468 139.88432
35.77747 139.7211
35.681736 139.76485
35.655605 139.73595
35.679836 139.78006
35.63386 139.87872
35.55138 139.7884
35.596348 139.71178
35.55138 139.7884
35.54892 139.78452
35.65469 139.75708
35.65609 139.74214
35.55138 139.7884
35.699734 139.75426
35.699017 139.77463
35.64317 139.64644
35.522243 139.7323
35.70776 139.70464
35.70427 139.77072
35.689617 139.76166
35.62955 139.77626
35.71148 139.61125
35.587425 139.72783
35.75007 139.58621
35.682343 139.77267
35.6387 139.74004
35.663807 139.87218
35.67049 139.76562
35.601242 139.7679
35.662876 139.73146
35.670544 139.71785
35.74453 139.7286
35.659164 139.75255
35.63026 139.73842
35.675674 139.76346
35.618824 139.73126
35.69172 139.77
35.671005 139.71852
35.64048 139.74062
35.68412 139.78047
35.54892 139.78452
35.69875 139.70302
35.7071 139.75293
35.69461 139.79405
35.737103 139.74643
35.694096 139.70987
35.695618 139.74121
35.70069 139.7464
35.581863 139.66086
35.686478 139.72905
35.65211 139.63748
35.63278 139.70389
35.63128 139.70383
35.632694 139.70367
35.651928 139.63748
35.63273 139.70372
35.633003 139.7378
35.632874 139.70387
35.663 139.76132
35.66051 139.72922
35.694218 139.70062
35.729656 139.79181
35.693047 139.74799
35.531555 139.69778
35.67979 139.7775
35.68115 139.76337
35.67253 139.73537
35.667324 139.77719
35.72961 139.70963
35.69446 139.73776
35.69031 139.84593
35.63057 139.71434
35.676 139.7651
35.680344 139.7684
35.647964 139.55885
35.55709 139.6574
35.745712 139.81908
35.61933 139.73158
35.701675 139.54547
35.626015 139.74081
35.69062 139.71162
35.652008 139.61598
35.66867 139.70596
35.692593 139.70816
35.6291 139.77737
35.681797 139.77492
35.73854 139.83769
35.665764 139.73018
35.698547 139.82626
35.69414 139.68767
35.667427 139.70758
35.681126 139.767
35.64329 139.67079
35.700634 139.54663
35.699432 139.77164
35.54892 139.78452
35.699406 139.77112
35.678852 139.76279
35.678608 139.76169
35.61279 139.54861
35.576702 139.72266
35.598248 139.71857
35.692997 139.69536
35.67141 139.77266
35.674488 139.81628
35.657127 139.54347
35.670216 139.61469
35.700573 139.742
35.655937 139.7564
35.680714 139.7782
35.597107 139.68492
35.692566 139.6987
35.695114 139.76021
35.668636 139.70563
35.572834 139.76306
35.65751 139.70203
35.662243 139.73416
35.70619 139.70657
35.653053 139.74501
35.563187 139.56877
35.68308 139.73769
35.6915 139.7717
35.691715 139.69864
35.662918 139.75995
35.69406 139.69316
35.70074 139.77188
35.631817 139.63788
35.667667 139.63171
35.68156 139.76949
35.63414 139.71672
35.597054 139.66644
35.670845 139.74586
35.67063 139.7466
