52.37952 4.8946996
52.36706 4.895987
52.374596 4.934882
52.50735 4.979642
52.366146 4.880866
52.30924 4.762187
52.35432 4.8061156
52.353092 4.855831
52.356365 4.879314
52.309685 4.761672
52.32464 4.794159
52.48476 4.7490044
52.46087 4.811379
52.37213 4.8953276
52.366776 4.8972387
52.350033 4.646553
52.31189 4.9471307
52.35839 4.8792605
52.36063 4.6483345
52.376175 4.925308
52.309017 4.761586
52.27519 4.6676183
52.30924 4.762187
52.366104 4.8995857
52.30924 4.762187
52.364113 4.889336
52.30924 4.762187
52.38622 4.8732004
52.36349 4.9268456
52.312256 4.945607
52.363842 4.834299
52.36242 4.903997
52.36663 4.893752
52.344795 4.777963
52.306496 4.7649713
52.449608 4.6784
52.372334 4.900005
52.3625 4.9105453
52.309277 4.763331
52.46547 4.9587493
52.30924 4.762187
52.360603 4.931379
52.378613 4.900546
52.30907 4.761908
52.364914 4.807958
52.38042 4.8222256
52.3388 4.8733377
52.312256 4.945607
52.317223 4.6674485
52.379627 4.897564
52.363415 4.8835516
52.297535 4.817848
52.358383 4.881052
52.37281 4.875697
52.36487 4.881551
52.30507 4.705014
52.37972 4.6319127
52.354473 4.85558
52.377506 4.8942556
52.380604 4.6383805
52.373337 4.9036074
52.297512 4.8996997
52.360867 4.9065433
52.272354 4.7935185
52.39442 4.6266155
52.31299 4.760661
52.30924 4.762187
52.372696 4.900385
52.378796 4.885484
52.40812 4.63891
52.35686 4.65196
52.364506 4.88099
52.359642 4.806527
52.37281 4.875697
52.40029 4.925966
52.364536 4.882611
52.382908 4.629
52.309612 4.773962
52.38436 4.900782
52.372696 4.900385
52.386013 4.8731766
52.28856 4.850464
52.385887 4.873885
52.30833 4.6259055
52.351566 4.873155
52.352135 4.930418
52.36318 4.8749075
52.366768 4.893239
52.497852 4.9512124
52.36363 4.882618
52.365997 4.897156
52.414154 4.6440997
52.37251 4.894219
52.386288 4.8735056
52.363873 4.882447
52.36465 4.8836
52.36403 4.8822856
52.364414 4.882709
52.364594 4.8825936
52.36457 4.883582
52.518524 4.9682884
52.30924 4.762187
52.29814 4.945995
52.25873 4.688533
52.37833 4.8453393
52.378613 4.900546
52.35108 4.885138
52.37356 4.637009
52.343193 4.817434
52.309273 4.8645043
52.38182 4.629514
52.510426 4.94461
52.510426 4.94461
52.36349 4.9268456
52.51053 4.944779
52.370285 4.8849354
52.38689 4.841448
52.366768 4.893239
52.341763 4.79015
52.380882 4.85409
52.345135 5.1797185
52.296043 4.6638765
52.38398 4.8846416
52.3249 4.7938557
52.375416 4.8460436
52.344795 4.777963
52.363842 4.834299
52.31097 4.8672223
52.376293 4.900592
52.403034 4.6554704
52.307667 4.7723794
52.34854 4.909014
52.197693 4.896641
52.369213 4.883794
52.37906 4.8944416
52.379158 4.894717
52.449184 4.8359475
52.497852 4.9512124
52.385887 4.873885
52.350033 4.646553
52.378613 4.900546
52.34889 4.937868
52.35919 4.926108
52.393463 4.627392
52.36276 4.86065
52.378613 4.900546
52.36438 4.8211274
52.38131 4.6650453
52.376617 4.9059696
52.3883 4.836858
52.34504 4.9673223
52.437496 4.860507
52.351624 4.8719616
52.255913 4.7831063
52.380928 4.8540187
52.317223 4.6674485
