52.474163 4.656902
52.30924 4.762187
52.30924 4.762187
52.376686 4.9222183
52.309685 4.761672
52.38735 4.8406067
52.36351 4.884451
52.30924 4.762187
52.3314 4.968558
52.30924 4.762187
52.339005 4.902133
52.352135 4.930418
52.40089 4.835282
52.472015 4.8000135
52.378613 4.900546
52.389862 4.904295
52.501457 4.964164
52.302063 4.9498343
52.375034 4.8838243
52.376568 4.9073696
52.31275 4.84907
52.340435 4.8428645
52.314796 4.935181
52.302097 5.0357265
52.312374 4.94756
52.35909 4.80491
52.377445 4.9074984
52.387543 4.886384
52.35104 4.8870797
52.38479 4.859048
52.376686 4.9222183
52.30641 4.691606
52.34958 4.879744
52.363483 4.882385
52.33983 4.8743224
52.371952 4.897479
52.348145 4.8772697
52.243137 4.823524
52.365326 4.935935
52.36902 4.8945165
52.313038 4.7620063
52.312496 4.7567744
52.465992 4.9514008
52.490593 4.6790757
52.40007 4.841618
52.46547 4.9587493
52.294342 4.70907
52.346508 4.9176264
52.307644 4.7704234
52.37625 4.911613
52.388847 4.8386564
52.378613 4.900546
52.308464 4.76635
52.365524 4.8981643
52.382347 4.6387577
52.365997 4.897156
52.30924 4.762187
52.37864 4.871395
52.335976 4.8642254
52.306805 4.638623
52.377846 4.844048
52.308186 4.769625
52.378613 4.900546
52.380875 4.6362786
52.31137 4.753957
52.384174 4.884729
52.36363 4.882618
52.358383 4.881052
52.3388 4.8733377
52.358383 4.881052
52.358692 4.8860083
52.375366 4.8973885
52.37789 4.6373816
52.326515 4.879781
52.33448 4.868788
52.356213 4.928913
52.259228 5.041197
52.392082 4.8341227
52.452778 4.827456
52.35417 4.954953
52.356247 4.8274665
52.451694 4.8187556
52.39359 4.629898
52.340347 4.9175897
52.36961 4.8352294
52.364853 4.8626256
52.368324 4.909483
52.393463 4.627392
52.35352 4.862203
52.36228 4.91253
52.38118 4.6300077
52.346508 4.9176264
52.36824 4.890635
52.321865 4.77475
52.369637 4.8505692
52.378613 4.900546
52.287563 4.873929
52.36154 4.9252653
52.23888 4.9733725
52.3377 4.91695
52.359615 4.6068335
52.4704 4.8396645
52.360115 4.9256296
52.388004 4.638376
52.39114 4.635753
52.35346 4.832451
52.3557 4.8265114
52.37034 4.885793
52.3795 4.8993444
52.358383 4.881052
52.35551 4.890753
52.363842 4.834299
52.38118 4.6300077
52.37339 4.8939695
52.378036 4.8441124
52.358383 4.881052
52.32171 5.0802565
52.347828 4.9540668
52.36824 4.890635
52.351063 5.004279
52.377617 4.90066
52.3388 4.8733377
52.369495 4.907069
52.3498 4.912382
52.378613 4.900546
52.38105 4.7923565
52.30924 4.762187
52.365864 4.8964643
52.38015 4.6360345
52.36609 4.896469
52.378613 4.900546
52.30924 4.762187
52.413567 4.6276226
52.301975 4.69246
52.35793 4.8562245
52.303917 4.7628922
52.365738 4.8963885
52.33185 4.920427
52.344795 4.777963
52.328396 4.9602094
52.32978 5.0671034
52.376686 4.9222183
52.486687 4.962561
52.24269 4.8167405
52.352898 4.6332293
52.36379 4.882677
52.352856 4.889798
52.36262 4.8798227
52.336426 4.886663
52.371895 4.931182
52.36363 4.882618
52.370106 4.893545
52.29568 4.973456
52.370075 4.882363
52.35218 4.932931
52.293007 4.6991444
52.366886 4.894039
52.367584 4.899065
52.362217 4.873829
52.354103 4.8939147
52.36063 4.6483345
52.26032 4.685863
52.36763 4.8941574
52.503975 5.0592766
52.38012 4.885355
52.37776 4.8944526
52.394638 4.850144
52.373066 4.9007077
52.21045 4.9190087
52.376392 4.893831
52.385998 4.6421957
52.356228 4.845647
52.348557 4.856107
52.50717 4.944062
52.372066 4.8868713
52.366226 4.8945203
52.38479 4.6705465
52.366226 4.8945203
52.38042 4.8222256
52.30581 4.7661247
52.37952 4.8946996
52.37771 4.9151587
52.34832 4.917345
52.361668 4.882462
52.378223 4.8994436
52.439034 4.824256
52.37952 4.8946996
52.35001 4.839379
52.350956 4.850386
52.50464 5.0721936
52.295696 5.1627307
52.31987 4.985882
52.37952 4.8946996
52.308323 4.765234
52.30924 4.762187
52.388004 4.638376
52.27887 4.750246
52.36295 4.899141
52.342026 4.861651
52.49589 4.9366546
52.207687 4.8789544
52.34426 4.7911177
52.383503 4.86374
52.366398 4.890914
52.388927 4.887294
52.37675 4.9052596
52.37952 4.8946996
52.30924 4.762187
52.37779 4.905469
52.449184 4.8359475
52.372566 4.9003205
52.371128 4.891938
52.296043 4.6638765
52.36422 4.882897
52.30924 4.762187
52.314434 4.9325395
52.314434 4.9325395
52.302647 4.862493
52.378613 4.900546
52.472946 4.668224
52.35726 4.992549
52.299686 5.0266776
52.364 4.936677
52.30924 4.762187
52.39659 4.8696203
52.378513 4.899672
52.378613 4.900546
52.434273 4.6442604
52.38131 4.8893824
52.309708 4.646922
52.51298 4.946443
52.363647 4.9111853
52.23481 4.834344
52.434853 4.6608343
52.375816 4.856504
52.373837 4.8833156
52.38904 4.838515
52.36363 4.882618
52.36694 4.912172
52.388905 4.8383527
52.38017 4.89215
52.297897 4.9461184
52.308323 4.765234
52.385864 4.881485
52.382904 4.6365495
52.449184 4.8359475
52.36242 4.903997
52.50464 5.0721936
52.455906 5.0499825
52.336403 4.9315014
52.365433 4.902818
52.30924 4.762187
52.33944 4.7807794
52.268696 4.748535
52.31136 4.760172
52.35346 4.832451
52.31382 4.9469695
52.34426 4.7911177
52.388226 4.660392
52.376617 4.9063816
52.315296 4.947061
52.481113 4.6703353
52.36363 4.882618
52.307957 4.9330487
52.358692 4.8860083
52.27105 4.726088
52.327057 4.962291
52.36422 4.882897
52.37733 4.8977532
52.351173 4.872093
52.354527 4.871821
52.350887 4.8232126
52.356247 4.8274665
52.30469 5.0391006
52.32582 4.950639
52.378613 4.900546
52.380238 4.63513
52.36329 4.898483
52.30924 4.762187
52.368324 4.909483
52.373356 4.8625135
52.494774 4.686184
52.34832 4.917345
52.332806 4.871957
52.321426 4.8815
52.378613 4.900546
52.359676 4.8785176
52.48771 4.7990036
52.309814 4.8513503
52.36585 4.892816
52.303978 4.7535825
52.378613 4.900546
52.303116 4.7508945
52.30456 4.754496
52.363976 4.8983727
52.369 4.889
52.393997 4.6290746
52.36242 4.903997
52.35426 4.906607
52.391052 4.6487007
52.37538 4.8958535
52.459084 4.79899
52.360966 4.908451
52.30924 4.762187
52.364998 4.895152
52.353825 4.883099
52.36957 4.892113
52.330383 4.9556923
52.359062 4.860101
52.378613 4.900546
52.43893 4.8259597
52.343193 4.817434
52.336212 4.929695
52.37457 4.63001
52.346508 4.9176264
52.367924 4.905552
52.314434 4.9416947
52.376404 4.627036
52.30924 4.762187
52.340267 4.920695
52.378613 4.900546
52.353626 4.84156
52.297024 4.706107
52.424854 4.625028
52.2935 5.080528
52.32608 5.1395845
52.334515 4.859873
52.386574 4.8779726
52.36693 5.1909113
52.45847 4.670863
52.374268 4.895685
52.35829 4.8930297
52.364117 4.883276
52.376205 4.894999
52.352463 4.90294
52.358273 4.891675
52.349953 4.918761
52.38854 4.6424103
52.3388 4.8733377
52.397186 4.848466
52.32886 4.794631
52.37007 4.9416537
52.30924 4.762187
52.338116 4.962446
52.36276 4.86065
52.309685 4.761672
52.440292 4.6507397
52.306114 4.678777
52.38694 4.8699393
52.350033 4.646553
52.338223 4.8596478
52.370384 4.894924
52.37339 4.8939695
52.38694 4.8699393
52.355877 4.8709097
52.362865 4.898306
52.3742 4.629989
52.308323 4.765234
52.37952 4.8946996
52.355537 4.9559765
52.33237 4.898583
52.38694 4.8699393
52.50869 4.949451
52.36422 4.882897
52.36363 4.882618
52.351223 4.9334483
52.352856 4.889798
52.438107 4.8139215
52.314434 4.9416947
52.366104 4.8995857
52.334213 4.866686
52.334213 4.866686
52.381844 4.637252
52.367607 5.190568
52.37591 4.894571
52.4187 4.8268294
52.289803 4.724255
52.373978 4.9363375
52.352043 4.8562613
52.352264 4.8559785
52.36663 4.9263177
52.375664 4.899269
52.35517 4.868283
52.30924 4.762187
52.312256 4.945607
52.436207 4.6497273
52.377617 4.6421666
52.364822 4.881478
52.329308 4.6698356
52.33834 4.857389
52.36462 4.8835516
52.31275 4.84907
52.342445 4.8546267
52.217636 4.936657
52.35657 4.897166
52.314434 4.9325395
52.278065 4.8457847
52.426094 4.651632
52.36242 4.903997
52.351532 4.8192997
52.29603 4.899457
52.346745 4.911146
52.37 4.8506284
52.449184 4.8359475
52.378613 4.900546
52.390045 4.887693
52.381058 5.183567
52.362247 4.883912
52.364323 4.841186
52.364536 4.882611
52.3744 4.910958
52.38436 4.900782
52.358692 4.87882
52.33737 4.816841
52.36167 4.8870106
52.387497 4.637734
52.383476 4.734807
52.353893 4.8574114
52.36912 4.6473403
52.388004 4.638376
52.288536 4.8530984
52.29595 4.9755588
52.38252 4.903539
52.34356 4.8866415
52.34118 4.7681966
52.31038 4.9388266
52.309376 4.947158
52.36457 4.913178
52.30924 4.762187
52.201878 4.88527
52.378613 4.900546
52.374413 4.886958
52.353832 4.8411098
52.372704 4.879024
52.373978 4.9363375
52.41364 4.657257
52.341515 4.964715
52.394516 4.8383074
52.381325 4.891156
52.3465 4.9181347
52.36961 4.838203
52.340687 4.88931
52.36902 4.8945165
52.383617 4.635807
52.361 4.9064846
52.35895 4.909213
52.373245 4.752271
52.379658 4.8991976
52.30924 4.762187
52.30924 4.762187
52.37581 4.9287844
52.336285 4.8865128
52.34232 5.1327505
52.366978 4.8932505
52.37339 4.8939695
52.358692 4.8860083
52.30924 4.762187
52.37033 4.885574
52.40459 4.9219213
52.27488 4.750986
52.37428 4.901244
52.54656 4.9573393
52.502544 4.9612594
52.357746 4.8915873
52.36585 4.892816
52.30924 4.762187
52.378006 4.899028
52.36585 4.892816
52.38816 4.6380544
52.342052 5.1582527
52.36663 4.893752
52.366867 4.8941545
52.496593 4.935631
52.36663 4.893752
52.36687 4.8939586
52.366093 4.8932166
52.366276 4.897666
52.30924 4.762187
52.365982 4.8936796
52.367046 4.894032
52.372265 4.8888836
52.36422 4.882897
52.382042 4.9027777
52.36982 4.886647
52.502544 4.9612594
52.36369 4.8532104
52.375572 4.8670826
52.357635 4.844386
52.374413 4.886958
52.374542 4.889231
52.497852 4.9512124
52.348145 4.8772697
52.37891 4.851416
52.309814 4.8513503
52.363754 4.8840337
52.36379 4.882677
52.35746 4.906677
52.30924 4.762187
52.30924 4.762187
52.388905 4.8383527
52.502544 4.9612594
52.37742 4.803035
52.32502 4.9266214
52.307617 4.806548
52.3377 4.91695
52.391052 4.6487007
52.478745 4.66446
52.298088 4.9601126
52.37838 4.660828
52.323444 4.9527035
52.340717 4.889751
52.336937 4.8720503
52.378613 4.900546
52.314766 4.8525043
52.211655 4.882393
52.376686 4.9222183
52.45026 4.809531
52.439987 4.823678
52.30181 4.863829
52.285763 4.780353
52.303253 4.695392
52.391285 4.6488905
52.277008 4.752016
52.303833 4.951186
52.283688 4.8314633
52.278603 4.832648
52.37047 5.181581
52.376686 4.9222183
52.37302 4.892628
52.36363 4.882618
52.33393 4.86465
52.323532 4.936563
52.46013 4.651151
52.303967 5.0692463
52.3388 4.8733377
52.449184 4.8359475
52.35355 4.83317
52.31324 5.0244637
52.384003 4.769908
52.21568 4.935007
52.365425 4.9110885
52.325516 4.938517
52.35109 4.8738866
52.376686 4.9222183
52.484127 4.6675305
52.30924 4.762187
52.302063 4.9498343
52.344135 4.9173446
52.378613 4.900546
52.360023 4.891176
52.494846 4.7640452
52.472015 4.8000135
52.30849 4.8104024
52.500095 4.9729815
52.3625 4.9105453
52.373203 4.845204
52.3625 4.9105453
52.369225 4.884099
52.37402 4.875325
52.300053 4.94505
52.295013 4.9411325
52.29386 4.9444056
52.376686 4.9222183
52.36465 4.8836
52.272984 4.9688606
52.414154 4.6440997
52.38105 4.7923565
52.234467 4.9632273
52.30895 5.142007
52.37302 4.892628
52.376686 4.9222183
52.21045 4.9190087
52.503975 5.0592766
52.393463 4.627392
52.384254 4.868124
52.378613 4.900546
52.312256 4.945607
52.34583 4.855129
52.362316 4.9108243
52.37339 4.8939695
52.362316 4.9108243
52.37952 4.8946996
52.43443 4.652612
52.4187 4.8268294
52.31041 4.75511
52.349213 4.857117
52.36462 4.8835516
52.352642 5.003554
52.297413 4.9041867
52.347717 5.1836553
52.344685 4.853361
52.35325 4.832447
52.3429 4.9084554
52.338673 4.6366305
52.45513 4.8263736
52.31269 4.9448133
52.377422 4.859705
52.379646 4.6374536
52.31987 4.985882
52.30924 4.762187
52.380806 4.636095
52.36663 4.9263177
52.374546 4.88968
52.36638 4.9110723
52.36002 4.9052453
52.362247 4.883912
52.37736 4.888737
52.36013 4.864862
52.37223 4.8789263
52.36768 4.651769
52.373863 4.9003778
52.346325 4.952278
52.433144 4.836329
52.372665 4.891625
52.511402 4.956572
52.373898 4.849332
52.36953 4.8778358
52.359596 4.890296
52.397038 4.624408
52.416283 4.6156793
52.36556 4.8957953
52.35145 4.9126697
52.376568 4.921317
52.356365 4.879314
52.366177 4.8985343
52.37107 4.882909
52.364273 4.8828864
52.36013 4.864862
52.363457 4.881803
52.385998 4.6421957
52.444458 4.8373346
52.364506 4.88099
52.37033 4.8936615
52.30924 4.762187
52.308693 4.7637005
52.38354 4.863875
52.363842 4.834299
52.358013 4.992556
52.378796 4.885484
52.379665 4.893229
52.30849 4.8104024
52.38133 4.638617
52.378765 4.849833
52.380882 4.85409
52.378548 4.8502707
52.30924 4.762187
52.37867 4.848983
52.369213 4.883794
52.374546 4.88968
