52.36136 4.8994193
52.312645 4.9440446
52.30294 4.859306
52.364822 4.881478
52.36654 4.894648
52.30331 4.859367
52.50735 4.979642
52.37048 4.8930073
52.37419 4.900295
52.366962 4.852679
52.3762 4.899548
52.40526 4.888296
52.364822 4.881478
52.38118 4.6300077
52.38145 4.635444
52.370453 4.8931084
52.381615 4.62977
52.38148 4.629969
52.38155 4.6297655
52.309273 4.8645043
52.37591 4.894571
52.34122 5.132967
52.381596 4.63244
52.383503 4.86374
52.30924 4.762187
52.43848 4.825356
52.364822 4.881478
52.30924 4.762187
52.268696 4.748535
52.366444 4.8906326
52.37529 4.907347
52.312515 4.939787
52.312256 4.945607
52.352196 4.891577
52.449184 4.8359475
52.351566 4.8915553
52.357746 4.8915873
52.359505 4.8973384
52.36002 4.9052453
52.35139 4.891279
52.386692 4.636544
52.281788 4.825632
52.3648 4.881749
52.364895 4.882339
52.36705 4.893654
52.36654 4.894648
52.34832 4.917345
52.3648 4.881749
52.379704 4.6318183
52.494816 4.810759
52.30924 4.762187
52.337433 4.8710055
52.35432 4.8061156
52.370045 4.884207
52.293007 4.6991444
52.510345 5.048993
52.376816 4.9050345
52.28248 4.706887
52.35726 4.992549
52.37302 4.892628
52.439034 4.824256
52.289455 4.7233005
52.366055 4.8932214
52.259983 4.686259
52.364216 4.877968
52.38605 4.653139
52.38605 4.653139
52.370285 4.8849354
52.30903 4.7620583
52.383053 4.688286
52.38118 4.820938
52.36663 4.893752
52.36422 4.882897
52.30924 4.762187
52.36422 4.882897
52.308945 4.761402
52.32158 4.7673264
52.312256 4.945607
52.365845 4.8974185
52.371174 4.915264
52.425743 4.646576
52.374687 4.857507
52.35139 4.891279
52.377537 4.8968897
52.363033 4.879678
52.36349 4.8843713
52.308914 4.765109
52.38436 4.900782
52.37366 4.897864
52.314434 4.9416947
52.40785 4.7706385
52.40785 4.7706385
52.488987 5.0640535
52.364456 4.8825755
52.3388 4.8733377
52.459118 5.03601
52.38182 4.629514
52.378613 4.900546
52.408943 4.6323833
52.502163 5.082366
52.41364 4.657257
52.301975 4.69246
52.373955 4.896473
52.38182 4.629514
52.378613 4.900546
52.364555 4.8837233
52.317223 4.6674485
52.36363 4.882618
52.36483 4.880536
52.361633 4.650235
52.378613 4.900546
52.21353 4.860905
52.375565 4.900705
52.378613 4.900546
52.378613 4.900546
52.50924 4.9561496
52.364822 4.881478
52.36483 4.880536
52.371296 4.8620067
52.38697 4.8700194
52.36145 4.8991437
52.32171 5.0802565
52.378716 4.8999023
52.370384 4.894924
52.497852 4.9512124
52.303295 4.6771607
52.38145 4.636801
52.370384 4.894924
52.364044 4.8829722
52.378613 4.900546
52.362247 4.883912
52.364506 4.88099
52.363705 4.903044
52.43897 4.8244157
52.310516 4.761935
52.358597 4.878925
52.36609 4.896469
52.369007 4.8887
52.35108 4.885138
52.35747 4.926745
52.30924 4.762187
52.38594 4.8714175
52.376686 4.9222183
52.321304 4.6641626
52.363644 4.939691
52.382977 4.636622
52.30518 4.7632017
52.36373 4.880299
52.365513 4.8928103
52.35888 4.807346
52.30242 4.694586
52.359013 4.8813324
52.377506 4.8942556
52.35726 4.992549
52.40898 4.647631
52.37664 4.8821707
52.371967 4.891187
52.413494 4.650523
52.30924 4.762187
52.48885 4.9655447
52.375725 4.896359
52.3778 4.88584
52.50464 5.0721936
52.358383 4.881052
52.35108 4.885138
52.48602 4.671421
52.37191 4.92639
52.37767 4.914193
52.494152 4.96859
52.380577 4.8871093
52.352337 4.856572
52.413406 4.650692
52.38083 4.63678
52.309273 4.8645043
52.374565 4.900618
52.21353 4.860905
52.35859 4.925558
52.360058 4.925846
52.361423 4.8968124
52.36003 4.9265695
52.37127 4.8937764
52.381443 4.629968
52.37119 4.8988013
52.295876 4.636114
52.38148 4.629969
52.38155 4.6297655
52.375565 4.8993692
52.381596 4.63244
52.503975 5.0592766
52.46547 4.9587493
52.366405 4.8966594
52.472553 4.7868013
52.36353 4.8530703
52.31695 4.9556065
52.373764 4.912273
52.49674 4.977728
52.372955 4.908304
52.364506 4.88099
52.361423 4.8968124
52.379665 4.885295
52.375664 4.899269
52.366405 4.8966594
52.36483 4.880536
52.314075 4.9328213
52.342445 4.8546267
52.378613 4.900546
52.24299 4.800567
52.36686 4.898664
52.403343 4.9611855
52.359596 4.890296
52.35108 4.854628
52.365192 4.9116836
52.438198 4.8159385
52.378613 4.900546
52.29923 4.849494
52.505993 4.752658
52.359596 4.890296
52.36276 4.86065
52.36003 4.9265695
52.365997 4.897156
52.365498 4.895525
52.355537 4.8915114
52.36422 4.882897
52.38114 4.638258
52.21568 4.935007
52.201336 4.898384
52.365498 4.895525
52.376816 4.9050345
52.38019 4.884229
52.367294 4.895587
52.38118 4.6300077
52.378315 4.881589
52.378315 4.881589
52.371727 4.6085267
52.35942 4.8520665
52.20843 4.8698835
52.366272 4.900202
52.37422 4.881526
52.367268 4.894523
52.38118 4.6300077
52.3625 4.9105453
52.375874 4.900017
52.35926 4.8612
52.36212 4.89885
52.366283 4.8910832
52.37366 4.897864
52.363976 4.8983727
52.340717 4.889751
52.348022 4.8770385
52.30863 4.810181
52.374546 4.89202
52.35621 4.891654
52.37453 4.8728304
52.36483 4.880536
52.36483 4.880536
52.408943 4.6323833
52.346985 4.876897
52.36623 4.896276
52.367294 4.895587
52.378613 4.900546
52.381042 4.63827
52.371986 4.891129
52.306614 4.81831
52.354855 4.792954
52.381973 4.6391053
52.37838 4.883331
52.37875 4.63758
52.36214 4.89172
52.311153 4.7613072
52.37366 4.897864
52.382378 4.893229
52.30924 4.762187
52.373634 4.8977566
52.37042 4.892842
52.34158 4.8114967
52.350273 4.832989
52.370136 4.8652444
52.346985 4.876897
52.382812 4.850873
52.3388 4.8733377
52.380985 4.854319
52.380863 4.853747
52.40404 4.6471095
52.357597 4.881878
52.341755 4.876107
52.37033 4.885574
52.37536 4.897388
52.37469 4.897307
52.366455 4.8974295
52.37302 4.892628
52.358044 4.86763
