52.377144 4.881951
52.38685 4.8689175
52.388905 4.8383527
52.38685 4.8689175
52.376686 4.9222183
52.38118 4.6300077
52.376568 4.921317
52.348408 4.8943295
52.378513 4.899672
52.388393 4.607358
52.30415 4.7624445
52.364056 4.880419
52.442726 4.8383927
52.38685 4.8689175
52.36403 4.8822856
52.378082 4.886389
52.350956 4.850386
52.30924 4.762187
52.30476 4.7661166
52.362556 4.794949
52.364822 4.881478
52.364822 4.881478
52.37366 4.897864
52.452526 5.045118
52.500652 4.8025274
52.36443 4.885216
52.37569 4.907863
52.508595 4.9498773
52.38685 4.8689175
52.455135 5.037803
52.46547 4.9587493
52.37281 4.875697
52.380917 4.638101
52.357983 4.9311633
52.38685 4.8689175
52.31695 4.9556065
52.28046 5.1424813
52.304245 4.76243
52.45438 5.037092
52.381256 4.8213243
52.38105 4.82244
52.309258 4.9464874
52.31189 4.9471307
52.456066 4.837014
52.37994 4.887539
52.391277 4.6493654
52.43851 4.825368
52.37007 4.9416537
52.35139 4.891279
52.2289 4.7447996
52.486687 4.962561
52.289253 4.853222
52.335133 4.913774
52.30924 4.762187
52.37633 4.897221
52.383476 4.734807
52.38436 4.900782
52.37034 4.885793
52.309814 4.8513503
52.37007 4.9416537
52.362247 4.883912
52.339973 4.854133
52.34832 4.917345
52.37 4.8506284
52.362247 4.883912
52.371925 4.890461
52.508495 4.949639
52.362247 4.883912
52.364822 4.881478
52.4238 4.649553
52.425743 4.646576
52.30924 4.762187
52.41364 4.657257
52.41364 4.657257
52.428116 4.642304
52.41364 4.657257
52.410107 4.6506796
52.38685 4.8689175
52.45337 4.8415804
52.287563 4.873929
52.363213 4.874987
52.36206 4.887361
52.362247 4.883912
52.374454 4.9039364
52.363316 4.8835683
52.330074 5.069416
52.301765 4.695569
52.362247 4.883912
52.30924 4.762187
52.46087 4.811379
52.437496 4.860507
52.442642 4.8086686
52.278065 4.8457847
52.356003 4.892742
52.317223 4.6674485
52.35108 4.885138
52.449184 4.8359475
52.371925 4.890461
52.38131 4.6650453
52.36403 4.8822856
52.361927 4.8828287
52.30924 4.762187
52.201336 4.898384
52.360603 4.931379
52.373966 4.896558
52.363735 4.885248
52.236824 4.8121486
52.349785 4.9111032
52.349785 4.9111032
52.37366 4.897864
52.35948 4.93976
52.38055 4.637993
52.289635 5.150326
52.30924 4.762187
52.308952 4.7612896
52.4425 4.6380544
52.36422 4.882897
52.37281 4.875697
52.32978 5.0671034
52.370834 4.9006414
52.352707 4.845616
52.358044 4.86763
52.301094 4.6966996
52.366367 4.8960547
52.362656 4.8836374
52.36654 4.894648
52.362247 4.883912
52.355766 4.9004593
52.34832 4.917345
52.335922 4.8082614
52.36702 4.909558
52.379646 4.6374536
52.374355 4.9357367
52.361244 4.8738036
52.37315 4.928744
52.362247 4.883912
52.361244 4.8738036
52.376213 4.926006
52.370625 4.9284577
52.370625 4.9284577
52.36702 4.909558
52.452526 5.045118
52.393974 4.614249
52.37302 4.892628
52.36702 4.909558
52.37281 4.875697
52.26665 4.749633
52.374344 4.905044
52.34373 4.8916197
52.314014 5.0376024
52.3625 4.9105453
52.30747 4.773774
52.349197 4.8773932
52.364555 4.8837233
52.35919 4.926108
52.375927 4.8931217
52.36663 4.893752
52.378613 4.900546
52.35432 4.8061156
52.38207 4.9202847
52.382145 4.85562
52.380302 4.888526
52.46547 4.9587493
52.38042 4.8222256
52.360447 4.925255
52.369007 4.8887
52.37925 4.636869
52.37723 4.636607
52.366234 4.896057
52.304935 4.6646833
52.497852 4.9512124
52.380985 4.854319
52.349197 4.8773932
52.380936 4.8541145
52.38103 4.8543253
52.342167 4.890048
52.30924 4.762187
52.3208 4.870241
52.31189 4.9471307
52.376686 4.9222183
52.36276 4.86065
52.456066 4.837014
52.370018 4.893272
52.309708 4.646922
52.307552 5.1564755
52.357574 4.855882
52.259228 5.041197
52.424244 4.659045
52.36702 4.909558
52.342167 4.890048
52.372143 4.875582
52.3467 4.90492
52.353477 4.855914
52.431458 4.874191
52.364933 4.88235
52.37366 4.897864
52.370018 4.893272
52.443935 4.8372674
52.364807 4.8815346
52.43113 4.812603
52.363503 4.884823
52.36003 4.9265695
52.383385 4.9173326
52.300003 4.955349
52.382812 4.850873
52.38085 4.854058
52.367294 4.895587
52.376175 4.8737254
52.374195 4.891885
52.393463 4.627392
52.293198 4.9942665
52.301105 4.665117
52.387886 4.6082497
52.371864 4.961772
52.414154 4.6440997
52.339005 4.902133
52.448967 4.637786
52.360115 4.6614695
52.35495 4.8900967
52.382862 4.8907585
52.376816 4.9050345
52.37378 4.8936367
52.367462 4.8944407
52.359238 4.926089
52.364807 4.8815346
52.296356 4.7080708
52.33018 4.9902506
52.35608 4.892693
52.378613 4.900546
52.296043 4.6638765
52.380447 4.8862123
52.50945 4.945579
52.43249 4.644971
52.30806 4.8795943
52.37267 4.900784
52.374413 4.886958
52.361492 4.899291
52.30924 4.762187
52.372955 4.908304
52.366142 4.896916
52.37457 4.63001
52.31695 4.9556065
52.383476 4.734807
52.370834 4.9006414
52.361668 4.882462
52.371986 4.891129
52.39243 4.6536846
52.36422 4.882897
52.36379 4.882677
52.374638 4.8577385
52.30863 4.810181
52.382908 4.629
52.38131 4.6650453
52.37356 4.637009
52.371746 4.636979
52.364807 4.8815346
52.38048 4.842664
52.37323 4.897177
52.380974 4.854115
52.37366 4.897864
52.30924 4.762187
52.352463 4.90294
52.31268 5.0376544
52.439064 4.824155
52.38103 4.8543253
52.35432 4.8662567
52.36609 4.896469
52.3625 4.9105453
52.38036 4.891595
52.3625 4.9105453
52.378613 4.900546
52.308598 4.767239
52.374817 4.899048
52.37302 4.892628
52.36609 4.896469
52.36422 4.882897
52.374454 4.9039364
52.341755 4.876107
52.497852 4.9512124
