52.37366 4.897864
52.37529 4.630534
52.37302 4.892628
52.30924 4.762187
52.328205 4.8020554
52.49739 5.072246
52.358044 4.86763
52.37302 4.892628
52.370285 4.8849354
52.36422 4.882897
52.36609 4.896469
52.328205 4.8020554
52.4308 4.6987014
52.409233 4.9424047
52.358044 4.86763
52.370285 4.8849354
52.286507 4.96005
52.328205 4.8020554
52.36422 4.882897
52.37302 4.892628
52.32419 5.113318
52.30924 4.762187
52.358044 4.86763
52.37302 4.892628
52.370285 4.8849354
52.36609 4.896469
52.30924 4.762187
52.358044 4.86763
52.378613 4.900546
52.30924 4.762187
52.358044 4.86763
52.370285 4.8849354
52.36609 4.896469
52.36422 4.882897
52.312885 4.761629
52.29431 4.9580016
52.358044 4.86763
52.370285 4.8849354
52.37302 4.892628
52.30924 4.762187
52.309277 4.763331
52.305996 4.704145
52.308693 4.7637005
52.373768 4.89931
52.30924 4.762187
52.378723 4.9006147
52.371452 4.8392305
52.370285 4.8849354
52.307644 4.7704234
52.336044 4.908693
52.40355 4.642318
52.409233 4.9424047
52.308582 4.768924
52.31397 4.7692466
52.358044 4.86763
52.280945 4.875994
52.36609 4.896469
52.388905 4.635743
52.36609 4.896469
52.37302 4.892628
52.36422 4.882897
52.364323 4.841186
52.461407 4.7981696
52.37278 4.928353
52.363964 4.884457
52.36609 4.896469
52.332714 5.0679207
52.377552 4.9903893
52.377552 4.9903893
52.355766 4.9004593
52.36063 4.6483345
52.327263 4.9311447
52.281 4.8364305
52.382042 4.9027777
52.41798 4.8934116
52.312645 4.9440446
52.35991 4.8637633
52.38697 4.8700194
52.21353 4.860905
52.363636 4.935608
52.380882 4.85409
52.380985 4.854319
52.380936 4.8541145
52.380547 4.854185
52.37972 4.6319127
52.36673 4.89928
52.34857 4.917949
52.32978 5.0671034
52.31324 5.0244637
52.307587 4.7652984
52.377644 4.7571287
52.36646 4.8966403
52.30924 4.762187
52.37749 4.9059176
52.306034 4.694288
52.30507 4.705014
52.497852 4.9512124
52.497852 4.9512124
52.358044 4.86763
52.37302 4.892628
52.36609 4.896469
52.309692 4.7727013
52.30924 4.762187
52.433987 4.6259446
52.30924 4.762187
52.366776 4.8913407
52.381653 4.8734236
52.30924 4.762187
52.308933 4.7521873
52.309673 4.771521
52.307613 4.8015833
52.30924 4.762187
52.30511 4.76731
52.368034 4.8903375
52.36645 4.8955007
52.31324 5.0244637
52.382862 4.8907585
52.364807 4.8815346
52.4988 4.768297
52.35698 4.891212
52.37003 4.877444
52.508896 4.9490833
52.508896 4.9490833
52.380936 4.8541145
52.38103 4.8543253
52.36654 4.894648
52.368435 4.878291
52.497852 4.9512124
52.370384 4.894924
52.364414 4.882709
52.30924 4.762187
52.372265 4.8888836
52.30907 4.761908
52.30924 4.762187
52.378613 4.900546
52.31233 4.7617097
52.30924 4.762187
52.38866 4.8389745
52.378613 4.900546
52.38895 4.8379006
52.38841 4.837318
52.389046 4.837708
52.388878 4.838007
52.389023 4.8381796
52.38888 4.837758
52.38871 4.837817
52.388218 4.8370447
52.30924 4.762187
52.400436 4.84257
52.392136 4.911219
52.309685 4.761672
52.34554 4.9091077
52.30924 4.762187
52.30924 4.762187
52.365 4.884096
52.30924 4.762187
52.30581 4.7661247
52.30907 4.761908
52.306824 4.9835014
52.308674 4.7689676
52.30924 4.762187
52.30924 4.762187
52.30924 4.762187
52.25873 4.688533
52.30924 4.762187
52.335884 4.9084806
52.37065 4.882615
52.30924 4.762187
52.316242 5.0304337
52.30924 4.762187
52.30924 4.762187
52.39291 4.9058332
52.371746 4.636979
52.30924 4.762187
52.332714 5.0679207
52.30924 4.762187
52.374065 4.890572
52.378613 4.900546
52.42874 4.832851
52.37335 4.890859
52.374065 4.890572
52.364323 4.841186
52.30924 4.762187
52.4308 4.6987014
52.30415 5.146129
52.30924 4.762187
52.309166 4.761908
52.30924 4.762187
52.30868 4.761727
52.428795 4.912345
52.24251 4.797441
52.35755 5.1829233
52.369225 4.884099
52.31233 4.7617097
52.369465 4.901366
52.43443 4.652612
52.30924 4.762187
52.30924 4.762187
52.37421 4.935007
52.366955 4.9136753
52.208805 4.8871994
52.382942 4.889517
52.36462 4.8835516
52.450405 5.03723
52.352043 4.939209
52.309715 4.762042
52.369354 4.906034
52.286507 4.96005
52.394005 4.879438
52.309658 4.760213
52.436226 4.6516843
52.319336 4.8880143
52.30924 4.762187
52.298874 4.645839
52.376686 4.9222183
52.376816 4.639996
52.30924 4.762187
52.30924 4.762187
52.378613 4.900546
