52.35746 4.906677
52.365997 4.897156
52.48476 4.7490044
52.309708 4.646922
52.30924 4.762187
52.37339 4.8939695
52.364044 4.8338985
52.362324 4.882959
52.36706 4.895987
52.38436 4.900782
52.358997 4.89177
52.376686 4.9222183
52.34832 4.917345
52.38436 4.900782
52.361984 4.827271
52.23839 4.750987
52.363842 4.834299
52.222473 4.902127
52.339195 4.8514295
52.382812 4.850873
52.373768 4.89931
52.371746 4.636979
52.382862 4.8907585
52.362324 4.882959
52.36276 4.86065
52.363415 4.8835516
52.38145 4.636801
52.455135 5.037803
52.498165 4.9586616
52.362103 4.8824844
52.378635 4.897185
52.33437 4.8890877
52.362247 4.883912
52.33378 4.9227386
52.424244 4.659045
52.336193 4.8799896
52.3388 4.8733377
52.237198 4.755474
52.386227 4.829833
52.371613 4.883178
52.314434 4.9325395
52.36422 4.882897
52.360752 4.980748
52.40118 4.6167254
52.35325 4.832447
52.37043 4.912289
52.37281 4.875697
52.30924 4.762187
52.296043 4.6638765
52.309765 4.762858
52.371838 4.89008
52.375416 4.8460436
52.294308 4.9679227
52.378323 4.91282
52.309814 4.8513503
52.38368 4.88883
52.37675 4.9052596
52.296043 4.6638765
52.297344 4.658837
52.29532 4.65824
52.486687 4.962561
52.377644 4.7571287
52.497852 4.9512124
52.315582 4.9640713
52.36415 4.884081
52.343983 4.856912
52.472904 4.6645775
52.31695 4.9556065
52.35812 4.647907
52.37972 4.6319127
52.359272 4.879705
52.376816 4.9050345
52.46698 4.825696
52.309273 4.8645043
52.448643 4.8491597
52.37771 4.9151587
52.30507 4.705014
52.373417 4.8927784
52.377506 4.8942556
52.376686 4.9222183
52.37267 4.900784
52.37788 4.625888
52.399597 4.896709
52.36706 4.895987
52.37172 4.902073
52.32978 5.0671034
52.381397 4.634739
52.32464 4.794159
52.363415 4.8835516
52.351566 4.873155
52.2522 4.756617
52.363388 4.834987
52.3539 4.911837
52.362247 4.883912
52.360897 4.906707
52.364536 4.882611
52.306313 4.637601
52.367188 4.8892164
52.383484 4.9289393
52.359207 4.8979177
52.34856 4.8927836
52.295876 4.636114
52.349953 4.9187603
52.34676 4.8741913
52.351566 4.873155
52.347786 4.9642477
52.377644 4.7571287
52.497852 4.9512124
52.378613 4.900546
52.360603 4.931379
52.317223 4.6674485
52.394157 4.6454015
52.38182 4.629514
52.378613 4.900546
52.374393 4.974146
52.369987 4.8845124
52.37123 4.6501164
52.369816 4.929038
52.369816 4.929038
52.46087 4.811379
52.38557 4.8248253
52.38131 4.6650453
52.36276 4.86065
52.377327 4.893277
52.373768 4.89931
52.306633 4.665662
52.4704 4.8396645
52.36422 4.882897
52.364456 4.8825755
52.30507 4.705014
52.368343 4.896732
52.503975 5.0592766
52.365063 4.935739
52.30849 4.8104024
52.49995 4.9774237
52.349976 4.9185815
52.549133 4.914826
52.37302 4.892628
52.37252 4.9008465
52.338303 4.935977
52.348305 4.8656344
52.289825 4.8405194
52.30273 4.859069
52.36752 4.9309187
52.37379 4.881809
52.371174 4.915264
52.454758 5.047396
52.293198 4.9942665
52.38118 4.6300077
52.377186 4.8889375
52.472946 4.668224
52.346508 4.9176264
52.364044 4.8829722
52.361984 4.827271
52.388878 4.838007
52.37833 4.8453393
52.364056 4.880419
52.34466 4.861293
52.38105 4.7923565
52.30924 4.762187
52.357983 4.9311633
52.31695 4.9556065
52.286503 4.960111
52.36422 4.882897
52.39115 4.9383497
52.30747 4.773774
52.397038 4.624408
52.36305 4.884155
52.346954 4.809903
52.20708 4.8831654
52.414154 4.6440997
52.438354 4.8189425
52.35726 4.992549
52.364975 4.878231
52.367138 4.8894267
52.325985 4.8728285
52.455135 5.037803
52.289253 4.853222
52.309814 4.8513503
52.35567 4.9072948
52.30907 4.761908
52.318474 4.9368095
52.38074 4.63818
52.438354 4.8189425
52.35746 4.906677
52.378613 4.900546
52.300003 4.955349
52.201878 4.88527
52.373634 4.8977566
52.373634 4.8977566
52.37281 4.875697
52.374775 4.8973346
52.433434 4.9972773
52.37366 4.897864
52.388004 4.638376
52.500607 4.964427
52.362766 4.909838
52.344406 4.8365707
52.37356 4.637009
52.371746 4.636979
52.50945 4.945579
52.486687 4.962561
52.362103 4.8824844
52.368855 4.888905
52.278065 4.8457847
52.377644 4.7571287
52.29632 5.16138
52.352135 4.930418
52.355305 4.8397083
52.293198 4.9942665
52.497852 4.9512124
52.361797 4.864395
52.37007 4.9416537
52.35108 4.885138
52.461407 4.7981696
52.38816 4.6380544
52.36718 4.8968225
52.388817 4.837964
52.35726 4.992549
52.317223 4.6674485
52.308464 4.76635
52.33834 4.857389
52.303364 4.700279
52.39594 4.870019
52.378613 4.900546
52.380882 4.85409
52.380936 4.8541145
52.355537 4.9559765
52.36276 4.86065
52.355816 4.9108887
52.375416 4.8460436
52.380524 4.8993874
52.378613 4.900546
52.380974 4.854115
52.365955 4.897077
52.31543 4.996018
52.382812 4.850873
52.38449 4.8511915
