52.331974 4.887099
52.45847 4.670863
52.511723 4.9586196
52.376263 4.891453
52.34135 4.869908
52.51356 4.992981
52.51644 4.9937434
52.371944 4.638808
52.371334 4.6402135
52.37274 4.883575
52.34022 4.873933
52.370163 4.6537657
52.34832 4.917345
52.347736 4.9194913
52.376686 4.9222183
52.373573 4.8930063
52.373573 4.893787
52.310028 4.947011
52.301975 4.692437
52.392517 4.8481216
52.363644 4.939691
52.301853 4.6933575
52.31695 5.0206738
52.367985 4.805691
52.294445 4.958254
52.28593 4.913383
52.36167 4.8870106
52.303066 4.762838
52.312813 4.950757
52.369164 4.6138816
52.310028 4.9504566
52.302708 4.9387827
52.36302 4.891963
52.364098 4.8814487
52.38078 4.628341
52.378613 4.900546
52.34959 4.874019
52.349987 4.911498
52.306805 4.638623
52.363316 4.8835683
52.277218 4.7526383
52.416145 4.826007
52.385315 4.851746
52.342026 4.9646525
52.302097 5.0357265
52.301323 4.6648655
52.378613 4.900546
52.3377 4.91695
52.368042 4.9163656
52.37172 4.902073
52.301975 4.69246
52.361042 4.872321
52.364853 4.8626256
52.36967 4.929741
52.357803 4.656363
52.347736 4.9194913
52.337135 4.873059
52.309673 4.771521
52.356 4.895718
52.27887 4.750246
52.3793 4.637722
52.38584 4.848029
52.314026 4.6948
52.373333 4.8879004
52.37487 4.895569
52.334213 4.866686
52.334213 4.866686
52.4187 4.8268294
52.30924 4.762187
52.307384 4.9472294
52.344902 4.917378
52.36517 4.864078
52.380043 4.891987
52.35293 4.882982
52.41771 4.826691
52.301067 4.844468
52.40137 4.891188
52.29928 5.039308
52.336468 4.8853755
52.342564 4.7843957
52.36363 4.882618
52.301987 4.692631
52.34725 4.8560805
52.337116 4.890565
52.378613 4.900546
52.353645 4.8417945
52.380203 4.640779
52.309822 4.8115034
52.39156 4.8424735
52.344795 4.777963
52.302097 5.0357265
52.307644 4.7704234
52.32608 5.1395845
52.35726 4.992549
52.375675 4.887795
52.345505 4.81133
52.366962 4.852679
52.3377 4.91695
52.346504 4.867787
52.337498 4.85651
52.311283 4.846727
52.220215 4.933462
52.309742 4.950518
52.31337 4.950573
52.30729 4.947624
52.30924 4.762187
52.41628 4.824661
52.361927 4.8828287
52.344322 4.836551
52.31231 5.0250435
52.31231 5.0250435
52.34705 4.842574
52.2923 4.85477
52.31472 4.953853
52.376686 4.9222183
52.387707 4.8348804
52.50053 4.962883
52.383453 4.63274
52.36793 4.834079
52.51299 4.960085
52.312374 4.94756
52.30924 4.762187
52.314796 4.935181
52.327618 4.9644637
52.353752 4.892822
52.357746 4.8915873
52.348267 4.8841524
52.340927 4.845775
52.37339 4.8939695
52.308754 4.951873
52.363483 4.882385
52.499084 4.6997023
52.259983 4.686259
52.380207 4.639444
52.38182 4.629514
52.327057 4.962291
52.312798 4.9404078
52.365433 4.880206
52.34158 4.7922707
52.34144 4.7925096
52.373356 4.8625135
52.35095 5.183164
52.352753 4.903008
52.37345 4.8867393
52.403675 4.649749
52.34188 4.6782174
52.307358 4.765243
52.358383 4.881052
52.385727 4.649326
52.36363 4.882618
52.30924 4.762187
52.259438 4.794903
52.38554 4.921714
52.307053 4.769201
52.376686 4.9222183
52.308952 4.7612896
52.306824 4.9835014
52.339767 4.8729525
52.40648 4.6409726
52.390053 4.905224
52.414776 4.8642826
52.49581 4.938322
52.30924 4.762187
52.36722 4.903761
52.388004 4.638376
52.3089 4.7614574
52.38584 4.848029
52.371944 4.638808
52.371334 4.6402135
52.276962 4.7470593
52.372562 4.629772
52.363483 4.882385
52.258575 4.685433
52.370163 4.6537657
52.43219 4.8144445
52.34825 4.82471
52.290516 4.7212
52.392612 4.820536
52.328266 4.7330456
52.35888 4.807346
52.312813 4.950757
52.2923 4.85477
52.388905 4.8383527
52.37667 4.922225
52.419724 4.631381
52.30924 4.762187
52.32544 4.950864
52.376312 4.9059
52.30924 4.762187
52.51299 4.960085
52.336468 4.8853755
52.348347 4.857616
52.33372 4.8886333
52.346508 4.9176264
52.378048 4.8820863
52.388096 4.821274
52.436348 4.915201
52.30785 5.142803
52.303825 4.69344
52.378613 4.900546
52.486687 4.962561
52.336468 4.8853755
52.380524 4.8993874
52.334213 4.866686
52.36363 4.882618
52.437027 4.8077703
52.349987 4.911498
52.30408 4.7501254
52.378613 4.900546
52.28055 4.838935
52.357456 4.930698
52.36265 4.88567
52.382957 4.671632
52.375675 4.887795
52.359394 4.878161
52.36422 4.882897
52.339195 4.8514295
52.364536 4.8924947
52.374454 4.9039364
52.31189 4.9471307
52.30751 4.759012
52.38445 4.86596
52.387806 4.838472
52.36276 4.86065
52.343384 4.8465533
52.35698 4.8915663
52.36002 4.9052453
52.410313 4.847445
52.30924 4.762187
52.337498 4.85651
52.289066 4.840178
52.33706 4.9287434
52.38268 4.9206877
52.307316 4.757153
52.30924 4.762187
52.29166 4.7013216
52.357132 4.874527
52.334213 4.866686
52.372627 4.8947525
52.34588 4.916296
52.37125 4.927411
52.31534 4.927597
52.37282 4.624193
52.478745 4.660471
52.312943 4.6933966
52.311153 4.7613072
52.29923 4.849494
52.41771 4.826691
52.38976 4.8376355
52.491745 4.7985363
52.270195 4.974421
52.277008 4.752016
52.358227 4.915631
52.30995 4.8465824
52.313282 4.9503064
52.310616 4.69828
52.40459 4.9219213
52.358383 4.881052
52.37383 4.891491
52.400192 4.8932934
52.392254 4.6260166
52.35888 4.807346
52.34832 4.917345
52.351425 5.171178
52.3662 4.899119
52.338604 4.8910117
52.220215 4.933462
52.278603 4.832648
52.39163 4.852822
52.349976 4.9185815
52.31122 4.7610593
52.34989 4.8639607
52.314434 4.9416947
52.343193 4.817434
52.3388 4.8733377
52.35888 4.807346
52.32899 4.956179
52.388226 4.660392
52.301216 4.6931195
52.31269 4.9432254
52.331024 4.876206
52.404488 4.895064
52.390934 4.830323
52.388905 4.8383527
52.315052 4.9538617
52.33381 4.957364
52.336132 4.7803187
52.353752 4.892822
52.368744 4.882258
52.294964 4.683051
52.309097 4.947598
52.348366 4.917521
52.37421 4.935007
52.381325 4.891156
52.378513 4.899672
52.404003 4.636028
52.387802 4.6332307
52.347736 4.9194913
52.314686 4.954224
52.38047 4.888286
52.508724 4.9482036
52.342564 4.7843957
52.329105 4.956397
52.30924 4.762187
52.384106 4.868551
52.489246 4.884263
52.372627 4.8947525
52.3651 4.884327
52.30924 4.762187
52.337135 4.873059
52.397038 4.624408
52.333885 4.931102
52.30529 4.766954
52.291603 4.6991873
52.29167 4.7004805
52.30924 4.762187
52.36422 4.882897
52.370384 4.894924
52.344162 4.8478136
52.357746 4.899449
52.388905 4.8383527
52.380577 4.627891
52.312813 4.950757
52.37943 4.6334615
52.494404 4.952805
52.316666 5.02505
52.379726 4.9002028
52.34825 4.82471
52.301975 4.69246
52.47532 4.6564574
52.370834 4.9006414
52.3571 4.883138
52.338856 4.840996
52.35741 4.9100814
52.364647 4.882028
52.36462 4.8835516
52.30924 4.762187
52.334515 4.859873
52.37908 4.7509356
52.376766 4.897883
52.34832 4.917345
52.37952 4.8946996
52.379868 4.751881
52.306805 4.638623
52.306744 4.6379933
52.306744 4.6379933
52.294613 4.9573903
52.404182 4.627497
52.437027 4.8077703
52.376698 4.6336765
52.511723 4.9586196
52.41364 4.657257
52.370346 4.884015
52.378613 4.900546
52.308754 4.951873
52.37033 4.8936615
52.43387 4.6512957
52.496593 4.935631
52.346508 4.9176264
52.341755 4.876107
52.363216 4.6261787
52.35948 4.93976
52.457024 4.815819
52.357597 4.881878
52.37082 4.898046
52.36994 4.836476
52.340717 4.889751
52.370678 4.896621
52.30924 4.762187
52.50086 5.0539823
52.340385 4.872576
52.292847 4.7042284
52.49411 5.069598
52.348362 4.9156876
52.346508 4.9176264
52.358383 4.881052
52.307957 4.9330487
52.38816 4.6380544
52.376293 4.900592
52.38895 4.8379006
52.461143 4.645222
52.38905 4.838426
52.38032 4.632584
52.388767 4.8381376
52.292847 4.7042284
52.343456 4.917726
52.38876 4.838081
52.390083 4.8404217
52.378036 4.8441124
52.3128 4.9385247
52.385315 4.851746
52.303833 4.951186
52.35442 4.83348
52.30924 4.762187
52.33448 4.868788
52.350273 4.832989
52.34008 4.8239684
52.38816 4.6380544
52.32464 4.794159
52.358383 4.881052
52.323643 4.936509
52.517994 4.973612
52.50086 5.0539823
52.31231 5.0250435
52.334633 4.862051
52.38812 4.8419666
52.262413 4.777571
52.314434 4.9416947
52.30924 4.762187
52.339916 4.873086
52.340717 4.889751
52.359142 4.883773
52.37125 4.927411
52.30924 4.762187
52.481113 4.6703353
52.30518 4.9457426
52.378613 4.900546
52.303257 4.945607
52.390083 4.8404217
52.324226 4.6535707
52.341755 4.876107
52.341755 4.876107
52.3366 4.873519
52.370373 4.883181
52.373962 4.9168744
52.34876 4.89966
52.378613 4.900546
52.378613 4.900546
52.37453 4.8728304
52.36302 4.891963
52.285305 4.8407855
52.312813 4.950757
52.34156 4.827142
52.30924 4.762187
52.312366 5.043529
52.314434 4.9416947
52.38916 4.611093
52.30849 4.8104024
52.36556 4.8989367
52.309055 4.761801
52.358383 4.881052
52.390083 4.8404217
52.290516 4.7212
52.403885 4.8887873
52.332714 5.0679207
52.373383 4.853311
52.30924 4.762187
52.3126 4.9488664
52.39505 4.618478
52.359016 4.9087834
52.329105 4.956397
52.340885 4.829961
52.375725 4.896359
52.301975 4.69246
52.37862 4.908056
52.29595 4.9755588
52.31165 5.0434566
52.35293 4.882982
52.36551 4.8986015
52.34043 4.8904805
52.3599 4.8981643
52.359016 4.9087834
52.294823 4.976035
52.35728 4.88048
52.30849 4.8104024
52.340717 4.889751
52.51356 4.992981
52.35988 4.885161
52.30273 4.859069
52.339195 4.7802463
52.360603 4.931379
52.378613 4.900546
52.438107 4.8139215
52.457024 4.815819
52.392254 4.6260166
52.307865 4.9362783
52.34588 4.916296
52.341755 4.876107
52.393463 4.627392
52.33737 4.816841
52.358227 4.915631
52.37366 4.897864
52.346508 4.9176264
52.220215 4.933462
52.496593 4.935631
52.364647 4.882028
52.369614 4.8911743
52.30903 4.7620583
52.30903 4.7620583
52.36462 4.8835516
52.379 4.821245
52.403885 4.8887873
52.333576 4.867669
52.360306 4.890408
52.497852 4.9512124
52.31389 5.0269313
52.392193 4.8776464
52.37377 4.88189
52.328396 4.9602094
52.336792 4.873644
52.36363 4.882618
52.370384 4.894924
52.329365 4.956288
52.3263 4.930308
52.367672 4.9251585
52.366768 4.893239
52.36766 4.9003744
52.312073 4.762107
52.353752 4.892822
52.34832 4.917345
52.357597 4.881878
52.34751 4.918886
52.38436 4.900782
52.39163 4.852822
52.468548 4.795521
52.388226 4.660392
52.388905 4.8383527
52.359325 4.6543293
52.359303 4.6540985
52.38436 4.900782
52.349506 4.903924
52.36363 4.882618
52.29826 5.042128
52.381474 4.63563
52.316307 4.956573
52.31189 4.9471307
52.201336 4.898384
52.386913 4.6382475
52.3015 4.75066
52.50735 4.979642
52.301605 4.7507763
52.33243 4.965181
52.37069 4.8981404
52.340717 4.889751
52.337376 4.8738036
52.37082 4.898046
52.378613 4.900546
52.346508 4.9176264
52.36991 4.9539037
52.362904 4.885136
52.35909 4.80491
52.30924 4.762187
52.379726 4.9002028
52.368843 4.888619
52.353752 4.892822
52.37332 4.906606
52.292847 4.7042284
52.358597 4.878925
52.35202 5.001601
52.357258 4.891235
52.36776 4.8897047
52.292847 4.7042284
52.291256 4.984145
52.302097 5.0357265
52.500607 4.9933276
52.35744 4.930185
52.369465 4.901366
52.371864 4.961772
52.30913 4.9461775
52.362244 4.880557
52.390934 4.6675324
52.35736 4.930544
52.343407 4.8465586
52.39661 4.642756
52.366768 4.893239
52.369465 4.901366
52.30924 4.762187
52.292847 4.7042284
52.36872 4.889201
52.49061 5.065362
52.381596 4.63244
52.340885 4.829961
52.380962 4.888833
52.31184 4.756839
52.49061 5.065362
52.30924 4.762187
52.371307 4.881084
52.361927 4.8828287
52.37302 4.892628
52.35952 4.80553
52.359062 4.860101
52.335117 4.9191923
52.358963 4.891738
52.35736 4.930544
52.35744 4.930185
52.30924 4.762187
52.35736 4.930544
52.35744 4.930185
52.35744 4.930185
52.35744 4.930185
52.30408 4.7501254
52.37421 4.935007
52.35736 4.930544
52.35736 4.930544
52.354595 4.8888516
52.292847 4.7042284
52.340252 4.8747077
52.35736 4.930544
52.40459 4.9219213
52.307594 4.757449
52.297024 4.706107
52.35746 4.906677
52.326653 4.874916
52.380947 4.6389923
