52.37788 4.625888
52.36242 4.903997
52.378613 4.900546
52.29603 4.899457
52.364098 4.8814487
52.341972 4.874817
52.36706 4.895987
52.366394 4.891091
52.3097 4.7626376
52.377144 4.881951
52.428795 4.912345
52.369892 4.880976
52.381477 4.635318
52.3396 4.8731318
52.351566 4.873155
52.30924 4.762187
52.394524 4.6419168
52.39711 4.6431804
52.3539 4.911837
52.300957 4.692034
52.31279 5.04302
52.40282 5.1742835
52.308643 4.7621555
52.323467 4.9719086
52.267555 5.134156
52.36645 4.890474
52.37379 4.881809
52.362247 4.883912
52.37453 4.9005227
52.364975 4.878231
52.317738 4.654331
52.376453 4.6344504
52.35325 4.832447
52.3691 4.87898
52.35087 4.906417
52.33079 4.852656
52.36329 4.919616
52.365284 4.8855586
52.3795 4.8999023
52.378613 4.900546
52.3778 4.885876
52.30164 4.6643386
52.391647 5.1855545
52.46087 4.8139157
52.34466 4.861293
52.39243 4.6536846
52.378613 4.900546
52.37281 4.875697
52.344795 4.777963
52.362247 4.883912
52.379547 4.8975525
52.349953 4.9187603
52.369827 4.880415
52.36706 4.895987
52.31695 4.9556065
52.349976 4.9185815
52.3633 4.847473
52.366795 4.871083
52.48602 4.671421
52.35108 4.885138
52.348763 4.8933363
52.346012 4.8949146
52.339195 4.8514295
52.376175 4.8737254
52.362247 4.883912
52.49589 4.9366546
52.350536 4.898317
52.32978 5.0671034
52.368443 4.887928
52.36964 4.8912344
52.393463 4.627392
52.362247 4.883912
52.46547 4.9587493
52.35746 4.906677
52.511402 4.956572
52.38717 4.833329
52.36363 4.882618
52.410507 4.645214
52.362247 4.883912
52.36276 4.86065
52.36939 4.8511505
52.50464 5.0721936
52.318253 4.6412163
52.376312 4.9059
52.378513 4.899672
52.309708 4.646922
52.347 4.7512026
52.364822 4.864502
52.35922 4.914345
52.378613 4.900546
52.30924 4.762187
52.362247 4.883912
52.364506 4.88099
52.366776 4.8913407
52.440292 4.6507397
52.37582 4.884079
52.472015 4.8000135
52.372334 4.900005
52.36373 4.881715
52.35283 4.856726
52.505463 4.7658777
52.3672 4.89642
52.280933 4.8555923
52.37047 5.181581
52.302914 4.8592033
52.372566 4.9003205
52.380054 4.8988295
52.510506 4.9450417
52.30924 4.762187
52.37356 4.637009
52.309055 4.761801
52.35942 4.8520665
52.361057 4.916253
52.424244 4.659045
52.298687 4.862643
52.36241 4.8325996
52.32085 4.8480177
52.46547 4.9587493
52.370384 4.894924
52.36392 4.898447
52.36609 4.896469
52.37302 4.892628
52.358044 4.86763
52.370285 4.8849354
52.36422 4.882897
52.377644 4.7571287
52.35209 4.865195
52.30924 4.762187
52.362247 4.883912
52.363445 4.885372
52.37843 4.9000535
52.364338 4.882705
52.36663 4.893752
52.360756 4.9289846
52.364807 4.8815346
52.30924 4.762187
52.37142 4.884324
52.375816 4.856504
52.36663 4.9263177
52.30924 4.762187
52.370712 4.6632566
52.3625 4.9105453
52.30873 4.8776608
52.362247 4.883912
52.434853 4.6608343
52.37007 4.9416537
52.297024 4.706107
52.362247 4.883912
52.293007 4.6991444
52.308582 4.768924
52.36063 4.6483345
52.30924 4.762187
52.35698 4.8915663
52.362247 4.883912
52.361797 4.864395
52.364807 4.8815346
52.30924 4.762187
52.32419 5.113318
52.299686 5.0266776
52.320557 5.1405325
52.30924 4.762187
52.364822 4.864502
52.37366 4.897864
52.373177 4.900128
52.377506 4.8942556
52.376568 4.921317
52.38109 4.912734
52.37569 4.9003105
52.372738 4.9000926
52.373863 4.9003778
52.374207 4.9002194
52.207916 4.857043
52.34071 4.932334
52.376686 4.9222183
52.366337 4.896341
52.317223 4.6674485
52.37665 4.8991356
52.365997 4.897156
52.393204 4.849225
52.32978 5.0671034
52.46547 4.9587493
52.29923 4.849494
52.37477 4.890734
52.30924 4.762187
52.46547 4.9587493
52.364536 4.882611
52.50961 4.9686027
52.367645 4.893886
52.38042 4.8222256
52.383476 4.734807
52.366776 4.8913407
52.254185 4.8072815
52.50945 4.945579
52.486687 4.962561
52.36585 4.89541
52.366146 4.880866
52.300003 4.955349
52.36002 4.9052453
52.34976 5.014615
52.499084 4.6997023
52.376686 4.9222183
52.364807 4.8815346
52.364536 4.882611
52.380974 4.854115
52.50735 4.979642
52.3498 4.912382
52.376 4.6561866
52.36422 4.882897
52.376 4.6561866
52.294308 4.9679227
52.2765 4.7975564
52.3625 4.9105453
52.382145 4.85562
52.54307 4.892489
52.312115 5.050847
52.359406 4.894073
52.393463 4.627392
52.347786 4.9642477
52.37366 4.897864
52.39243 4.6536846
52.371986 4.891129
52.31427 4.751301
52.30924 4.762187
52.364117 4.883276
52.497852 4.9512124
52.36063 4.6483345
52.49618 4.990989
52.335564 4.848275
52.35256 4.9393134
52.493515 4.678921
52.38131 4.6650453
52.388004 4.638376
52.370712 4.6632566
52.36378 4.88399
52.32544 4.950864
52.309055 4.761801
52.309227 4.7621226
52.309895 4.7643757
52.307148 4.6525493
52.350536 4.898317
52.37356 4.637009
52.371746 4.636979
52.364433 4.87986
52.359016 4.9108405
52.36349 4.8843713
52.357582 4.8339415
52.37359 4.89323
52.31695 4.9556065
52.374413 4.886958
52.306114 4.678777
52.367294 4.895587
52.382145 4.85562
52.380936 4.8541145
52.380985 4.854319
52.381523 4.8555994
52.380985 4.854319
