52.343193 4.817434
52.3392 4.7786236
52.378445 4.63518
52.382347 4.6387577
52.35988 4.885161
52.30924 4.762187
52.359753 4.883852
52.48885 4.9655447
52.317223 4.6674485
52.314434 4.9325395
52.358044 4.86763
52.29856 4.647002
52.37999 4.6304555
52.37302 4.892628
52.37302 4.892628
52.36609 4.896469
52.36422 4.882897
52.345863 4.7745614
52.336044 4.908693
52.50981 4.944504
52.344795 4.777963
52.369766 4.881556
52.36422 4.882897
52.37302 4.892628
52.32419 5.113318
52.459743 5.1390696
52.302097 5.0357265
52.373417 4.8927784
52.371326 4.8930864
52.510124 4.913347
52.314434 4.9325395
52.38118 4.6300077
52.36609 4.896469
52.34832 4.917345
52.36609 4.896469
52.366776 4.8913407
52.409233 4.9424047
52.36664 4.6514225
52.328583 4.927702
52.353825 4.883099
52.286507 4.96005
52.38436 4.900782
52.365616 4.8958044
52.35624 4.8942375
52.358383 4.881052
52.376205 4.894999
52.35452 4.8326325
52.38436 4.900782
52.31534 4.927597
52.340534 4.886412
52.328205 4.8020554
52.31534 4.927597
52.372627 4.89639
52.286507 4.96005
52.445107 4.863393
52.36893 4.870592
52.49352 4.9519157
52.38881 4.8386545
52.358044 4.86763
52.372852 4.7526627
52.36609 4.896469
52.36363 4.882618
52.358044 4.86763
52.36609 4.896469
52.342052 5.1582527
52.36609 4.896469
52.45949 4.811048
52.33979 4.6562386
52.335255 4.9045205
52.392532 4.8294353
52.378613 4.900546
52.370384 4.894924
52.373867 4.894226
52.289078 4.842338
52.358044 4.86763
52.36422 4.882897
52.36651 4.869441
52.362415 4.906048
52.328205 4.8020554
52.36422 4.882897
52.328205 4.8020554
52.486687 4.962561
52.268696 4.748535
52.366764 4.893776
52.33581 4.87476
52.409233 4.9424047
52.320557 5.1405325
52.3116 4.847819
52.393997 4.6290746
52.3689 4.883692
52.378513 4.899672
52.392612 4.820536
52.380302 4.888526
52.36363 4.882618
52.36363 4.882618
52.307644 4.7704234
52.381462 4.6359353
52.320683 4.873716
52.381336 4.8992586
52.324245 4.884459
52.38436 4.900782
52.29367 4.9455
52.381523 4.636385
52.31332 5.0274506
52.517937 5.073212
52.35511 4.8908052
52.36663 4.9263177
52.364017 4.8931494
52.366447 4.8670487
52.382862 4.8907585
52.375557 4.8978505
52.37366 4.897864
52.373768 4.89931
52.34122 5.132967
52.358044 4.86763
52.362415 4.906048
52.362415 4.906048
52.370285 4.8849354
52.382576 4.6375537
52.36422 4.882897
52.30924 4.762187
52.375782 4.907799
52.357574 5.1828003
52.359318 4.8825765
52.359596 4.8832726
52.370285 4.8849354
52.343193 4.817434
52.37302 4.892628
52.36422 4.882897
52.48602 4.671421
52.35851 4.903604
52.43897 4.8244157
52.377422 4.859705
52.32419 5.113318
52.369 4.889
52.375664 4.899269
52.371128 4.891938
52.386898 4.9086223
52.222374 4.9047985
52.36379 4.882677
52.378613 4.900546
52.380302 4.888526
52.38448 4.8751006
52.38586 4.873917
52.358044 4.86763
52.378613 4.900546
52.54307 4.892489
52.37302 4.892628
52.370285 4.8849354
52.351307 4.8561716
52.369503 4.851027
52.393463 4.627392
52.37806 4.8031754
52.49894 4.9546967
52.358383 4.881052
52.495186 4.9536004
52.354958 4.8379498
52.349213 4.857117
52.35325 4.832447
52.375866 4.896627
52.313457 4.768839
52.378613 4.900546
52.358597 4.878925
52.399597 4.896709
52.491936 4.938772
52.36609 4.896469
52.320557 5.1405325
52.301975 4.69246
52.3388 4.8733377
52.37366 4.897864
52.355865 4.8928504
52.37302 4.892628
52.363964 4.884457
52.36519 4.88566
52.308403 4.946612
52.366524 4.8951263
52.388004 4.638376
52.346508 4.9176264
52.355125 4.880657
52.30924 4.762187
52.299686 5.0266776
52.321102 4.792591
52.37274 4.883575
52.378613 4.900546
52.438805 4.824924
52.363586 4.8883486
52.308136 4.7476816
52.35943 4.8653855
52.375866 4.896627
52.3498 4.912382
52.358044 4.86763
52.367657 4.892031
52.36345 4.8854218
52.444458 4.8373346
52.378613 4.900546
52.391136 4.903971
52.304146 4.8841643
52.38159 4.886271
52.380817 4.637763
52.380657 4.899366
52.376205 4.894999
52.36681 4.912166
52.348763 4.8933363
52.367004 4.890733
52.379124 4.8962126
52.38252 4.903539
52.357994 4.8908043
52.37302 4.892628
52.349304 4.621218
52.36276 4.86065
52.370003 4.877819
52.373047 4.9004407
52.360783 4.882865
52.287888 4.7552123
52.36422 4.882897
52.3691 4.87898
52.37223 4.878987
52.36145 4.8991437
52.374226 4.892252
52.51356 4.992981
52.516743 4.9820423
52.516068 4.9935265
52.322124 4.801348
52.36956 4.8791895
52.29777 4.7083387
52.30924 4.762187
52.32608 5.1395845
52.38398 4.8846416
52.201336 4.898384
52.30924 4.762187
52.309685 4.761672
52.31247 4.940963
52.352135 4.930418
52.37384 4.8751774
52.363464 4.8831944
52.37833 4.8453393
52.273403 4.7510734
52.388866 4.887576
52.363464 4.8831944
52.3396 4.8731318
52.37172 4.902073
52.367897 4.891927
52.390186 4.887616
52.37754 4.894297
52.371452 4.8392305
52.374973 4.8229756
52.375206 4.6212964
52.3388 4.8733377
52.361195 4.8994327
52.30924 4.762187
52.35988 4.885161
52.364254 4.890973
52.378613 4.900546
52.419724 4.631381
52.496067 5.0682807
52.307503 4.7572165
52.369102 4.8902545
52.363037 4.898575
52.36691 4.892698
52.355305 4.8397083
52.302063 4.9498343
52.355305 4.8397083
52.500862 4.76429
52.304146 4.8841643
52.35996 4.889222
52.452778 4.827456
52.34016 4.874334
52.314434 4.9325395
52.50493 4.7791
52.30924 4.762187
52.357788 4.833982
52.29777 4.707974
52.342445 4.8546267
52.28364 4.834391
52.370293 4.8874035
52.376953 4.920744
52.36422 4.882897
52.518337 4.979396
52.331066 4.8773074
52.314434 4.9325395
52.383476 4.734807
52.388004 4.638376
52.370384 4.894924
52.365437 4.8872
52.360867 4.9065433
52.303833 4.951186
52.36609 4.896469
52.30415 4.7624445
52.277218 4.7526383
52.405293 4.888176
52.36724 4.8912764
52.376953 4.920744
52.307842 4.756918
52.378613 4.900546
52.350285 5.181172
52.451534 5.034609
52.37533 4.895898
52.246025 4.826987
52.366108 4.897767
52.375664 4.888359
52.278603 4.832648
52.277218 4.7526383
52.277218 4.7526383
52.38086 4.968382
52.494534 4.967982
52.378613 4.900546
52.37567 4.88838
52.365433 4.902818
52.271385 4.9744873
52.376446 4.887934
52.417694 4.892857
52.37992 4.8845816
52.404064 4.6291676
52.378613 4.900546
52.295876 4.636114
52.30924 4.762187
52.388004 4.638376
52.391407 4.8783345
52.36562 4.895848
52.3741 4.894402
52.36259 4.921457
52.30469 5.0391006
52.348637 4.831493
52.496067 5.0682807
52.38666 4.6436048
52.3626 4.8879614
52.276234 4.7479844
52.349113 4.9703298
52.495377 4.7508307
52.31279 5.04302
52.48724 4.94931
52.487823 4.8121367
52.50016 4.768662
52.346508 4.9176264
52.37155 4.92556
52.308754 4.951873
52.378613 4.900546
52.36063 4.6483345
52.372665 4.891625
52.372528 4.8915563
52.362247 4.883912
52.340317 4.798909
52.39024 4.888828
52.309814 4.8513503
52.394722 4.837847
52.36363 4.882618
52.335976 4.8642254
52.34832 4.917345
52.37669 4.6416817
52.363842 4.834299
52.38069 4.646744
52.29777 4.7083387
52.38253 4.8876877
52.513943 4.993645
52.36157 4.888153
52.37302 4.892628
52.356903 4.918481
52.331326 4.6294284
52.351265 4.923695
52.278603 4.832648
52.393463 4.627392
52.366337 4.896341
52.30942 4.7636566
52.30924 4.762187
52.36776 4.8897047
52.312286 4.938641
52.378613 4.900546
52.48885 4.9655447
52.304146 4.8841643
52.39103 4.905346
52.505817 5.071574
52.358383 4.881052
52.365284 4.8855586
52.369102 4.8902545
52.356705 5.005752
52.3388 4.8733377
52.37833 4.8453393
52.49668 4.9383974
52.49645 4.9384403
52.368855 4.888905
52.296604 4.9873786
52.302097 5.0357265
52.35325 4.832447
52.37734 4.9161105
52.365433 4.902818
52.368454 4.8887577
52.368546 4.852797
52.376156 4.886229
52.449608 4.6784
52.50493 4.7791
52.494152 4.96859
52.30339 4.8578324
52.37426 4.901214
52.382 4.7840695
52.351147 4.835895
52.3963 4.906093
52.38098 4.890326
52.30924 4.762187
52.380875 4.890577
52.311077 4.9474525
52.390045 4.887693
52.306644 4.7651954
52.392136 4.911219
52.367775 4.892553
52.293198 4.9942665
52.510506 4.9454207
52.486687 4.962561
52.346657 4.918141
52.35726 4.992549
52.36997 4.8795075
52.378155 4.89553
52.37865 4.8967266
52.30924 4.762187
52.350033 4.646553
52.38019 4.8208365
52.3973 4.9518147
52.34615 4.864239
52.309895 4.7613826
52.37569 4.907863
52.21568 4.935007
52.34648 4.946541
52.369045 4.895314
52.360603 4.931379
52.388004 4.638376
52.21353 4.860905
52.37053 4.89317
52.343624 5.1524806
52.399597 4.896709
52.40047 4.6273546
52.378613 4.900546
52.35552 4.903367
52.365997 4.897156
52.365513 4.8928103
52.385784 4.636413
52.34832 4.917345
52.509987 4.9587436
52.382862 4.8907585
52.311077 4.9474525
52.3525 4.894468
52.49803 5.0524077
52.36137 4.9247503
52.378162 4.899444
52.309055 4.761801
52.33176 4.9179726
52.38479 4.6705465
52.312645 4.9440446
52.35444 4.855422
52.364426 4.8827577
52.365513 4.8928103
52.378254 4.666147
52.382862 4.8907585
52.367527 4.886851
52.37048 4.8930073
52.38436 4.900782
52.421555 4.8844852
52.378613 4.900546
52.37657 4.911726
52.312645 4.9440446
52.312645 4.9440446
52.38083 4.63678
52.3746 4.897303
52.214645 4.8614826
52.376816 4.9050345
52.37019 4.8889484
52.37133 4.8580513
52.312645 4.9440446
52.36517 4.903593
52.312115 5.050847
52.366337 4.896341
52.34897 4.9170856
52.36877 4.63823
52.37117 4.618067
52.3723 4.9008036
52.494774 4.686184
52.366337 4.896341
52.352978 4.883981
52.37339 4.8939695
52.35529 4.8900294
52.36934 4.880719
52.385998 4.6421957
52.304146 4.8841643
52.354797 4.856638
52.362415 4.906048
52.357983 4.9311633
52.37372 4.626618
52.236824 4.8121486
52.384106 4.868551
52.388004 4.638376
52.362247 4.883912
52.37172 4.902073
52.307304 4.856348
52.36228 4.91253
52.37594 4.89309
52.356613 4.890548
52.379498 4.638296
52.309685 4.761672
52.391052 4.6487007
52.38182 4.629514
52.36363 4.882618
52.373837 4.8833156
52.376816 4.9050345
52.376205 4.894999
52.46547 4.9587493
52.36836 4.889045
52.357746 4.8915873
52.44403 4.6321106
52.39044 4.836683
52.43658 4.671954
52.358425 4.867935
52.305634 4.9509616
52.30924 4.762187
52.370167 4.896691
52.38351 4.886238
52.388004 4.638376
52.30924 4.762187
52.362495 4.883746
52.376312 4.9059
52.287888 4.7552123
52.378613 4.900546
52.386253 4.6473737
52.384945 4.6483235
52.368866 4.8852253
52.30408 4.7501254
52.376816 4.639996
52.30924 4.762187
52.381767 4.9171486
52.366455 4.886298
52.373505 4.6372175
52.438107 4.8139215
52.45847 4.670863
52.50493 4.7791
52.298412 5.027377
52.314434 4.9416947
52.35829 4.8930297
52.371986 4.891129
52.362396 4.9256897
52.383354 4.885954
52.453514 4.643433
52.30924 4.762187
52.3625 4.9105453
52.380936 4.8541145
52.380913 4.854361
52.43866 4.8174434
52.382145 4.85562
52.296043 4.6638765
52.50866 4.9562426
52.304146 4.8841643
52.36363 4.882618
52.30924 4.762187
52.51519 5.0005817
52.337936 4.8729944
52.30907 4.761908
52.36609 4.896469
52.373764 4.912273
52.321953 4.942964
52.388756 4.838027
52.388905 4.8383527
52.373764 4.912273
52.36363 4.882618
52.390083 4.8404217
52.384556 4.8474383
52.38683 4.639633
52.375107 4.8839273
52.30924 4.762187
52.30745 5.142454
52.35432 4.8662567
52.37079 4.8981004
52.46698 4.825696
52.340405 4.868171
52.38069 4.821195
52.369667 4.8962064
52.330975 4.852314
52.375107 4.8839273
52.383774 4.885483
52.491184 4.6965375
52.207237 4.866838
52.309055 4.761801
52.378613 4.900546
52.341793 4.889366
52.38435 4.884002
52.346508 4.9176264
52.308315 5.125229
52.36157 4.888153
52.37339 4.8939695
52.37569 4.888104
52.353825 4.883099
52.33181 4.97909
52.438076 4.808692
52.38731 4.6680307
52.37366 4.897864
52.32502 4.9266214
52.438107 4.8139215
52.37854 4.8997107
52.35736 4.930544
52.362675 4.893501
52.36724 4.8912764
52.36363 4.882618
52.33113 4.8769073
52.36002 4.9052453
52.36562 4.895848
52.278603 4.832648
52.302994 4.8594913
52.373764 4.912273
52.457024 4.815819
52.376312 4.9059
52.312317 4.943976
52.36363 4.882618
52.355995 4.870701
52.37339 4.8939695
52.2985 4.898545
52.397217 4.94013
52.496593 4.935631
52.30924 4.762187
52.49701 4.938805
52.37255 4.893922
52.373787 4.93501
52.286507 4.96005
52.375782 4.907799
52.3625 4.9105453
52.346508 4.9176264
52.30924 4.762187
52.342552 4.8120584
52.373764 4.912273
52.30924 4.762187
52.30924 4.762187
52.312374 4.94756
52.30924 4.762187
52.293007 4.6991444
52.37366 4.897864
52.30924 4.762187
52.373245 4.752271
52.378613 4.900546
52.357574 4.855882
52.30924 4.762187
52.36363 4.882618
52.42435 4.6728544
52.49455 5.072384
52.3366 4.873519
52.373383 4.876471
52.4187 4.8268294
52.38118 4.6300077
52.35702 4.789951
52.38118 4.6300077
52.36422 4.882897
52.354164 4.8689876
52.370003 4.877819
52.400967 4.8917055
52.30924 4.762187
52.374863 4.899439
52.382 4.7840695
52.351147 4.835895
52.363842 4.834299
52.312317 4.943976
52.30907 4.761908
52.33728 4.8897314
52.440853 4.8250794
52.37363 4.903291
52.378613 4.900546
52.306114 4.678777
52.30924 4.762187
52.293198 4.9942665
52.2963 4.989056
52.358597 4.878925
52.38105 4.7923565
52.45026 4.809531
52.366425 4.895435
52.36947 4.8803687
52.37191 4.92639
52.32848 4.910323
52.37429 4.9367666
52.374344 4.905044
52.366444 4.897749
52.358383 4.881052
52.301975 4.69246
52.36654 4.8978467
52.364044 4.8829722
52.365997 4.897156
52.312317 4.943976
52.388905 4.8383527
52.382347 4.6387577
52.3625 4.9105453
52.37302 4.892628
52.36986 4.8812985
52.361126 4.900194
52.362186 4.882934
52.35143 4.935923
52.361294 4.6527615
52.35489 4.8898964
52.378624 4.8408256
52.372673 4.938665
52.40047 4.6273546
52.366886 4.894039
52.300827 4.664846
52.30164 4.6643386
52.306824 4.9835014
52.461407 4.7981696
52.438107 4.8139215
52.312317 4.943976
52.35829 4.8930297
52.346447 4.831844
52.337376 4.8738036
52.41364 4.657257
52.30924 4.762187
52.364456 4.8825755
52.35468 4.8872
52.372528 4.8915563
52.294823 4.66086
52.371014 4.856819
52.35991 4.8637633
52.359882 4.863817
52.360657 4.8653975
52.30924 4.762187
52.326 4.882601
52.382957 4.671632
52.33728 4.8897314
52.36654 4.894648
52.37011 4.830085
52.298267 4.709009
52.375107 4.8839273
52.34064 4.890487
52.37042 4.892842
52.286503 4.960111
52.312317 4.943976
52.494846 4.7640452
52.378613 4.900546
52.41858 4.651562
52.296043 4.6638765
52.424244 4.659045
52.378613 4.900546
52.343327 4.8899727
52.378704 4.9007177
52.37708 4.8952675
52.36422 4.882897
52.38069 4.646744
52.30924 4.762187
52.377953 4.630336
52.3625 4.9105453
52.381405 4.6362333
52.37047 5.181581
52.30924 4.762187
52.26991 4.973579
52.36663 4.893752
52.378613 4.900546
52.35539 4.7797947
52.3624 4.891923
52.302097 5.0357265
52.355347 4.928691
52.366535 4.890217
52.30924 4.762187
52.36654 4.894648
52.379665 4.632035
52.376896 4.8820324
52.3802 4.88451
52.38377 4.880405
52.371925 4.890461
52.365013 4.863464
52.377117 4.633266
52.358383 4.881052
52.307644 4.7704234
52.36999 4.881589
52.354237 4.9128304
52.3625 4.9105453
52.30924 4.762187
52.397038 4.624408
52.314075 4.9328213
52.375816 4.856504
52.37952 4.8946996
52.30907 4.761908
52.30924 4.762187
52.3691 4.87898
52.376686 4.9222183
52.37569 4.907863
52.372063 4.899466
52.314075 4.9328213
52.33298 4.7364416
52.368206 4.8906894
52.301765 4.695569
52.36242 4.903997
52.37664 4.8821707
52.377705 4.635758
52.358597 4.878925
52.37019 4.8889484
52.38341 4.64713
52.370453 4.8931084
52.382957 4.6402473
52.3625 4.9105453
52.36242 4.903997
52.37571 4.900653
52.378082 4.886389
52.374413 4.886958
52.361492 4.899291
52.343983 4.856912
52.278065 4.968928
52.359985 4.863564
52.376686 4.9222183
52.308186 4.769625
52.356987 4.891047
52.30734 4.773345
52.374058 4.8838577
52.349865 4.7858334
