52.37302 4.892628
52.50087 4.9931583
52.370285 4.8849354
52.37358 4.887872
52.294556 4.768647
52.296856 4.888237
52.309105 4.943825
52.390053 4.905224
52.388905 4.8383527
52.377747 4.9161243
52.376686 4.9222183
52.291256 4.984145
52.350796 4.841223
52.37444 4.891335
52.377983 4.8998594
52.33983 4.8743224
52.393486 4.6394606
52.36157 4.888153
52.30415 4.8710203
52.388016 4.8426533
52.354782 4.932992
52.497704 4.7568197
52.368015 4.9161243
52.325512 4.930141
52.30924 4.762187
52.30873 4.763207
52.37569 4.888104
52.366444 4.897749
52.336758 4.77815
52.309097 4.947598
52.43567 4.6770678
52.363415 4.8835516
52.29415 4.9570656
52.34504 4.9673223
52.353893 4.9304814
52.37569 4.888104
52.29503 4.94371
52.38422 4.884563
52.33367 4.789283
52.34588 4.916296
52.376625 4.922054
52.34063 4.9192023
52.309265 4.7603483
52.331573 4.857295
52.368015 4.9161243
52.378513 4.899672
52.30924 4.762187
52.371223 4.8907185
52.214645 4.8614826
52.201878 4.88527
52.376625 4.922054
52.303833 4.951186
52.37069 4.8981404
52.48724 4.94931
52.368015 4.9161243
52.378613 4.900546
52.37082 4.898046
52.361195 4.8994327
52.2923 4.85477
52.368015 4.9161243
52.304146 4.8841643
52.450054 5.0365825
52.30331 4.859367
52.36333 4.892177
52.306805 4.638623
52.30924 4.762187
52.51144 4.7796516
52.30924 4.762187
52.377396 4.887556
52.33556 4.8601785
52.372627 4.8947525
52.380043 4.891987
52.323925 4.8660097
52.304558 4.7618933
52.36568 4.890976
52.337135 4.873059
52.367775 4.892553
52.375782 4.907799
52.379414 4.874276
52.419724 4.631381
52.379726 4.9002028
52.288235 4.8397217
52.358044 4.86763
52.30907 4.761908
52.358578 4.87898
52.30924 4.762187
52.36567 4.8856115
52.347717 5.184978
52.292904 4.961967
52.343193 4.817434
52.364555 4.8837233
52.288937 4.8396277
52.334328 5.0713277
52.43443 4.652612
52.43443 4.652612
52.31389 5.0269313
52.34832 4.917345
52.380917 4.638101
52.378613 4.900546
52.34832 4.917345
52.375145 4.9000897
52.38195 4.6379633
52.35927 4.8894525
52.30924 4.762187
52.291157 4.7340775
52.32911 4.7852325
52.361187 4.915082
52.396 4.927003
52.306114 4.678777
52.377983 4.8998594
52.30408 4.7501254
52.3626 4.8879614
52.375607 4.896791
52.375034 4.8838243
52.30924 4.762187
52.30924 4.762187
52.33456 4.861557
52.33207 4.878477
52.30339 4.8578324
52.37302 4.892628
52.384045 4.9058995
52.340435 4.8428645
52.370285 4.8849354
52.371613 4.883178
52.367016 4.891587
52.362484 4.8987007
52.363415 4.8835516
52.293503 4.8332005
52.33559 4.859955
52.336697 4.873404
52.30164 4.6643386
52.385765 4.874711
52.341003 4.858269
52.301567 4.6643577
52.30924 4.762187
52.30924 4.762187
52.40007 4.841618
52.31275 4.945459
52.309017 4.761586
52.30824 4.769229
52.30924 4.762187
52.363174 4.898465
52.30924 4.762187
52.303123 4.953117
52.36511 4.935754
52.37383 4.891491
52.310417 4.6813755
52.383595 4.635737
52.303272 4.7492943
52.352104 4.856568
52.376564 4.86906
52.30924 4.762187
52.347538 4.8560534
52.34702 4.894993
52.378613 4.900546
52.36514 4.884677
52.351147 4.835895
52.342564 4.7843957
52.357582 4.8339415
52.362316 4.9108243
52.30587 4.836185
52.300003 4.955349
52.497852 4.9512124
52.316574 4.9324694
52.370834 4.9006414
52.309376 4.947158
52.484585 4.6665716
52.30924 4.762187
52.301975 4.69246
52.32419 5.113318
52.299686 5.0266776
52.320557 5.1405325
52.320557 5.1405325
52.36609 4.896469
52.44114 4.6536436
52.277008 4.752016
52.375782 4.907799
52.3388 4.8733377
52.38436 4.875041
52.357746 4.8915873
52.365997 4.897156
52.294613 4.9573903
52.389088 4.8374133
52.378613 4.900546
52.380005 4.900125
52.30924 4.762187
52.30924 4.762187
52.30924 4.762187
52.36363 4.882618
52.361897 4.89913
52.352547 4.889957
52.4346 4.6507573
52.453514 4.643433
52.439453 4.822048
52.378613 4.900546
52.309055 4.761801
52.269745 5.1358347
52.388004 4.638376
52.40243 4.839906
52.305637 4.752727
52.355198 4.905666
52.374763 4.887623
52.377617 4.9013615
52.34832 4.917345
52.390083 4.8404217
52.380947 4.6389923
52.356 4.895718
52.35988 4.885161
52.296043 4.6638765
52.3662 4.899119
52.30849 4.8104024
52.30924 4.762187
52.377747 4.9161243
52.30729 4.947624
52.388016 4.84128
52.351425 5.171178
52.367615 4.854269
52.39419 4.837192
52.30924 4.762187
52.38422 4.884563
52.30924 4.762187
52.303833 4.951186
52.37097 4.89253
52.34923 4.854692
52.371113 4.8928013
52.333252 4.918549
52.30924 4.762187
52.3156 4.9473605
52.341755 4.876107
52.33722 4.8730397
52.36373 4.9783382
52.378613 4.900546
52.38085 4.820981
52.34825 4.82471
52.36132 4.8699307
52.37366 4.897864
52.323643 4.936509
52.33766 4.8710647
52.311295 4.940826
52.436485 4.8597884
52.3388 4.8733377
52.302097 5.0357265
52.31324 5.0244637
52.303047 4.6952972
52.46006 5.0369687
52.38085 4.820981
52.424984 4.909227
52.34188 4.888922
52.334667 4.869049
52.29264 4.8546596
52.41439 4.643491
52.359142 4.883773
52.382206 4.887107
52.406643 4.632223
52.378613 4.900546
52.392708 4.833108
52.497704 4.7568197
52.310917 4.812827
52.34798 4.904556
52.370533 4.893045
52.35441 4.929313
52.356613 4.928698
52.357746 4.8915873
52.375107 4.8839273
52.35988 4.885161
52.368042 4.9163656
52.32048 4.881018
52.34008 4.8239684
52.372356 4.888612
52.30924 4.762187
52.33728 4.8897314
52.32048 4.881018
52.31695 5.0206738
52.291256 4.984145
52.354618 4.900969
52.358044 4.86763
52.34876 4.89966
52.295578 4.700143
52.378613 4.900546
52.374264 4.8992157
52.28289 4.837797
52.29826 5.042128
52.31382 4.9469695
52.30924 4.762187
52.215942 4.874711
52.340107 4.8743315
52.308937 4.7601485
52.513943 4.993645
52.34504 4.9673223
52.37854 4.8997107
52.36499 4.9602146
52.382412 4.8056874
52.371723 4.914837
52.30777 4.9531603
52.450054 5.0365825
52.306805 4.638623
52.372166 4.914161
52.36363 4.882618
52.302097 5.0357265
52.35859 4.925558
52.349987 4.911498
52.327274 4.96239
52.360115 4.9256296
52.369953 4.8508534
52.360115 4.9256296
52.348415 4.917514
52.360603 4.931379
52.340717 4.889751
52.496593 4.935631
52.30924 4.762187
52.340717 4.889751
52.363457 4.8831687
52.384174 4.884729
52.355534 4.898156
52.457024 4.815819
52.358044 4.86763
52.37302 4.892628
52.344902 4.917378
52.370373 4.8846507
52.36609 4.896469
52.356 4.895718
52.36422 4.882897
52.37854 4.8997107
52.312317 4.943976
52.452778 4.827456
52.500607 4.9933276
52.37854 4.8997107
52.379627 4.897564
52.284634 5.149571
52.377777 4.631783
52.34124 4.863522
52.386307 4.836082
52.360966 4.908451
52.355663 4.884313
52.387165 4.8722863
52.336132 4.7803187
52.34959 4.874019
52.307644 4.7704234
52.307644 4.7704234
52.336037 4.9369283
52.342167 4.890048
52.49645 4.9384403
52.38895 4.8379006
52.438107 4.8139215
52.375565 4.900705
52.368546 4.874503
52.3027 4.860321
52.201878 4.88527
52.36861 4.8902173
52.354057 4.882971
52.361187 4.915082
52.364777 4.902348
52.36766 4.9003744
52.376514 4.6311073
52.382206 4.887107
52.341034 4.8700957
52.30927 4.760702
52.362366 4.888916
52.51644 4.9937434
52.357067 4.839987
52.304573 4.762148
52.484127 4.6675305
52.33983 4.8743224
52.378613 4.900546
52.30415 4.7624445
52.299576 4.944975
52.36363 4.882618
52.381428 4.6354246
52.38435 4.884002
52.383835 4.6291785
52.359318 4.8825765
52.358337 4.89911
52.391212 4.8564506
52.368256 4.6280313
52.36217 4.8539066
52.354504 4.871953
52.30924 4.762187
52.45267 4.6523314
52.388905 4.8383527
52.318253 4.6412163
52.350388 4.8325253
52.36583 4.897252
52.336052 4.9305344
52.312374 4.94756
52.382042 4.9027777
52.38109 4.8997965
52.38436 4.900782
52.337566 4.8744535
52.37698 4.894722
52.309685 4.761672
52.435368 4.8163376
52.342564 4.7843957
52.30408 4.7501254
52.358044 4.86763
52.378613 4.900546
52.365 4.884096
52.3909 4.9045343
52.37302 4.892628
52.370373 4.8846507
52.36422 4.882897
52.36609 4.896469
52.384777 4.859038
52.302116 4.870306
52.461666 4.642743
52.461666 4.642743
52.30924 4.762187
52.357746 4.8915873
52.451534 5.034609
52.308784 4.951914
52.371006 4.898651
52.366276 4.88617
52.30924 4.762187
52.380005 4.900125
52.30924 4.762187
52.30924 4.762187
52.357746 4.8915873
52.357746 4.8915873
52.388172 4.638419
52.30408 4.7501254
52.375107 4.8839273
52.334213 4.866686
52.378613 4.900546
52.307587 4.7652984
52.357746 4.8915873
52.336937 4.8720503
52.366776 4.8913407
52.30164 4.6643386
52.301567 4.6643577
52.3625 4.9105453
52.357746 4.8915873
52.50053 4.962883
52.358692 4.8860083
52.294613 4.9573903
52.400967 4.8917055
52.419724 4.631381
52.303833 4.951186
52.339993 4.8887014
52.373764 4.912273
52.26963 4.753081
52.36466 4.8588753
52.376266 4.940645
52.444458 4.8373346
52.360035 4.8797708
52.383476 4.734807
52.358383 4.881052
52.45662 5.0321274
