52.393974 4.614249
52.371746 4.636979
52.36063 4.6483345
52.36063 4.6483345
52.373505 4.6372175
52.311153 4.7613072
52.37873 4.9010396
52.40143 4.895369
52.30924 4.762187
52.309055 4.761801
52.374065 4.890572
52.35529 4.8900294
52.36654 4.894648
52.295597 4.9759192
52.38479 4.6705465
52.457436 4.8003993
52.29503 4.94371
52.36363 4.882618
52.34064 4.623592
52.28946 4.684052
52.341614 4.821963
52.378613 4.900546
52.37674 4.6405797
52.38105 4.7923565
52.379147 4.894334
52.379314 4.8941784
52.38479 4.6705465
52.38069 4.646744
52.358383 4.881052
52.385265 4.64764
52.386253 4.6473737
52.379284 4.636229
52.30142 4.6641254
52.30164 4.6643386
52.36363 4.882618
52.36462 4.8835516
52.35736 4.930544
52.388004 4.638376
52.297024 4.706107
52.34944 4.820073
52.312115 5.050847
52.246025 4.826987
52.30304 4.6946793
52.339973 4.854133
52.304195 4.6936307
52.357018 4.8506393
52.341034 4.8700957
52.339973 4.854133
52.303608 4.694012
52.29734 4.9472694
52.30388 4.693574
52.408733 4.6438
52.302555 4.6935053
52.303677 4.6931143
52.25253 4.962996
52.296944 4.975405
52.36363 4.882618
52.30306 4.692144
52.356 4.895718
52.30975 4.770695
52.367123 4.871458
52.3716 4.88433
52.371296 4.8620067
52.376003 4.890869
52.32419 5.113318
52.299686 5.0266776
52.312115 5.050847
52.368412 4.9050846
52.387924 4.6384406
52.302044 4.693034
52.36663 4.893752
52.44114 4.6536436
52.449184 4.8359475
52.35511 4.8908052
52.380627 4.890744
52.29595 4.9755588
52.30924 4.762187
52.348904 4.9260836
52.339973 4.854133
52.373764 4.912273
52.30924 4.762187
52.429256 4.6847334
52.362957 4.885134
52.35802 4.8788953
52.30924 4.762187
52.375782 4.907799
52.375458 4.8947563
52.36363 4.882618
52.303467 4.8588324
52.35539 4.7797947
52.37302 4.892628
52.369335 4.893402
52.37082 4.9105883
52.37742 4.631295
52.30211 4.693541
52.36363 4.882618
52.312286 4.938641
52.303223 4.6936107
52.493908 5.073488
52.342083 4.707148
52.30924 4.762187
52.36314 4.8834605
52.389088 4.8374133
52.383575 4.6426277
52.48575 4.9510036
52.296043 4.6638765
52.37339 4.8939695
52.378162 4.899444
52.370285 4.8849354
52.373764 4.912273
52.303608 4.694012
52.303715 4.6936593
52.30388 4.693574
52.30304 4.6946793
52.38182 4.629514
52.303677 4.6931143
52.36363 4.882618
52.36872 4.889201
52.3593 4.654806
52.472015 4.8000135
52.351624 4.8719616
52.47722 4.6722364
52.294613 4.9573903
52.403034 4.6554704
52.38331 4.888814
52.37756 4.9012136
52.302242 4.8617563
52.38145 4.636801
52.37302 4.892628
52.362785 4.9494696
52.375034 4.8838243
52.36373 4.881715
52.331326 4.6294284
52.301853 4.6933575
52.510345 5.048993
52.345505 4.81133
52.295876 4.636114
52.363953 4.863231
52.36276 4.86065
52.302147 4.94974
52.364376 4.79589
52.368866 4.8852253
52.20014 4.896631
52.373306 4.900299
52.35539 4.7797947
52.358383 4.881052
52.355747 4.891864
52.36136 4.8994193
52.335133 4.913774
52.36894 4.902722
52.31523 4.955145
52.358044 4.86763
52.370285 4.8849354
52.36199 4.9501014
52.305008 4.8617907
52.355316 4.893196
52.3028 4.6922555
52.31226 4.7672467
52.37007 4.9416537
52.39881 4.9374533
52.377552 4.9903893
52.377552 4.9903893
52.370285 4.8849354
52.388004 4.638376
52.366375 4.896429
52.388905 4.8383527
52.35605 4.880085
52.389133 4.650492
52.35698 4.8915663
52.4308 4.6987014
52.358044 4.86763
52.370285 4.8849354
52.37302 4.892628
52.36422 4.882897
52.36609 4.896469
52.36422 4.882897
52.30672 4.639045
52.409233 4.9424047
52.346092 4.8658705
52.351192 4.650208
52.302063 4.9498343
52.360577 4.8829627
52.36363 4.882618
52.35929 4.8029695
52.35929 4.8029695
52.37433 4.900555
52.352657 4.884045
52.384388 4.9058137
52.378696 4.730807
52.31279 5.04302
52.237198 4.755474
52.313774 4.7683773
52.363403 4.9129915
52.370255 4.817328
52.367584 4.899065
52.374454 4.9039364
52.383476 4.734807
52.373764 4.912273
52.392227 5.1723
52.374653 4.872795
52.401367 4.796412
52.37768 4.887427
52.493965 4.968406
52.41364 4.657257
52.452847 4.8385334
52.31333 4.7571607
52.28688 4.9689136
52.441654 4.6359415
52.372566 4.9003205
52.391064 4.841081
52.30304 4.6946793
52.352867 4.893463
52.331326 4.6294284
52.33221 4.6271
52.361347 4.86767
52.373505 4.900213
52.373234 4.879047
52.381325 4.63706
52.375572 4.8670826
52.50504 4.9516478
52.279293 4.714146
52.356 4.895718
52.371815 4.8947625
52.364647 4.882028
52.366886 4.894039
52.3116 4.847819
52.37302 4.892628
52.35529 4.889989
52.39881 4.9374533
52.326454 4.8884816
52.30924 4.762187
52.345554 5.0170355
52.198986 4.86154
52.36363 4.882618
52.377174 4.919696
52.378555 4.875399
52.30924 4.762187
52.365326 4.935935
52.496395 4.9382687
52.365997 4.897156
52.341583 4.8679814
52.36363 4.882618
52.30924 4.762187
52.370403 5.191004
52.309277 4.763331
52.3189 4.6672463
52.30924 4.762187
52.30924 4.762187
52.313606 4.6780114
52.21353 4.860905
52.37446 4.900503
52.39243 4.6536846
52.3765 4.622741
52.35402 5.168842
52.38433 4.870044
52.302376 4.920425
52.38064 4.8843884
52.37952 4.8946996
52.30164 4.6643386
52.30166 4.66353
52.30166 4.6629305
52.36663 4.893752
52.359 4.8842316
52.33083 4.8524594
52.30924 4.762187
52.30924 4.762187
52.357483 4.9106436
52.36462 4.8835516
52.301567 4.6643577
52.310314 4.765277
52.356 4.895718
52.332424 4.6290784
52.360657 4.8653975
52.45847 4.670863
52.37278 4.928353
52.49665 4.7098875
52.320744 4.871732
52.362106 4.881234
52.313457 4.768839
52.380657 4.899366
52.370792 4.893248
52.20014 4.896631
52.38118 4.6300077
52.291447 4.6897564
52.296856 4.888237
52.36663 4.893752
52.35432 4.8061156
52.368958 4.8885927
52.368454 4.8887577
52.379498 4.638296
52.371723 4.914837
52.35782 4.87662
52.371338 4.891996
52.301617 4.91947
52.296043 4.6638765
52.37633 4.897221
52.370632 4.8915606
52.51786 4.985917
52.354687 4.770341
52.379765 4.8865614
52.36363 4.882618
52.33505 4.922243
52.36877 4.63823
52.38436 4.900782
52.387924 4.8378253
52.38436 4.900782
52.364117 4.883276
52.2779 5.143793
52.378593 4.8458695
52.357727 4.930372
52.37302 4.892628
52.336937 4.8720503
52.357014 4.874725
52.36609 4.896469
52.499084 4.6997023
52.352196 4.891577
52.360195 4.7825017
52.358578 4.87898
52.37021 4.8501697
52.278065 4.968928
52.338066 4.6244025
52.29481 4.6400023
52.386574 4.8779726
52.36172 4.907729
52.352 4.8563566
52.33151 4.8938084
52.36609 4.896469
52.382294 4.633
52.35736 4.930544
52.36363 4.882618
52.278603 4.832648
52.36548 4.89792
52.37569 4.907863
52.34122 5.132967
52.37119 4.8988013
52.30924 4.762187
52.378613 4.900546
52.351223 4.9334483
52.351006 4.9304905
52.377434 4.8014116
52.20708 4.8831654
52.20041 4.856
52.365997 4.897156
52.37814 4.8992496
52.42563 4.8238177
52.330086 4.651044
52.500652 4.8025274
52.362976 4.9278126
52.377678 4.8015323
52.36157 4.6495285
52.372166 4.914161
52.312256 4.945607
52.361546 4.649585
52.351803 5.0072765
52.30924 4.762187
52.3388 4.8733377
52.512825 4.9592113
52.376316 4.899424
52.373764 4.912273
52.37339 4.8939695
52.37669 4.6416817
52.38069 4.646744
52.385265 4.64764
52.378166 4.898572
52.386253 4.6473737
52.366955 4.9136753
52.369045 4.889339
52.350033 4.646553
52.3585 4.6548343
52.366016 4.895541
52.434853 4.6608343
52.366016 4.895541
52.36609 4.896469
52.365997 4.897156
52.37927 4.920802
52.37529 4.907347
52.39857 4.918554
52.30844 5.0408874
52.36885 4.900499
52.51974 4.9900784
52.35967 4.877556
52.309685 4.761672
52.34423 4.859757
52.35284 4.893281
52.30927 4.760702
52.41083 4.646648
52.50717 4.944062
52.362812 4.9230227
52.314796 4.935181
52.438824 4.819218
52.31454 4.9327865
52.449184 4.8359475
52.3083 5.0410604
52.36803 4.8986864
52.400436 4.84257
52.3822 4.902987
52.408733 4.6438
52.495377 4.7508307
52.37023 4.8909516
52.360123 4.890593
52.507866 4.848029
52.294823 4.976035
52.371994 4.934033
52.36422 4.882897
52.373726 4.8903217
52.295876 4.636114
52.362167 4.882647
52.38086 4.968382
52.37801 4.786206
52.373634 4.8977566
52.492832 5.074263
52.318253 4.6412163
52.36832 4.938154
52.36422 4.882897
52.229694 5.032727
52.368904 4.8836536
52.487797 4.936061
52.37354 4.892176
52.314434 4.9325395
52.37323 4.897177
52.357746 4.8915873
52.361927 4.8828287
52.365326 4.935935
52.35698 4.891212
52.306164 4.642972
52.35698 4.891212
52.40404 4.6471095
52.364822 4.881478
52.369583 4.889353
52.343727 4.8042746
52.366768 4.893239
52.482628 4.8018584
52.342083 4.707148
52.321102 4.792591
52.36067 4.9301057
52.354877 4.646769
52.36067 4.9301057
52.334568 4.917971
52.331497 4.6291494
52.359142 4.883773
52.38039 4.640149
52.21353 4.860905
52.377083 4.897392
52.29734 4.9472694
52.353905 4.8907886
52.351803 4.7908807
52.348347 4.768865
52.36363 4.882618
52.356213 4.928913
52.354973 4.893395
52.297398 4.658869
52.38086 4.968382
52.358383 4.881052
52.20903 4.887462
52.369892 4.880976
52.36373 4.881715
52.349197 4.8773932
52.509018 4.9398575
52.43866 4.8174434
52.359142 4.883773
52.368793 4.892637
52.368843 4.887894
52.259983 4.686259
52.351803 4.7908807
52.378613 4.900546
52.43866 4.8174434
52.357014 4.874725
52.370384 4.894924
52.386288 4.8735056
52.380962 4.888833
52.33237 4.898583
52.366394 4.8970003
52.372566 4.9003205
52.36022 4.880579
52.384487 4.63604
52.327026 5.063405
52.357746 4.8915873
52.343437 5.1748705
52.394005 4.879438
52.336014 5.066874
52.36414 4.8552375
52.499672 4.823659
52.364456 4.8825755
52.378613 4.900546
52.37123 4.6501164
52.358044 4.86763
52.355923 4.875824
52.373154 4.8773
52.373016 4.880344
52.366768 4.893239
52.3716 4.88433
52.32905 5.145204
52.48724 4.94931
52.301533 5.0489144
52.36053 4.867716
52.380917 4.638101
52.38436 4.900782
52.357224 4.913973
52.433987 4.6259446
52.358273 4.891675
52.37965 4.6363196
52.38436 4.900782
52.34944 4.924682
52.361084 4.907454
52.309055 4.761801
52.36363 4.882618
52.375565 4.8993692
52.391132 4.648826
52.363625 4.885032
52.390804 4.860577
52.34426 4.7911177
52.36276 4.86065
52.374817 4.899048
52.473324 4.817867
52.37922 4.636001
52.35539 4.7797947
52.364624 4.8812594
52.37561 4.8974442
52.36063 4.6483345
52.380615 4.637282
52.37561 4.8974442
52.37561 4.8974442
52.3628 4.910165
52.369194 4.8926816
52.372334 4.900005
52.368824 4.8904505
52.4308 4.6987014
52.37353 4.90464
52.409233 4.9424047
52.306892 5.045963
52.400455 4.6345224
52.367256 4.898837
52.37339 4.8939695
52.377968 4.878725
52.373093 4.753958
52.378334 4.633268
52.206207 4.866209
52.36551 4.8986015
52.379124 4.8962126
52.390938 4.607241
52.357235 4.653332
52.301975 4.69246
52.39418 4.8507037
52.378613 4.900546
52.3043 4.7623773
52.495296 4.7544193
52.36724 4.8912764
52.341732 4.890423
52.312683 4.945433
52.37657 4.911726
52.334038 5.02223
52.33463 5.02174
52.373764 4.912273
52.38253 4.8876877
52.30945 4.7695255
52.377422 4.859705
52.390495 4.648775
52.36478 4.889843
52.35237 4.885247
52.390495 4.648775
52.32502 4.9266214
52.49618 4.990989
52.330074 5.069416
52.208336 4.8662047
52.36551 4.8986015
52.489525 4.811846
52.37293 4.9338913
52.308693 4.7637005
52.30924 4.762187
52.378613 4.900546
52.30924 4.762187
52.385883 4.8483415
52.373802 4.882464
52.21353 4.860905
52.34169 4.627306
52.366383 4.91205
52.28046 5.1424813
52.33728 4.8897314
52.374546 4.88968
52.363117 4.88309
52.342167 4.890048
52.30924 4.762187
52.30924 4.762187
52.369137 4.851349
52.299713 4.947045
52.291157 4.7340775
52.378082 4.886389
52.30234 4.6943545
52.3044 4.885326
52.374104 4.8980246
52.36363 4.882618
52.35774 4.8909
52.444458 4.8373346
52.450134 5.0369115
52.36563 4.885869
52.37399 4.820804
52.337196 4.9623466
52.377983 4.8998594
52.342167 4.890048
52.30924 4.762187
52.472015 4.8000135
52.54802 4.912512
52.312313 4.938579
52.375816 4.856504
52.383476 4.734807
52.289825 4.8405194
52.358383 4.881052
52.312668 4.8242545
52.38479 4.6705465
52.358597 4.878925
52.504456 4.78252
52.373734 4.8903217
52.378613 4.900546
52.30907 4.761908
52.37335 4.890859
52.384693 4.6699305
52.509567 4.9493318
52.390495 4.648775
52.374596 4.88396
52.356365 4.879314
52.371304 4.8937054
52.30924 4.762187
52.291157 4.7340775
52.215942 4.874711
52.21353 4.860905
52.473343 4.821698
52.375484 4.901126
52.38109 4.912734
52.311153 4.7613072
52.336937 4.8720503
52.30164 4.6643386
52.301647 4.664114
52.3526 4.8890977
52.313457 4.768839
52.33673 4.870767
52.383038 4.876958
52.293827 4.8746862
52.365997 4.897156
52.254185 4.8072815
52.335976 4.8642254
52.363117 4.88309
52.354618 4.900969
52.379436 4.633098
52.372265 4.8898497
52.338776 4.6269283
52.30924 4.762187
52.498085 5.052418
52.380005 4.900125
52.366955 4.9136753
52.414154 4.6440997
52.36378 4.622927
52.356365 4.879314
52.31474 4.6963477
52.31471 4.6999683
52.311356 4.699223
52.30924 4.762187
52.3783 4.8993874
52.410442 4.6343675
52.30924 4.762187
52.509243 4.94786
52.30765 4.763693
52.37453 4.8728304
52.40029 4.925966
52.304573 4.762148
52.357994 4.8908043
52.32236 4.8572984
52.336937 4.8720503
52.301785 4.6957283
52.303608 4.694012
52.328804 4.8519244
52.321613 5.08354
52.38479 4.6705465
52.36992 4.9008894
52.367905 4.8956
52.37339 4.8939695
52.306614 4.81831
52.439255 4.8210244
52.362484 4.8987007
52.378613 4.900546
52.313385 4.941337
52.363323 4.898443
52.401497 4.891021
52.378613 4.900546
52.37538 4.901105
52.401497 4.891021
52.44718 4.881457
52.29734 4.9472694
52.370567 4.900474
52.297024 4.706107
52.37158 4.896759
52.52819 4.9525695
52.40007 4.841618
52.369087 4.902647
52.374104 4.630689
52.35493 4.9327
52.359325 4.6543293
52.30907 4.761908
52.4855 4.8075533
52.384384 4.875226
52.358273 4.891675
52.50886 4.948636
52.303467 4.8588324
52.36236 4.898847
52.378613 4.900546
52.358334 4.654194
52.201878 4.88527
52.407867 4.6305094
52.35873 4.6539793
52.3763 4.889391
52.414154 4.6440997
52.3625 4.9105453
52.366962 4.852679
52.414154 4.6440997
52.434853 4.6608343
52.320553 4.884839
52.30924 4.762187
52.373505 4.6372175
52.414154 4.6440997
52.359325 4.6543293
52.391132 4.648826
52.30924 4.762187
52.38251 4.887788
52.376816 4.639996
52.367607 5.190568
52.381702 4.8913794
52.314075 4.9328213
52.49599 4.7771516
52.38069 4.646744
52.358383 4.881052
52.367924 4.905552
52.439064 4.824155
52.384945 4.6483235
52.54802 4.912512
52.386253 4.6473737
52.359303 4.6540985
52.358383 4.881052
52.35318 4.8941293
52.34064 4.623592
52.4101 4.749387
52.348957 5.174478
52.301006 4.739991
52.500607 4.964427
52.278603 4.832648
52.37041 4.870366
52.361897 4.89913
52.364017 4.8931494
52.30924 4.762187
52.37033 4.885574
52.36721 4.893095
52.356987 4.891047
52.371986 4.891129
52.30239 4.692192
52.408733 4.6438
52.35486 5.1883364
52.379017 4.6330857
52.316307 4.956573
52.3145 4.933018
52.373905 4.841148
52.47722 4.6722364
52.3585 4.6548343
52.373245 4.752271
52.369087 4.902647
52.3691 4.87898
52.486687 4.962561
52.303066 4.8580894
52.357746 4.8915873
52.378613 4.900546
52.36363 4.882618
52.36022 4.880579
52.388905 4.8383527
52.380047 4.634635
52.37339 4.8939695
52.309685 4.761672
52.36373 4.881715
52.36893 4.870592
52.372063 4.8895597
52.3388 4.8733377
52.36292 4.927329
52.36654 4.894648
52.314075 4.9328213
52.368073 4.88259
52.361267 4.899203
52.356 4.895718
52.36228 4.91253
52.309055 4.761801
52.30861 4.761968
52.38019 4.884229
52.308434 4.7618866
52.45866 5.030794
52.366867 4.8889484
52.372627 4.8947525
52.3625 4.9105453
52.21531 4.926049
52.378094 4.883177
52.304413 4.75384
52.356 4.895718
52.388004 4.638376
52.386288 4.8735056
52.30924 4.762187
52.311153 4.7613072
52.372265 4.8898497
52.38069 4.821195
52.370686 4.900168
52.43851 4.825368
52.302795 4.997099
52.309055 4.761801
52.372425 4.897815
52.343494 4.833432
52.27719 5.143623
52.38105 4.7923565
52.360897 4.906707
52.302063 4.9498343
52.35642 4.8273754
52.397823 4.937422
52.3625 4.9105453
52.363323 4.898443
52.30903 4.7620583
52.380962 4.888833
52.301094 4.6966996
52.37529 4.630534
52.380104 4.821453
52.35988 4.885161
52.309166 4.761908
52.512875 4.9988747
52.309055 4.7619042
52.30908 4.7616506
52.30924 4.762187
52.381252 4.822401
52.366055 4.8932214
52.30868 4.761727
52.35829 4.8930297
52.368973 4.9023914
52.368435 4.9020753
52.373787 4.882223
52.30924 4.762187
52.271385 4.9744873
52.372356 4.888612
52.308926 4.761879
52.44718 4.881457
52.260963 4.7257433
52.370506 4.853722
52.51525 4.975806
52.381256 4.8213243
52.421425 4.656701
52.373314 4.887957
52.490692 5.064483
52.37925 4.636869
52.35622 4.896187
52.381454 4.6366835
52.515755 4.960595
52.373245 4.752271
52.30924 4.762187
52.379475 4.8867702
52.369 4.889
52.37529 4.907347
52.361626 4.887225
52.4634 4.950415
52.325905 4.868632
52.361927 4.8828287
52.38086 4.968382
52.362247 4.883912
52.37339 4.8939695
52.37339 4.8939695
52.44136 4.875655
52.37302 4.892628
52.30924 4.762187
52.36609 4.896469
52.36002 4.9052453
52.36722 4.903761
52.35987 4.925549
52.29483 4.9435945
52.365997 4.897156
52.333874 4.631783
52.36663 4.9263177
52.378147 4.8969283
52.30179 4.8636
52.497852 4.9512124
52.38398 4.8846416
52.303062 4.8616214
52.37491 4.900132
52.37854 4.8997107
52.49674 4.977728
52.383373 4.6124797
52.367462 4.8944407
52.32236 4.8572984
52.45626 5.035857
52.314075 4.9328213
52.37082 4.9105883
52.38916 4.611093
52.367424 4.8718424
52.372356 4.888612
52.225727 5.0067058
52.357746 4.8915873
52.375782 4.907799
52.372677 4.8928
52.367504 4.892907
52.357574 4.855882
52.37281 4.875697
52.35516 4.870851
52.378613 4.900546
52.358974 4.804608
52.21568 4.935007
52.34588 4.916296
52.35325 4.832447
52.36363 4.882618
52.292862 4.947195
52.297188 4.987797
52.343193 4.817434
52.366776 4.8913407
52.342052 5.1582527
52.36422 4.882897
52.31858 4.9414015
52.364117 4.883276
52.22338 4.9855933
52.367775 4.892553
52.379383 4.894141
52.349197 4.8773932
52.357067 4.891007
52.309055 4.761801
52.357746 4.8915873
52.347965 4.939433
52.495186 4.9536004
52.312256 4.945607
52.304146 4.8841643
52.36363 4.882618
52.360603 4.931379
52.36861 4.9345913
52.415558 4.9115515
52.30924 4.762187
52.378613 4.900546
52.439274 4.8241043
52.30924 4.762187
52.41858 4.651562
52.382862 4.8907585
52.314075 4.9328213
52.36609 4.896469
52.356613 4.928698
52.310707 4.9665713
52.50493 4.7791
52.36609 4.896469
52.365864 4.8964643
52.309055 4.761801
52.36609 4.896469
52.369102 4.8902545
52.377743 4.9012113
52.312847 4.929042
52.21353 4.860905
52.322483 4.8951063
52.378613 4.900546
52.30924 4.762187
52.369164 4.6138816
52.340004 4.8075857
52.301533 5.0489144
52.314434 4.9325395
52.481113 4.6703353
52.301533 5.0489144
52.363495 4.91927
52.3402 4.6158156
52.431114 4.645623
52.366226 4.8618345
52.381256 4.8213243
52.378613 4.900546
52.38436 4.900782
52.368725 4.907694
52.391052 4.6487007
52.47729 4.6704235
52.358383 4.881052
52.378513 4.899672
52.37742 4.803035
52.23743 4.9696336
52.320557 5.1405325
52.314434 4.9325395
52.370255 4.8923435
52.37278 4.928353
52.374454 4.9039364
52.40134 4.894637
52.37022 4.891314
52.366886 4.894039
52.371128 4.891938
52.36422 4.882897
52.373898 4.883938
52.379005 4.8944855
52.37906 4.8944416
52.379158 4.894717
52.336937 4.8720503
52.356365 4.879314
52.377953 4.630336
52.356365 4.879314
52.368145 4.9042583
52.36403 4.8822856
52.34504 4.9673223
52.37302 4.892628
52.496067 5.0682807
52.293007 4.6991444
52.373764 4.912273
52.38436 4.900782
52.359596 4.8832726
52.359756 4.8840194
52.359753 4.883852
52.378613 4.900546
52.35988 4.885161
52.35876 4.868565
52.378613 4.900546
52.297424 4.89977
52.35097 4.89152
52.34556 4.7800717
52.366444 4.897749
52.366955 4.9136753
52.374165 4.9123526
52.47729 4.6704235
52.3396 4.8731318
52.33151 4.8938084
52.354057 4.882971
52.21299 4.8740196
52.307587 4.7652984
52.308846 4.764912
52.378613 4.900546
52.312645 4.9440446
52.357746 4.8915873
52.30924 4.762187
52.22593 4.9269385
52.321213 4.873036
52.4308 4.6987014
52.388905 4.8383527
52.36186 4.882817
52.37183 4.896035
52.33288 4.8940487
52.378613 4.900546
52.339973 4.854133
52.333687 4.970365
52.336857 4.871995
52.50053 4.962883
52.33288 4.8940487
52.30924 4.762187
52.38436 4.900782
52.336857 4.871995
52.3819 4.6391277
52.341633 4.8877635
52.4308 4.6987014
52.2999 4.9423165
52.361607 4.882322
52.38436 4.900782
52.401497 4.891021
52.36663 4.893752
52.382812 4.850873
52.36403 4.8822856
52.361897 4.89913
52.47722 4.6722364
52.37861 4.883828
52.331917 4.892242
52.496067 5.0682807
52.30924 4.762187
52.30507 4.705014
52.374565 4.900618
52.41364 4.657257
52.339115 4.873341
52.30924 4.762187
52.521465 4.9636946
52.383408 4.877567
52.334328 5.0713277
52.299686 5.0266776
52.30924 4.762187
52.4141 4.6775055
52.341755 4.876107
52.43584 4.9013186
52.323364 4.990879
52.38331 4.888814
52.3388 4.8733377
52.3388 4.8733377
52.37421 4.935007
52.34064 4.623592
52.29886 4.653621
52.246986 4.835759
52.312847 4.929042
52.309055 4.761801
52.321636 4.663913
52.376602 4.882064
52.334328 5.0713277
52.41356 4.652476
52.363743 4.8814263
52.367683 4.8904552
52.36363 4.882618
52.352337 4.8935556
52.379566 4.880568
52.30924 4.762187
52.32171 5.0802565
52.379982 4.8540473
52.309685 4.761672
52.361927 4.8828287
52.46339 4.809834
52.299576 4.944975
52.30844 4.7653413
52.38436 4.900782
52.427685 4.8205886
52.379704 4.6318183
52.34944 4.924682
52.510506 4.9450417
52.33407 5.021889
52.344845 4.8040695
52.375034 4.8838243
52.2777 4.838573
52.30924 4.762187
52.378613 4.900546
52.37021 4.851197
52.37302 4.892628
52.45702 5.104352
52.46354 5.0683007
52.364044 4.8829722
52.30903 4.7620583
52.327854 4.854919
52.37419 4.900295
52.327854 4.854919
52.36276 4.86065
52.314434 4.9325395
52.4187 4.8268294
52.379547 4.8975525
52.30415 4.7624445
52.498405 4.9379587
52.452755 4.7987256
52.439457 4.995629
52.306114 4.678777
52.377247 4.9020886
52.460175 5.037282
52.367477 4.891565
52.367477 4.891565
52.440456 4.651914
52.440456 4.651914
52.505463 4.7658777
52.30924 4.762187
52.30924 4.762187
52.21353 4.860905
52.378826 4.630144
52.306114 4.678777
52.36235 4.881757
52.434853 4.6608343
52.364017 4.8931494
52.369915 4.881918
52.5091 4.9486003
52.36422 4.882897
52.46087 4.811379
52.36964 4.8912344
52.314434 4.9325395
52.34976 5.014615
52.309055 4.761801
52.38118 4.6300077
52.336937 4.8720503
52.3388 4.8733377
52.400967 4.8917055
52.306805 4.638623
52.34559 4.8549027
52.36214 4.89172
52.26415 5.0455065
52.358383 4.881052
52.36363 4.882618
52.342083 4.707148
52.37952 4.8946996
52.297024 4.706107
52.38074 4.63818
52.37339 4.8939695
52.375732 4.895048
52.256397 5.107072
52.425743 4.646576
52.36623 4.896276
52.36548 4.89792
52.46547 4.9587493
52.38074 4.63818
52.279675 4.8063817
52.38074 4.63818
52.418648 4.6170583
52.38057 4.6379824
52.371315 4.8954363
52.369 4.889
52.376602 4.882064
52.36373 4.881715
52.379627 4.897564
52.439884 4.824768
52.494846 4.7640452
52.341576 4.8569264
52.30924 4.762187
52.26995 4.738867
52.36363 4.882618
52.364807 4.8815346
52.364933 5.173402
52.37733 4.8977532
52.38436 4.900782
52.37635 4.905847
52.283466 4.7194004
52.497852 4.9512124
52.38286 4.6256175
52.31189 4.9471307
52.29231 4.715088
52.314796 4.935181
52.38574 4.9280977
52.309128 4.772385
52.493866 5.0733433
52.418007 4.6347213
52.317097 4.6733837
52.352867 4.893463
52.38479 4.6705465
52.38574 4.9280977
52.30924 4.762187
52.375065 5.17634
52.385765 4.874711
52.38655 4.891423
52.376675 4.6297503
52.233215 4.752852
52.313557 4.9426246
52.338673 4.6366305
52.352867 4.893463
52.37661 4.631278
52.352528 4.6243434
52.36707 4.889836
52.363007 4.624457
52.343388 4.85409
52.376698 4.6336765
52.362812 4.9230227
52.30415 5.146129
52.373764 4.912273
52.314434 4.9416947
52.351803 4.7908807
52.473274 4.8197875
52.395836 4.6331015
52.373764 4.912273
52.299686 5.0266776
52.366955 4.9136753
52.23743 4.9696336
52.36609 4.896469
52.370255 4.8923435
52.36716 4.8893666
52.36516 4.884592
52.379147 4.894334
52.379314 4.8941784
52.36673 4.893537
52.37253 4.877887
52.369503 4.851027
52.37302 4.892628
52.37366 4.897864
52.34897 4.9170856
52.381874 4.9082923
52.473343 4.821698
52.44707 4.8053584
52.36292 4.927329
52.379383 4.894141
52.35381 4.872614
52.30924 4.762187
52.297512 4.8996997
52.375034 4.8838243
52.312668 4.8242545
52.38479 4.6705465
52.47729 4.6704235
52.314434 4.9416947
52.36292 4.927329
52.373764 4.912273
52.38169 4.9083138
52.309685 4.761672
52.34574 4.8111644
52.314434 4.9416947
52.393463 4.627392
52.314434 4.9416947
52.387245 4.892765
52.314434 4.9416947
52.38086 4.968382
52.366768 4.893239
52.36664 4.6514225
52.367477 4.891565
52.415985 4.6152225
52.28908 4.8449645
52.20041 4.856
52.36363 4.882618
52.314434 4.9416947
52.314434 4.9416947
52.37776 4.8944526
52.314434 4.9416947
52.38436 4.900782
52.357582 4.8339415
52.380657 4.899366
52.463696 5.070662
52.373234 4.879047
52.429516 4.685037
52.46006 5.0369687
52.45803 5.100829
52.364807 4.8815346
52.342373 4.9247103
52.49061 5.065362
52.314434 4.9416947
52.314434 4.9416947
52.314434 4.9416947
52.314434 4.9416947
52.30924 4.762187
52.36305 4.923849
52.43914 4.8197317
52.314434 4.9416947
52.32878 4.853495
52.43866 4.8174434
52.37383 4.891491
52.30924 4.762187
52.30924 4.762187
52.358692 4.8860083
52.380306 4.633597
52.373764 4.912273
52.37864 4.631732
52.378613 4.900546
52.378613 4.900546
52.378704 4.9007177
52.378513 4.899672
52.289337 4.844284
52.391052 4.6487007
52.368435 4.9020753
52.360603 4.931379
52.362114 4.9251895
52.346508 4.9176264
52.346584 4.9175515
52.314434 4.9416947
52.357727 4.930372
52.344406 4.8365707
52.390934 4.607975
52.314434 4.9416947
52.277218 4.7526383
52.31189 4.9471307
52.314434 4.9416947
52.312714 4.9447947
52.314434 4.9416947
52.314434 4.9416947
52.410614 4.8933578
52.378613 4.900546
52.312256 4.945607
52.314434 4.9416947
52.314434 4.9416947
52.242874 4.821131
52.314434 4.9416947
52.356365 4.879314
52.37788 4.625888
52.3701 4.88691
52.314434 4.9416947
52.314434 4.9416947
52.30924 4.762187
52.443756 4.659901
52.402504 4.618582
52.314434 4.9416947
52.449184 4.8359475
52.36208 4.887929
52.297024 4.706107
52.428795 4.824228
52.314434 4.9416947
52.36936 4.8365164
52.36422 4.882897
52.410076 4.751164
52.369 4.889
52.26995 4.738867
52.345505 4.81133
52.30924 4.762187
52.389088 4.8374133
52.31302 4.7655063
52.388905 4.8383527
52.45702 5.104352
52.36924 4.939475
52.359753 4.883852
52.33743 4.936267
52.484127 4.6675305
52.37302 4.892628
52.366955 4.9136753
52.310326 4.764809
52.31816 4.852438
52.352917 4.93216
52.377552 4.9903893
52.37428 4.901244
52.378613 4.900546
52.314434 4.9416947
52.36872 4.889201
52.345505 4.81133
52.35948 4.93976
52.386574 4.8779726
52.343193 4.817434
52.31279 5.04302
52.410313 4.612683
52.34584 4.884378
52.37251 4.894219
52.366886 4.894039
52.306824 4.9835014
52.297398 4.658869
52.389095 4.919427
52.48356 5.084951
52.375782 4.907799
52.39236 4.9190345
52.30924 4.762187
52.378613 4.900546
52.280922 4.6743093
52.29084 4.6925545
52.48175 5.07666
52.293007 4.6991444
52.494534 4.967982
52.371746 4.636979
52.37047 5.181581
52.366955 4.9136753
52.30924 4.762187
52.225716 4.8234196
52.372677 4.8928
52.383476 4.734807
52.314434 4.9416947
52.380962 4.8904724
52.438107 4.8139215
52.48575 4.9510036
52.378613 4.900546
52.364807 4.8815346
52.374977 4.887529
52.37746 4.9886727
52.380142 4.892204
52.37625 4.911613
52.400436 4.84257
52.30924 4.762187
52.440697 4.8884954
52.395756 4.635456
52.363644 4.939691
52.388004 4.638376
52.366966 4.8888187
52.364933 4.8842382
52.36509 4.884308
52.364853 4.8626256
52.391277 4.6493654
52.380695 4.8875666
52.363415 4.8835516
52.363842 4.834299
52.36028 4.880767
52.339474 4.613603
52.364807 4.8815346
52.374207 4.9002194
52.38086 4.968382
52.372356 4.885649
52.34373 4.8916197
52.338238 4.6387773
52.38895 4.8379006
52.311153 4.7613072
52.357582 4.8339415
52.35724 4.8340287
52.35617 4.833014
52.35449 4.834096
52.30863 4.7651253
52.350273 4.832989
52.345257 4.835701
52.34976 5.014615
52.34008 4.8239684
52.340572 4.829903
52.399597 4.896709
52.30924 4.762187
52.367626 4.9049344
52.439346 4.823899
52.369614 4.8911743
52.3809 4.632191
52.367462 4.8888087
52.371723 4.914837
52.36479 4.9177275
52.30924 4.762187
52.366955 4.9136753
52.38182 4.629514
52.444458 4.8373346
52.378323 4.91282
52.3648 4.8824463
52.36663 4.893752
52.358383 4.881052
52.30924 4.762187
52.294823 4.976035
52.396698 4.788065
52.36663 4.893752
52.461807 4.643607
52.36363 4.882618
52.371906 4.891962
52.374245 4.884624
52.347687 4.9470663
52.289253 4.853222
52.314434 4.9325395
52.362156 4.8973317
52.47273 4.797425
52.492832 5.074263
52.371723 4.914837
52.36465 4.8836
52.35464 4.953194
52.30924 4.762187
52.334328 5.0713277
52.36259 4.645179
52.299686 5.0266776
52.314434 4.9416947
52.308434 4.7618866
52.38294 4.8779016
52.3756 4.9004946
52.317223 4.6674485
52.292862 4.947195
52.32106 4.6657867
52.364017 4.8931494
52.36467 4.658492
52.308952 4.7612896
52.30861 4.761968
52.373764 4.912273
52.346508 4.9176264
52.346584 4.9175515
52.362812 4.9230227
52.310593 4.756286
52.378613 4.900546
52.363743 4.8814263
52.378704 4.9007177
52.43859 4.817505
52.41467 4.6309447
52.37633 4.897221
52.382862 4.8907585
52.38436 4.900782
52.36333 4.888621
52.30903 4.7620583
52.462658 4.897869
52.36926 4.873967
52.370487 4.757244
52.38105 4.7923565
52.434166 4.660008
52.36221 4.873112
52.370384 4.894924
52.37267 4.900784
52.394005 4.879438
52.32608 5.1395845
52.37421 4.8923373
52.344395 4.860012
52.38085 4.820981
52.45702 5.104352
52.37906 4.8944416
52.379005 4.8944855
52.365326 4.935935
52.472015 4.8000135
52.352898 4.6332293
52.463387 4.9503684
52.370087 4.9295797
52.269135 4.7518997
52.30924 4.762187
52.358383 4.881052
52.496395 4.9382687
52.272594 4.9772844
52.50945 4.945579
52.36341 4.877662
52.473274 4.8197875
52.40282 5.1742835
52.365433 4.902818
52.361668 4.882462
52.358044 4.86763
52.376698 4.6336765
52.32085 4.8480177
52.493866 5.0733433
52.36964 4.8912344
52.30924 4.762187
52.38616 4.8727045
52.360115 4.9256296
52.35987 4.925549
52.21353 4.860905
52.36003 4.9265695
52.311146 4.759983
52.364933 4.88235
52.308693 4.7637005
52.295265 4.9320183
52.3528 5.0051737
52.312256 4.945607
52.416824 4.616207
52.38655 4.891423
52.34976 5.014615
52.451508 4.6344786
52.361927 4.8828287
52.449184 4.8359475
52.328163 4.8547153
52.358044 4.86763
52.379993 4.887607
52.401855 4.9473414
52.38616 4.8727045
52.369263 4.892465
52.314075 4.9328213
52.30507 4.705014
52.362022 4.891457
52.359142 4.883773
52.358383 4.881052
52.37801 4.786206
52.378613 4.900546
52.374557 4.897108
52.393497 4.865251
52.43866 4.8174434
52.366955 4.9136753
52.30924 4.762187
52.37031 4.8865557
52.38616 4.8727045
52.38436 4.900782
52.378613 4.900546
52.30924 4.762187
52.360992 4.882868
52.38099 4.890335
52.292366 4.92754
52.359756 4.8840194
52.374104 4.9353046
52.31279 5.04302
52.376694 4.896382
52.36985 4.88932
52.359142 4.883773
52.349426 4.856697
52.286507 4.96005
52.38436 4.900782
52.374184 4.8908286
52.410378 4.6322823
52.497852 4.9512124
52.31189 4.9471307
52.31189 4.9471307
52.378513 4.8997173
52.352043 4.8562613
52.30924 4.762187
52.378124 4.878663
52.367657 4.871355
52.37277 4.900986
52.342083 4.707148
52.330647 4.6545124
52.309227 4.7621226
52.341576 4.8569264
52.35584 4.879793
52.35452 4.87222
52.374863 4.895882
52.373768 4.89931
52.314434 4.9416947
52.367477 4.891565
52.354305 4.8072047
52.313343 4.940397
52.31189 4.9471307
52.36363 4.882618
52.31369 4.939912
52.30924 4.762187
52.35657 4.897166
52.31369 4.939912
52.37302 4.892628
52.365433 4.902818
52.382294 4.633
52.348366 4.917521
52.451508 5.0363135
52.368774 4.889142
52.320557 5.1405325
52.359318 4.8825765
52.375687 4.8965087
52.373375 4.894174
52.375107 4.8839273
52.378613 4.900546
52.32515 4.868248
52.312256 4.945607
52.359013 4.8813324
52.391277 4.6493654
52.354797 4.856638
52.383476 4.734807
52.316532 4.939642
52.30924 4.762187
52.385727 4.649326
52.365513 4.890643
52.306114 4.678777
52.38148 4.629969
52.381546 4.6301208
52.38155 4.6297655
52.316578 4.945372
52.378513 4.8997173
52.373634 4.8977566
52.388916 4.8379436
52.37263 4.8979926
52.31287 4.942786
52.31269 4.9448133
52.37367 4.899337
52.371746 4.636979
52.372963 4.9003444
52.52748 4.92831
52.368042 4.9163656
52.370342 4.88905
52.37366 4.897864
52.316532 4.939642
52.31287 4.942786
52.375362 4.897177
52.38616 4.8727045
52.500095 4.9729815
52.374863 4.895882
52.371098 4.879629
52.378613 4.900546
52.3609 4.874668
52.36363 4.882618
52.30924 4.762187
52.37399 4.820804
52.258434 4.7877254
52.359615 4.6068335
52.369225 4.654136
52.296684 4.960252
52.388004 4.638376
52.37366 4.897864
52.5023 4.7976265
52.378613 4.900546
52.30924 4.762187
52.371986 4.891129
52.300053 4.94505
52.378613 4.900546
52.391052 4.6487007
52.38616 4.8727045
52.37592 4.92611
52.314434 4.9416947
52.306614 4.81831
52.381344 4.6355634
52.328804 4.8519244
52.21625 4.935111
52.364567 4.8827577
52.370625 4.9284577
52.316307 4.956573
52.358383 4.881052
52.34423 4.859757
52.314434 4.9416947
52.353374 5.0058184
52.296154 5.159394
52.378613 4.900546
52.314434 4.9416947
52.312626 4.945221
52.355003 4.874053
52.34832 4.917345
52.377422 4.859705
52.30924 4.762187
52.314434 4.9416947
52.30924 4.762187
52.374863 4.895882
52.46309 4.9520984
52.36609 4.896469
52.365997 4.897156
52.37366 4.897864
52.368443 4.887928
52.37581 4.9287844
52.314434 4.9416947
52.314434 4.9416947
52.449104 4.830036
52.314434 4.9416947
52.367462 4.8888087
52.3402 4.6158156
52.4634 4.950415
52.360115 4.9256296
52.37302 4.892628
52.30924 4.762187
52.354836 4.881016
52.366344 4.9136276
52.314434 4.9416947
52.37864 4.631732
52.307095 5.0429845
52.438107 4.8139215
52.362022 4.891457
52.3609 4.874668
52.30924 4.762187
52.38252 4.903539
52.314434 4.9416947
52.37339 4.8939695
52.31521 4.9425817
52.38479 4.6705465
52.314434 4.9416947
52.314434 4.9416947
52.36086 4.9325824
52.314434 4.9416947
52.378613 4.900546
52.378704 4.9007177
52.346508 4.9176264
52.384113 4.627677
52.384113 4.627677
52.36262 4.8798227
52.314434 4.9416947
52.314434 4.9416947
52.314434 4.9416947
52.314434 4.9416947
52.314434 4.9416947
52.314434 4.9416947
52.313854 4.941711
52.36363 4.882618
52.373596 4.8936796
52.346508 4.9176264
52.346775 4.917579
52.38107 4.890356
52.381256 4.8213243
52.372368 4.8856864
52.365578 4.8664713
52.31287 4.942786
52.38042 4.8222256
52.314434 4.9416947
52.323643 4.936509
52.314434 4.9416947
52.32361 4.9369335
52.314434 4.9416947
52.314434 4.9416947
52.31189 4.9471307
52.379105 4.8863087
52.312714 4.9447947
52.309685 4.761672
52.312607 4.9427824
52.36521 4.920116
52.314434 4.9416947
52.30924 4.762187
52.317223 4.6674485
52.370754 4.8917274
52.36663 4.893752
52.364017 4.8931494
52.30924 4.762187
52.47722 4.6722364
52.314434 4.9416947
52.20708 4.8831654
52.3528 5.0051737
52.314434 4.9416947
52.314434 4.9416947
52.358044 4.86763
52.299686 5.0266776
52.30924 4.762187
52.342052 5.1582527
52.36708 4.8967237
52.28856 4.850464
52.424244 4.659045
52.314434 4.9416947
52.368755 4.889045
52.38001 4.639085
52.30924 4.762187
52.354424 4.7117615
52.340054 4.8223424
52.38436 4.900782
52.489376 4.933938
52.365997 4.897156
52.40025 4.9348717
52.339878 4.613331
52.350273 4.832989
52.358044 4.86763
52.375107 4.8839273
52.38142 4.6357603
52.314434 4.9416947
52.37302 4.892628
52.34064 4.623592
52.314434 4.9416947
52.29219 5.158003
52.37302 4.892628
52.440647 4.8756175
52.314434 4.9416947
52.30924 4.762187
52.43384 4.6344495
52.379105 4.8863087
52.366776 4.8913407
52.376392 4.8941646
52.314434 4.9416947
52.364155 4.8842926
52.424244 4.659045
52.39881 4.9374533
52.361626 4.887225
52.37738 4.896439
52.370453 4.8931084
52.36276 4.86065
52.28046 5.1424813
52.314434 4.9416947
52.366505 4.9000535
52.38142 4.6357603
52.364735 4.8839765
52.314793 4.941331
52.30924 4.762187
52.36663 4.893752
52.372223 4.8888516
52.372566 4.9003205
52.36242 4.903997
52.376747 4.8842087
52.39806 4.938612
52.400967 4.8917055
52.472282 4.815633
52.38616 4.8727045
52.30844 4.7653413
52.31189 4.9471307
52.380936 4.8541145
52.38103 4.8543253
52.36665 4.8945704
52.386574 4.8779726
52.34836 4.789169
52.323643 4.936509
52.38436 4.900782
52.312073 4.762107
52.376816 4.9050345
52.341755 4.876107
52.458992 5.10139
52.35432 4.8061156
52.35698 4.891212
52.358044 4.86763
52.38194 4.638969
52.34144 4.7925096
52.36663 4.9263177
52.364807 4.8815346
52.3083 5.0410604
52.38616 4.8727045
52.368443 4.887928
52.37885 4.896902
52.365997 4.897156
52.370384 4.894924
52.34844 4.9175177
52.314434 4.9416947
52.3625 4.9105453
52.367905 4.8956
52.48597 4.9504566
52.351173 4.872093
52.30844 4.765191
52.30924 4.762187
52.3388 4.8733377
52.36898 4.891353
52.366978 4.8932505
52.378418 4.895165
52.415558 4.9115515
52.30924 4.762187
52.356033 5.167509
52.30924 4.762187
52.36422 4.882897
52.294823 4.976035
