52.343193 4.817434
52.3392 4.7786236
52.378445 4.63518
52.382347 4.6387577
52.35988 4.885161
52.30924 4.762187
52.359753 4.883852
52.48885 4.9655447
52.317223 4.6674485
52.314434 4.9325395
52.358044 4.86763
52.29856 4.647002
52.37999 4.6304555
52.37302 4.892628
52.37302 4.892628
52.36609 4.896469
52.36422 4.882897
52.345863 4.7745614
52.336044 4.908693
52.50981 4.944504
52.344795 4.777963
52.369766 4.881556
52.36422 4.882897
52.37302 4.892628
52.32419 5.113318
52.459743 5.1390696
52.302097 5.0357265
52.373417 4.8927784
52.371326 4.8930864
52.510124 4.913347
52.314434 4.9325395
52.38118 4.6300077
52.36609 4.896469
52.34832 4.917345
52.36609 4.896469
52.366776 4.8913407
52.409233 4.9424047
52.36664 4.6514225
52.328583 4.927702
52.353825 4.883099
52.286507 4.96005
52.38436 4.900782
52.365616 4.8958044
52.35624 4.8942375
52.358383 4.881052
52.376205 4.894999
52.35452 4.8326325
52.38436 4.900782
52.31534 4.927597
52.340534 4.886412
52.328205 4.8020554
52.31534 4.927597
52.372627 4.89639
52.286507 4.96005
52.445107 4.863393
52.36893 4.870592
52.49352 4.9519157
52.38881 4.8386545
52.358044 4.86763
52.372852 4.7526627
52.36609 4.896469
52.36363 4.882618
52.358044 4.86763
52.36609 4.896469
52.342052 5.1582527
52.36609 4.896469
52.45949 4.811048
52.33979 4.6562386
52.335255 4.9045205
52.392532 4.8294353
52.378613 4.900546
52.370384 4.894924
52.373867 4.894226
52.289078 4.842338
52.358044 4.86763
52.36422 4.882897
52.36651 4.869441
52.362415 4.906048
52.328205 4.8020554
52.36422 4.882897
52.328205 4.8020554
52.486687 4.962561
52.268696 4.748535
52.366764 4.893776
52.33581 4.87476
52.409233 4.9424047
52.320557 5.1405325
52.3116 4.847819
52.393997 4.6290746
52.3689 4.883692
52.378513 4.899672
52.392612 4.820536
52.380302 4.888526
52.36363 4.882618
52.36363 4.882618
52.307644 4.7704234
52.381462 4.6359353
52.320683 4.873716
52.381336 4.8992586
52.324245 4.884459
52.38436 4.900782
52.29367 4.9455
52.381523 4.636385
52.31332 5.0274506
52.517937 5.073212
52.35511 4.8908052
52.36663 4.9263177
52.364017 4.8931494
52.366447 4.8670487
52.382862 4.8907585
52.375557 4.8978505
52.37366 4.897864
52.373768 4.89931
52.34122 5.132967
52.358044 4.86763
52.362415 4.906048
52.362415 4.906048
52.370285 4.8849354
52.382576 4.6375537
52.36422 4.882897
52.30924 4.762187
52.375782 4.907799
52.357574 5.1828003
52.359318 4.8825765
52.359596 4.8832726
52.370285 4.8849354
52.343193 4.817434
52.37302 4.892628
52.36422 4.882897
52.48602 4.671421
52.35851 4.903604
52.43897 4.8244157
52.377422 4.859705
52.32419 5.113318
52.369 4.889
52.375664 4.899269
52.371128 4.891938
52.386898 4.9086223
52.222374 4.9047985
52.36379 4.882677
52.378613 4.900546
52.380302 4.888526
52.38448 4.8751006
52.38586 4.873917
52.358044 4.86763
52.378613 4.900546
52.54307 4.892489
52.37302 4.892628
52.370285 4.8849354
52.351307 4.8561716
52.369503 4.851027
52.393463 4.627392
52.37806 4.8031754
52.49894 4.9546967
52.358383 4.881052
52.495186 4.9536004
52.354958 4.8379498
52.349213 4.857117
52.35325 4.832447
52.375866 4.896627
52.313457 4.768839
52.378613 4.900546
52.358597 4.878925
52.399597 4.896709
52.491936 4.938772
52.36609 4.896469
52.320557 5.1405325
52.301975 4.69246
52.3388 4.8733377
52.37366 4.897864
52.355865 4.8928504
52.37302 4.892628
52.363964 4.884457
52.36519 4.88566
52.308403 4.946612
52.366524 4.8951263
52.388004 4.638376
52.346508 4.9176264
52.355125 4.880657
52.30924 4.762187
52.299686 5.0266776
52.321102 4.792591
52.37274 4.883575
52.378613 4.900546
52.438805 4.824924
52.363586 4.8883486
52.308136 4.7476816
52.35943 4.8653855
52.375866 4.896627
52.3498 4.912382
52.378613 4.900546
52.34832 4.917345
52.375145 4.9000897
52.38195 4.6379633
52.35927 4.8894525
52.30924 4.762187
52.291157 4.7340775
52.32911 4.7852325
52.361187 4.915082
52.396 4.927003
52.306114 4.678777
52.377983 4.8998594
52.30408 4.7501254
52.3626 4.8879614
52.375607 4.896791
52.375034 4.8838243
52.30924 4.762187
52.30924 4.762187
52.33456 4.861557
52.33207 4.878477
52.30339 4.8578324
52.37302 4.892628
52.384045 4.9058995
52.340435 4.8428645
52.370285 4.8849354
52.371613 4.883178
52.367016 4.891587
52.362484 4.8987007
52.363415 4.8835516
52.293503 4.8332005
52.33559 4.859955
52.336697 4.873404
52.30164 4.6643386
52.385765 4.874711
52.341003 4.858269
52.301567 4.6643577
52.30924 4.762187
52.30924 4.762187
52.40007 4.841618
52.31275 4.945459
52.309017 4.761586
52.30824 4.769229
52.30924 4.762187
52.363174 4.898465
52.30924 4.762187
52.303123 4.953117
52.36511 4.935754
52.37383 4.891491
52.310417 4.6813755
52.383595 4.635737
52.303272 4.7492943
52.352104 4.856568
52.376564 4.86906
52.30924 4.762187
52.347538 4.8560534
52.34702 4.894993
52.378613 4.900546
52.36514 4.884677
52.351147 4.835895
52.342564 4.7843957
52.357582 4.8339415
52.362316 4.9108243
52.30587 4.836185
52.300003 4.955349
52.497852 4.9512124
52.316574 4.9324694
52.370834 4.9006414
52.309376 4.947158
52.484585 4.6665716
52.30924 4.762187
52.301975 4.69246
52.32419 5.113318
52.299686 5.0266776
52.320557 5.1405325
52.320557 5.1405325
52.36609 4.896469
52.44114 4.6536436
52.277008 4.752016
52.375782 4.907799
52.3388 4.8733377
52.38436 4.875041
52.357746 4.8915873
52.365997 4.897156
52.294613 4.9573903
52.389088 4.8374133
52.378613 4.900546
52.380005 4.900125
52.30924 4.762187
52.30924 4.762187
52.30924 4.762187
52.36363 4.882618
52.361897 4.89913
52.352547 4.889957
52.4346 4.6507573
52.453514 4.643433
52.439453 4.822048
52.378613 4.900546
52.309055 4.761801
52.269745 5.1358347
52.388004 4.638376
52.40243 4.839906
52.305637 4.752727
52.355198 4.905666
52.374763 4.887623
52.377617 4.9013615
52.34832 4.917345
52.390083 4.8404217
52.380947 4.6389923
52.356 4.895718
52.35988 4.885161
52.296043 4.6638765
52.51356 4.992981
52.516743 4.9820423
52.516068 4.9935265
52.322124 4.801348
52.36956 4.8791895
52.29777 4.7083387
52.30924 4.762187
52.32608 5.1395845
52.38398 4.8846416
52.201336 4.898384
52.30924 4.762187
52.309685 4.761672
52.31247 4.940963
52.352135 4.930418
52.37384 4.8751774
52.363464 4.8831944
52.37833 4.8453393
52.273403 4.7510734
52.388866 4.887576
52.363464 4.8831944
52.3396 4.8731318
52.37172 4.902073
52.367897 4.891927
52.390186 4.887616
52.37754 4.894297
52.371452 4.8392305
52.374973 4.8229756
52.375206 4.6212964
52.3388 4.8733377
52.361195 4.8994327
52.30924 4.762187
52.35988 4.885161
52.364254 4.890973
52.378613 4.900546
52.419724 4.631381
52.496067 5.0682807
52.307503 4.7572165
52.369102 4.8902545
52.363037 4.898575
52.36691 4.892698
52.355305 4.8397083
52.302063 4.9498343
52.355305 4.8397083
52.500862 4.76429
52.304146 4.8841643
52.35996 4.889222
52.452778 4.827456
52.34016 4.874334
52.314434 4.9325395
52.50493 4.7791
52.30924 4.762187
52.357788 4.833982
52.29777 4.707974
52.342445 4.8546267
52.28364 4.834391
52.370293 4.8874035
52.376953 4.920744
52.36422 4.882897
52.518337 4.979396
52.331066 4.8773074
52.314434 4.9325395
52.383476 4.734807
52.388004 4.638376
52.370384 4.894924
52.365437 4.8872
52.360867 4.9065433
52.303833 4.951186
52.36609 4.896469
52.30415 4.7624445
52.277218 4.7526383
52.405293 4.888176
52.36724 4.8912764
52.376953 4.920744
52.307842 4.756918
52.378613 4.900546
52.350285 5.181172
52.451534 5.034609
52.37533 4.895898
52.246025 4.826987
52.366108 4.897767
52.375664 4.888359
52.278603 4.832648
52.277218 4.7526383
52.277218 4.7526383
52.38086 4.968382
52.494534 4.967982
52.378613 4.900546
52.37567 4.88838
52.365433 4.902818
52.271385 4.9744873
52.376446 4.887934
52.417694 4.892857
52.37992 4.8845816
52.404064 4.6291676
52.378613 4.900546
52.295876 4.636114
52.30924 4.762187
52.388004 4.638376
52.391407 4.8783345
52.36562 4.895848
52.3741 4.894402
52.36259 4.921457
52.30469 5.0391006
52.348637 4.831493
52.496067 5.0682807
52.38666 4.6436048
52.3626 4.8879614
52.276234 4.7479844
52.349113 4.9703298
52.495377 4.7508307
52.31279 5.04302
52.48724 4.94931
52.487823 4.8121367
52.50016 4.768662
52.346508 4.9176264
52.37155 4.92556
52.308754 4.951873
52.378613 4.900546
52.36063 4.6483345
52.372665 4.891625
52.372528 4.8915563
52.362247 4.883912
52.340317 4.798909
52.39024 4.888828
52.309814 4.8513503
52.394722 4.837847
52.36363 4.882618
52.335976 4.8642254
52.34832 4.917345
52.37669 4.6416817
52.363842 4.834299
52.38069 4.646744
52.29777 4.7083387
52.38253 4.8876877
52.513943 4.993645
52.36157 4.888153
52.37302 4.892628
52.356903 4.918481
52.331326 4.6294284
52.351265 4.923695
52.278603 4.832648
52.393463 4.627392
52.366337 4.896341
52.30942 4.7636566
52.30924 4.762187
52.36776 4.8897047
52.312286 4.938641
52.378613 4.900546
52.48885 4.9655447
52.304146 4.8841643
52.39103 4.905346
52.505817 5.071574
52.358383 4.881052
52.365284 4.8855586
52.369102 4.8902545
52.356705 5.005752
52.3388 4.8733377
52.37833 4.8453393
52.49668 4.9383974
52.49645 4.9384403
52.368855 4.888905
52.296604 4.9873786
52.302097 5.0357265
52.35325 4.832447
52.37734 4.9161105
52.365433 4.902818
52.368454 4.8887577
52.368546 4.852797
52.376156 4.886229
52.449608 4.6784
52.50493 4.7791
52.494152 4.96859
52.30339 4.8578324
52.37426 4.901214
52.382 4.7840695
52.351147 4.835895
52.3963 4.906093
52.38098 4.890326
52.30924 4.762187
52.380875 4.890577
52.311077 4.9474525
52.390045 4.887693
52.306644 4.7651954
52.392136 4.911219
52.367775 4.892553
52.293198 4.9942665
52.510506 4.9454207
52.486687 4.962561
52.346657 4.918141
52.35726 4.992549
52.36997 4.8795075
52.378155 4.89553
52.37865 4.8967266
52.30924 4.762187
52.350033 4.646553
52.38019 4.8208365
52.3973 4.9518147
52.34615 4.864239
52.309895 4.7613826
52.37569 4.907863
52.21568 4.935007
52.34648 4.946541
52.369045 4.895314
52.360603 4.931379
52.388004 4.638376
52.21353 4.860905
52.37053 4.89317
52.343624 5.1524806
52.399597 4.896709
52.40047 4.6273546
52.378613 4.900546
52.35552 4.903367
52.365997 4.897156
52.365513 4.8928103
52.36609 4.896469
52.356 4.895718
52.36422 4.882897
52.37854 4.8997107
52.312317 4.943976
52.452778 4.827456
52.500607 4.9933276
52.37854 4.8997107
52.379627 4.897564
52.284634 5.149571
52.377777 4.631783
52.34124 4.863522
52.386307 4.836082
52.360966 4.908451
52.355663 4.884313
52.387165 4.8722863
52.336132 4.7803187
52.34959 4.874019
52.307644 4.7704234
52.307644 4.7704234
52.336037 4.9369283
52.342167 4.890048
52.49645 4.9384403
52.38895 4.8379006
52.438107 4.8139215
52.375565 4.900705
52.368546 4.874503
52.3027 4.860321
52.201878 4.88527
52.36861 4.8902173
52.354057 4.882971
52.361187 4.915082
52.364777 4.902348
52.36766 4.9003744
52.376514 4.6311073
52.382206 4.887107
52.341034 4.8700957
52.30927 4.760702
52.362366 4.888916
52.51644 4.9937434
52.357067 4.839987
52.304573 4.762148
52.484127 4.6675305
52.33983 4.8743224
52.378613 4.900546
52.30415 4.7624445
52.299576 4.944975
52.36363 4.882618
52.381428 4.6354246
52.38435 4.884002
52.383835 4.6291785
52.359318 4.8825765
52.358337 4.89911
52.391212 4.8564506
52.368256 4.6280313
52.36217 4.8539066
52.354504 4.871953
52.30924 4.762187
52.45267 4.6523314
52.388905 4.8383527
52.318253 4.6412163
52.350388 4.8325253
52.36583 4.897252
52.336052 4.9305344
52.312374 4.94756
52.382042 4.9027777
52.38109 4.8997965
52.38436 4.900782
52.337566 4.8744535
52.37698 4.894722
52.309685 4.761672
52.435368 4.8163376
52.342564 4.7843957
52.30408 4.7501254
52.358044 4.86763
52.378613 4.900546
52.365 4.884096
52.3909 4.9045343
52.37302 4.892628
52.370373 4.8846507
52.36422 4.882897
52.36609 4.896469
52.384777 4.859038
52.302116 4.870306
52.461666 4.642743
52.461666 4.642743
52.30924 4.762187
52.357746 4.8915873
52.451534 5.034609
52.308784 4.951914
52.371006 4.898651
52.366276 4.88617
52.30924 4.762187
52.380005 4.900125
52.30924 4.762187
52.30924 4.762187
52.357746 4.8915873
52.357746 4.8915873
52.388172 4.638419
52.30408 4.7501254
52.375107 4.8839273
52.334213 4.866686
52.378613 4.900546
52.307587 4.7652984
52.357746 4.8915873
52.336937 4.8720503
52.366776 4.8913407
52.30164 4.6643386
52.301567 4.6643577
52.3625 4.9105453
52.357746 4.8915873
52.50053 4.962883
52.358692 4.8860083
52.294613 4.9573903
52.400967 4.8917055
52.419724 4.631381
52.303833 4.951186
52.339993 4.8887014
52.373764 4.912273
52.26963 4.753081
52.36466 4.8588753
52.376266 4.940645
52.444458 4.8373346
52.360035 4.8797708
52.383476 4.734807
52.358383 4.881052
52.45662 5.0321274
52.357746 4.8915873
52.44403 4.6321106
52.39044 4.836683
52.43658 4.671954
52.358425 4.867935
52.305634 4.9509616
52.30924 4.762187
52.370167 4.896691
52.38351 4.886238
52.388004 4.638376
52.30924 4.762187
52.362495 4.883746
52.376312 4.9059
52.287888 4.7552123
52.378613 4.900546
52.386253 4.6473737
52.384945 4.6483235
52.368866 4.8852253
52.30408 4.7501254
52.376816 4.639996
52.30924 4.762187
52.381767 4.9171486
52.366455 4.886298
52.373505 4.6372175
52.438107 4.8139215
52.45847 4.670863
52.50493 4.7791
52.298412 5.027377
52.314434 4.9416947
52.35829 4.8930297
52.371986 4.891129
52.362396 4.9256897
52.383354 4.885954
52.453514 4.643433
52.30924 4.762187
52.3625 4.9105453
52.380936 4.8541145
52.380913 4.854361
52.43866 4.8174434
52.382145 4.85562
52.296043 4.6638765
52.50866 4.9562426
52.304146 4.8841643
52.36363 4.882618
52.30924 4.762187
52.51519 5.0005817
52.337936 4.8729944
52.30907 4.761908
52.36609 4.896469
52.373764 4.912273
52.321953 4.942964
52.388756 4.838027
52.388905 4.8383527
52.373764 4.912273
52.36363 4.882618
52.390083 4.8404217
52.384556 4.8474383
52.38683 4.639633
52.375107 4.8839273
52.30924 4.762187
52.30745 5.142454
52.35432 4.8662567
52.37079 4.8981004
52.46698 4.825696
52.340405 4.868171
52.38069 4.821195
52.369667 4.8962064
52.330975 4.852314
52.375107 4.8839273
52.383774 4.885483
52.491184 4.6965375
52.207237 4.866838
52.309055 4.761801
52.378613 4.900546
52.341793 4.889366
52.38435 4.884002
52.346508 4.9176264
52.308315 5.125229
52.36157 4.888153
52.37339 4.8939695
52.37569 4.888104
52.353825 4.883099
52.33181 4.97909
52.438076 4.808692
52.38731 4.6680307
52.37366 4.897864
52.32502 4.9266214
52.438107 4.8139215
52.37854 4.8997107
52.35736 4.930544
52.362675 4.893501
52.36724 4.8912764
52.36363 4.882618
52.33113 4.8769073
52.36002 4.9052453
52.36562 4.895848
52.278603 4.832648
52.302994 4.8594913
52.373764 4.912273
52.457024 4.815819
52.376312 4.9059
52.312317 4.943976
52.36363 4.882618
52.355995 4.870701
52.37339 4.8939695
52.2985 4.898545
52.397217 4.94013
52.496593 4.935631
52.30924 4.762187
52.49701 4.938805
52.37255 4.893922
52.373787 4.93501
52.286507 4.96005
52.375782 4.907799
52.3625 4.9105453
52.346508 4.9176264
52.30924 4.762187
52.342552 4.8120584
52.373764 4.912273
52.30924 4.762187
52.30924 4.762187
52.312374 4.94756
52.30924 4.762187
52.293007 4.6991444
52.37366 4.897864
52.30924 4.762187
52.373245 4.752271
52.378613 4.900546
52.357574 4.855882
52.30924 4.762187
52.36363 4.882618
52.42435 4.6728544
52.49455 5.072384
52.3366 4.873519
52.373383 4.876471
52.4187 4.8268294
52.38118 4.6300077
52.35702 4.789951
52.38118 4.6300077
52.36422 4.882897
52.354164 4.8689876
52.370003 4.877819
52.400967 4.8917055
52.30924 4.762187
52.374863 4.899439
52.382 4.7840695
52.351147 4.835895
52.363842 4.834299
52.312317 4.943976
52.30907 4.761908
52.33728 4.8897314
52.440853 4.8250794
52.37363 4.903291
52.378613 4.900546
52.306114 4.678777
52.30924 4.762187
52.293198 4.9942665
52.2963 4.989056
52.358597 4.878925
52.38105 4.7923565
52.45026 4.809531
52.366425 4.895435
52.36947 4.8803687
52.37191 4.92639
52.32848 4.910323
52.37429 4.9367666
52.374344 4.905044
52.366444 4.897749
52.358383 4.881052
52.301975 4.69246
52.36654 4.8978467
52.364044 4.8829722
52.365997 4.897156
52.312317 4.943976
52.388905 4.8383527
52.382347 4.6387577
52.3625 4.9105453
52.37302 4.892628
52.36986 4.8812985
52.361126 4.900194
52.362186 4.882934
52.35143 4.935923
52.361294 4.6527615
52.35489 4.8898964
52.378624 4.8408256
52.372673 4.938665
52.40047 4.6273546
52.366886 4.894039
52.300827 4.664846
52.30164 4.6643386
52.38436 4.900782
52.358383 4.881052
52.37742 4.631295
52.357582 4.8339415
52.360992 4.882951
52.312847 4.929042
52.428104 4.819615
52.364174 4.8591757
52.30339 4.8578324
52.328205 4.8020554
52.421097 4.826637
52.371723 4.914837
52.371723 4.914837
52.34897 4.9170856
52.373764 4.912273
52.4308 4.6987014
52.428104 4.819615
52.330383 4.631295
52.39052 4.6377726
52.37302 4.892628
52.382347 4.6387577
52.400967 4.8917055
52.33212 4.628614
52.379395 4.8938227
52.380005 4.900125
52.4393 4.845038
52.30844 4.7653413
52.36462 4.8835516
52.35674 4.9524765
52.372334 4.900005
52.367172 4.890624
52.367256 4.898837
52.37366 4.897864
52.331497 4.6291494
52.273773 4.79122
52.35985 4.8769426
52.386215 4.8717403
52.378613 4.900546
52.36645 4.890474
52.34064 4.623592
52.33388 4.6317782
52.364017 4.8931494
52.375732 4.895048
52.373234 4.879047
52.36363 4.882618
52.30339 4.8578324
52.391277 4.6493654
52.378613 4.900546
52.364822 4.864502
52.331326 4.6294284
52.492832 5.074263
52.363415 4.8835516
52.364506 4.88099
52.36363 4.882618
52.389946 4.6267133
52.371178 4.912211
52.376694 4.896382
52.368458 4.900532
52.47298 4.847041
52.36363 4.882618
52.358578 4.87898
52.36654 4.894648
52.384106 4.868551
52.36422 4.882897
52.28856 4.850464
52.254154 5.033999
52.36663 4.893752
52.48693 4.9590263
52.312256 4.945607
52.366886 4.894039
52.371334 4.6402135
52.371944 4.638808
52.38436 4.900782
52.503975 5.0592766
52.35943 4.8653855
52.378613 4.900546
52.38069 4.646744
52.385265 4.64764
52.386253 4.6473737
52.358044 4.86763
52.38436 4.900782
52.486687 4.962561
52.30924 4.762187
52.388004 4.638376
52.440735 4.638969
52.441654 4.6359415
52.306328 5.0398493
52.386288 4.8735056
52.268696 4.748535
52.36694 4.912172
52.33859 4.978621
52.36363 4.882618
52.373867 4.894226
52.36363 4.882618
52.358044 4.86763
52.50053 4.962883
52.371204 4.898149
52.364098 4.8814487
52.360115 4.6614695
52.302097 5.0357265
52.35919 4.926108
52.427483 4.820845
52.31324 5.0244637
52.36422 4.882897
52.39052 4.6377726
52.291122 5.1166763
52.367584 4.899065
52.383476 4.734807
52.32608 5.1395845
52.38436 4.900782
52.38479 4.6705465
52.378613 4.900546
52.264347 4.7065797
52.339245 4.8586435
52.431396 4.8219147
52.361492 4.899291
52.360394 4.878354
52.357124 4.8923182
52.305138 4.93298
52.33233 4.629557
52.324226 4.6535707
52.376205 4.894999
52.369095 4.892549
52.428795 4.824228
52.348366 4.917521
52.33979 4.6562386
52.379726 4.9002028
52.363415 4.8835516
52.377773 4.900879
52.510185 5.044425
52.364822 4.881478
52.36363 4.882618
52.30924 4.762187
52.374775 4.891622
52.30097 5.0621047
52.295876 4.636114
52.302063 4.9498343
52.30873 4.8776608
52.428104 4.819615
52.38182 4.629514
52.2522 4.756617
52.37606 4.8972263
52.37366 4.897864
52.30934 4.765322
52.486687 4.962561
52.30924 4.762187
52.382942 4.889517
52.316307 4.956573
52.311153 4.7613072
52.31189 4.9471307
52.36663 4.893752
52.381367 4.884738
52.494324 5.07598
52.36109 4.865554
52.36109 4.865554
52.336937 4.8720503
52.36664 4.6514225
52.36363 4.882618
52.35346 4.832451
52.375137 4.894114
52.378696 4.730807
52.382378 4.893229
52.34122 5.132967
52.295784 4.752835
52.372334 4.900005
52.358578 4.87898
52.377983 4.8998594
52.30924 4.762187
52.292618 4.946833
52.365997 4.897156
52.36663 4.9263177
52.368214 4.9706583
52.29394 4.994422
52.36363 4.882618
52.348957 5.174478
52.35987 4.925549
52.49668 4.9383974
52.36479 4.9177275
52.378613 4.900546
52.361042 4.872321
52.36663 4.893752
52.36363 4.882618
52.495186 4.9536004
52.379673 4.655715
52.32419 5.113318
52.36661 4.63917
52.36063 4.6483345
52.364388 4.882767
52.373898 4.849332
52.44542 4.6363854
52.302063 4.9498343
52.37339 4.8939695
52.371628 4.893811
52.362537 4.927776
52.503006 4.7525954
52.358044 4.86763
52.365803 4.866683
52.341034 4.8700957
52.46087 4.811379
52.35839 4.8792605
52.371746 4.636979
52.358547 4.8791265
52.36363 4.882618
52.36607 4.893412
52.37814 4.8992496
52.312256 4.945607
52.39295 4.6405373
52.368484 4.8923125
52.378513 4.899672
52.310616 4.69828
52.369507 4.8893237
52.30924 4.762187
52.37569 4.888104
52.35464 4.953194
52.388905 4.8383527
52.371605 4.893251
52.509895 4.946051
52.401283 4.839315
52.310337 4.945406
52.370373 4.883181
52.34832 4.917345
52.30924 4.762187
52.34897 4.9170856
52.37339 4.8939695
52.34758 4.9191847
52.37591 4.894571
52.346508 4.9176264
52.38118 4.6300077
52.347736 4.9194913
52.33199 4.88353
52.38584 4.848029
52.376686 4.9222183
52.309677 4.811935
52.49872 4.769034
52.39046 4.827871
52.334633 4.862051
52.33324 4.8657694
52.314434 4.9416947
52.31337 4.950573
52.373283 4.879964
52.30924 4.762187
52.366344 4.940057
52.30907 4.761908
52.30746 4.765324
52.3691 4.87898
52.40024 4.876121
52.37421 4.935007
52.36363 4.882618
52.26995 4.738867
52.34504 4.9673223
52.37125 4.927411
52.36466 4.8588753
52.36363 4.882618
52.380493 4.638647
52.375034 4.8838243
52.40241 4.93413
52.311153 4.7613072
52.36063 4.6483345
52.378613 4.900546
52.35674 4.9524765
52.30924 4.762187
52.37302 4.892628
52.378613 4.900546
52.374855 4.883677
52.351425 5.171178
52.30924 4.762187
52.382523 4.857742
52.3092 4.946505
52.472015 4.8000135
52.35199 4.911293
52.38916 4.611093
52.3762 4.899548
52.283688 4.8314633
52.289326 4.668299
52.360146 4.6550813
52.414658 4.8963895
52.3697 4.896242
52.381325 4.891156
52.50498 5.0836663
52.365433 4.902818
52.371452 4.8392305
52.32978 5.0671034
52.404003 4.636028
52.353523 4.915521
52.302887 4.968412
52.366768 4.893239
52.40007 4.841618
52.391212 4.8564506
52.3785 4.8962655
52.30959 4.7722497
52.29928 5.039308
52.380005 4.900125
52.305077 4.766744
52.373585 4.892725
52.380936 4.8541145
52.317223 4.6674485
52.298088 4.9601126
52.389595 4.78166
52.38455 4.865034
52.37569 4.907863
52.37366 4.897864
52.337215 4.9202013
52.366955 4.9136753
52.300053 4.94505
52.37366 4.897864
52.38697 4.8700194
52.30924 4.762187
52.302097 5.0357265
52.513138 4.9563575
52.321697 4.801866
52.31279 5.04302
52.359 4.8842316
52.37043 4.912289
52.337215 4.9202013
52.3388 4.8733377
52.309376 4.947158
52.378613 4.900546
52.29923 4.849494
52.38998 4.8378763
52.36422 4.882897
52.3156 4.9473605
52.355316 4.861953
52.35126 4.871768
52.391296 4.647238
52.36609 4.896469
52.278603 4.832648
52.377968 4.878725
52.365437 4.885462
52.31389 5.0269313
52.362156 4.8756523
52.36363 4.882618
52.307575 4.763399
52.346508 4.9176264
52.393204 4.849225
52.3463 4.8344564
52.372356 4.885649
52.300003 4.955349
52.3773 4.920416
52.39976 4.844875
52.383694 4.629307
52.316307 4.956573
52.277218 4.7526383
52.39617 4.800768
52.37539 4.895685
52.37302 4.892628
52.358597 4.878925
52.36793 4.834079
52.371407 4.89427
52.36776 4.8897047
52.378223 4.8994436
52.289825 4.8405194
52.277523 4.8589234
52.344685 4.853361
52.503975 5.0592766
52.36271 5.183421
52.310715 4.763676
52.468197 4.663578
52.546608 4.9574304
52.304142 4.762691
52.54656 4.9573393
52.29503 4.94371
52.404182 4.627497
52.36568 4.890976
52.3544 4.897928
52.37302 4.892628
52.392838 4.872265
52.307587 4.7652984
52.39594 4.870019
52.368797 4.887959
52.220215 4.933462
52.201336 4.898384
52.30924 4.762187
52.390938 4.607241
52.257942 4.7663293
52.309814 4.8513503
52.307575 4.763399
52.376556 4.905753
52.285942 4.810271
52.392708 4.833108
52.30924 4.762187
52.391212 4.8564506
52.37366 4.897864
52.30924 4.762187
52.370018 4.893272
52.31445 4.9601355
52.379726 4.9002028
52.378613 4.900546
52.354885 4.893229
52.365997 4.897156
52.36462 4.8835516
52.347828 4.9540668
52.39311 4.8864055
52.48724 4.94931
52.321354 4.8758073
52.294613 4.9573903
52.36733 4.871988
52.367344 4.872061
52.367016 4.891587
52.278603 4.832648
52.30924 4.762187
52.36363 4.882618
52.288197 4.8534193
52.36363 4.882618
52.370834 4.9006414
52.363483 4.882385
52.363068 4.8818455
52.381325 4.891156
52.37123 4.6501164
52.30314 4.751065
52.277008 4.752016
52.35724 4.8747416
52.323643 4.936509
52.30924 4.762187
52.360897 4.906707
52.334213 4.8694754
52.36422 4.882897
52.35226 4.891191
52.342052 5.1582527
52.36363 4.882618
52.34426 4.7911177
52.37021 4.8501697
52.371 4.900555
52.382 4.7840695
52.350033 4.646553
52.2597 4.687042
52.36276 4.86065
52.299545 4.912528
52.38105 4.7923565
52.30924 4.762187
52.346344 4.946633
52.37606 4.884327
52.372265 4.8888836
52.36912 4.6473403
52.380405 4.847863
52.378613 4.900546
52.30924 4.762187
52.364597 4.883595
52.36462 4.8835516
52.363873 4.882447
52.345562 4.7636
52.342876 4.7739553
52.34118 4.7681966
52.293198 4.9942665
52.36766 4.9003744
52.379868 4.751881
52.46547 4.9587493
52.309055 4.761801
52.397217 4.94013
52.376816 4.9050345
52.25778 4.991245
52.500095 4.9729815
52.364044 4.8829722
52.30924 4.762187
52.37591 4.894571
52.380203 4.640779
52.309822 4.8115034
52.39156 4.8424735
52.344795 4.777963
52.302097 5.0357265
52.307644 4.7704234
52.32608 5.1395845
52.35726 4.992549
52.375675 4.887795
52.345505 4.81133
52.366962 4.852679
52.3377 4.91695
52.346504 4.867787
52.337498 4.85651
52.311283 4.846727
52.220215 4.933462
52.309742 4.950518
52.31337 4.950573
52.30729 4.947624
52.30924 4.762187
52.41628 4.824661
52.361927 4.8828287
52.344322 4.836551
52.31231 5.0250435
52.31231 5.0250435
52.34705 4.842574
52.2923 4.85477
52.31472 4.953853
52.376686 4.9222183
52.387707 4.8348804
52.50053 4.962883
52.383453 4.63274
52.36793 4.834079
52.51299 4.960085
52.312374 4.94756
52.30924 4.762187
52.314796 4.935181
52.327618 4.9644637
52.353752 4.892822
52.357746 4.8915873
52.348267 4.8841524
52.340927 4.845775
52.37339 4.8939695
52.308754 4.951873
52.363483 4.882385
52.499084 4.6997023
52.259983 4.686259
52.380207 4.639444
52.38182 4.629514
52.327057 4.962291
52.312798 4.9404078
52.365433 4.880206
52.34158 4.7922707
52.34144 4.7925096
52.373356 4.8625135
52.35095 5.183164
52.352753 4.903008
52.37345 4.8867393
52.403675 4.649749
52.34188 4.6782174
52.307358 4.765243
52.358383 4.881052
52.385727 4.649326
52.36363 4.882618
52.30924 4.762187
52.259438 4.794903
52.38554 4.921714
52.37908 4.7509356
52.30758 4.9505115
52.388065 4.8387227
52.354786 4.8407364
52.384327 4.8839297
52.346508 4.9176264
52.403885 4.8887873
52.30924 4.762187
52.438107 4.8139215
52.469948 4.851657
52.42687 4.8497276
52.37282 4.624193
52.478745 4.660471
52.312943 4.6933966
52.311153 4.7613072
52.29923 4.849494
52.41771 4.826691
52.38976 4.8376355
52.491745 4.7985363
52.270195 4.974421
52.277008 4.752016
52.358227 4.915631
52.30995 4.8465824
52.313282 4.9503064
52.310616 4.69828
52.40459 4.9219213
52.358383 4.881052
52.37383 4.891491
52.400192 4.8932934
52.392254 4.6260166
52.35888 4.807346
52.34832 4.917345
52.351425 5.171178
52.3662 4.899119
52.338604 4.8910117
52.220215 4.933462
52.278603 4.832648
52.39163 4.852822
52.349976 4.9185815
52.31122 4.7610593
52.34989 4.8639607
52.314434 4.9416947
52.343193 4.817434
52.3388 4.8733377
52.35888 4.807346
52.32899 4.956179
52.388226 4.660392
52.301216 4.6931195
52.31269 4.9432254
52.331024 4.876206
52.404488 4.895064
52.390934 4.830323
52.388905 4.8383527
52.315052 4.9538617
52.33381 4.957364
52.336132 4.7803187
52.353752 4.892822
52.368744 4.882258
52.294964 4.683051
52.309097 4.947598
52.348366 4.917521
52.37421 4.935007
52.381325 4.891156
52.378513 4.899672
52.404003 4.636028
52.387802 4.6332307
52.347736 4.9194913
52.314686 4.954224
52.38047 4.888286
52.508724 4.9482036
52.342564 4.7843957
52.329105 4.956397
52.30924 4.762187
52.384106 4.868551
52.489246 4.884263
52.372627 4.8947525
52.3651 4.884327
52.30924 4.762187
52.337135 4.873059
52.397038 4.624408
52.333885 4.931102
52.30529 4.766954
52.291603 4.6991873
52.29167 4.7004805
52.30924 4.762187
52.36422 4.882897
52.370384 4.894924
52.344162 4.8478136
52.357746 4.899449
52.388905 4.8383527
52.380577 4.627891
52.312813 4.950757
52.37943 4.6334615
52.494404 4.952805
52.316666 5.02505
52.379726 4.9002028
52.34825 4.82471
52.301975 4.69246
52.47532 4.6564574
52.370834 4.9006414
52.3571 4.883138
52.338856 4.840996
52.35741 4.9100814
52.364647 4.882028
52.36462 4.8835516
52.30924 4.762187
52.334515 4.859873
52.37908 4.7509356
52.376766 4.897883
52.34832 4.917345
52.37952 4.8946996
52.379868 4.751881
52.31731 4.95651
52.45558 4.808107
52.376907 4.897692
52.307865 4.9362783
52.401497 4.891021
52.35988 4.885161
52.377445 4.901749
52.376686 4.9222183
52.37809 4.6487403
52.496067 5.0682807
52.374165 4.850364
52.371872 4.9288154
52.368225 4.891336
52.373486 4.8182783
52.3482 4.861771
52.359337 4.805676
52.357746 4.8915873
52.360115 4.9256296
52.372078 4.8921247
52.345776 4.884753
52.45852 4.838147
52.364105 4.8763237
52.388065 4.8387227
52.383476 4.734807
52.308323 4.765234
52.388905 4.8383527
52.374454 4.9039364
52.36132 4.8699307
52.379425 4.633092
52.306644 4.7651954
52.312813 4.950757
52.362247 4.883912
52.366673 4.894744
52.382412 4.8056874
52.509228 4.948346
52.3452 4.89533
52.35919 4.926108
52.438107 4.8139215
52.381912 4.629344
52.46087 4.811379
52.351803 4.7908807
52.36422 4.882897
52.370132 4.888169
52.347466 4.914165
52.3377 4.91695
52.49855 4.958907
52.371906 4.891962
52.376556 4.905753
52.379627 4.897564
52.36663 4.893752
52.36663 4.893752
52.311092 4.946384
52.517994 4.973612
52.307327 4.9479265
52.374268 4.895685
52.375034 4.8838243
52.3452 4.89533
52.201878 4.88527
52.404438 4.861434
52.48885 4.9655447
52.38976 4.8376355
52.35999 4.877248
52.368824 4.885731
52.30927 4.760702
52.30927 4.760702
52.3539 4.911837
52.36363 4.882618
52.309055 4.761801
52.31202 4.7572894
52.37335 4.890859
52.30924 4.762187
52.351646 4.8569694
52.378613 4.900546
52.368454 4.8887577
52.316715 4.872082
52.30924 4.762187
52.365448 4.919123
52.37762 4.907399
52.36563 4.919945
52.361187 4.915082
52.358227 4.915631
52.36469 4.917548
52.366394 4.919717
52.346703 5.181274
52.517376 4.9835715
52.278603 4.832648
52.291054 4.7303867
52.198296 4.873039
52.33771 4.872407
52.376312 4.9059
52.309814 4.8513503
52.382294 4.633
52.36375 4.657345
52.30924 4.762187
52.482628 4.8018584
52.392708 4.833108
52.30408 4.7501254
52.376686 4.9222183
52.313885 4.951669
52.317707 4.8724184
52.376686 4.9222183
52.30408 4.7501254
52.30273 4.859069
52.339195 4.7802463
52.360603 4.931379
52.378613 4.900546
52.438107 4.8139215
52.457024 4.815819
52.392254 4.6260166
52.307865 4.9362783
52.34588 4.916296
52.341755 4.876107
52.393463 4.627392
52.33737 4.816841
52.358227 4.915631
52.37366 4.897864
52.346508 4.9176264
52.220215 4.933462
52.496593 4.935631
52.364647 4.882028
52.369614 4.8911743
52.30903 4.7620583
52.30903 4.7620583
52.36462 4.8835516
52.379 4.821245
52.403885 4.8887873
52.333576 4.867669
52.360306 4.890408
52.497852 4.9512124
52.31389 5.0269313
52.392193 4.8776464
52.37377 4.88189
52.328396 4.9602094
52.336792 4.873644
52.36363 4.882618
52.370384 4.894924
52.329365 4.956288
52.3263 4.930308
52.367672 4.9251585
52.366768 4.893239
52.36766 4.9003744
52.312073 4.762107
52.353752 4.892822
52.34832 4.917345
52.357597 4.881878
52.34751 4.918886
52.38436 4.900782
52.39163 4.852822
52.468548 4.795521
52.388226 4.660392
52.388905 4.8383527
52.359325 4.6543293
52.359303 4.6540985
52.38436 4.900782
52.349506 4.903924
52.36363 4.882618
52.29826 5.042128
52.381474 4.63563
52.316307 4.956573
52.31189 4.9471307
52.201336 4.898384
52.386913 4.6382475
52.3015 4.75066
52.50735 4.979642
52.301605 4.7507763
52.33243 4.965181
52.37069 4.8981404
52.340717 4.889751
52.337376 4.8738036
52.37082 4.898046
52.378613 4.900546
52.346508 4.9176264
52.36991 4.9539037
52.362904 4.885136
52.35909 4.80491
52.30924 4.762187
52.379726 4.9002028
52.368843 4.888619
52.353752 4.892822
52.37332 4.906606
52.292847 4.7042284
52.358597 4.878925
52.35202 5.001601
52.357258 4.891235
52.36776 4.8897047
52.292847 4.7042284
52.291256 4.984145
52.302097 5.0357265
52.500607 4.9933276
52.35744 4.930185
52.369465 4.901366
52.371864 4.961772
52.30913 4.9461775
52.362244 4.880557
52.390934 4.6675324
52.35736 4.930544
52.343407 4.8465586
52.39661 4.642756
52.366768 4.893239
52.369465 4.901366
52.30924 4.762187
52.292847 4.7042284
52.36872 4.889201
52.49061 5.065362
52.381596 4.63244
52.340885 4.829961
52.380962 4.888833
52.31184 4.756839
52.49061 5.065362
52.30924 4.762187
52.371307 4.881084
52.361927 4.8828287
52.37302 4.892628
52.35952 4.80553
52.359062 4.860101
52.335117 4.9191923
52.358963 4.891738
52.35736 4.930544
52.35744 4.930185
52.30924 4.762187
52.35736 4.930544
52.35744 4.930185
52.35744 4.930185
52.35744 4.930185
52.30408 4.7501254
52.37421 4.935007
52.35736 4.930544
52.35736 4.930544
52.354595 4.8888516
52.292847 4.7042284
52.340252 4.8747077
52.35736 4.930544
52.40459 4.9219213
52.307594 4.757449
52.297024 4.706107
52.35746 4.906677
52.326653 4.874916
52.380947 4.6389923
52.309074 4.7618265
52.337566 4.8744535
52.378613 4.900546
52.341755 4.876107
52.305225 4.7673564
52.29313 4.769072
52.373234 4.879047
52.381443 4.6715007
52.308792 4.7623587
52.4187 4.8268294
52.30924 4.762187
52.37366 4.897864
52.378593 4.8458695
52.30924 4.762187
52.309166 4.761908
52.392254 4.6260166
52.334442 4.9170423
52.37797 4.9153414
52.393204 4.849225
52.329853 5.0701222
52.30729 4.947624
52.37529 4.907347
52.390045 4.887693
52.495377 4.7508307
52.308926 4.7652984
52.30712 4.94784
52.364098 4.8814487
52.37772 4.6080675
52.368023 4.895831
52.36363 4.882618
52.388065 4.8387227
52.30408 4.7501254
52.358227 4.915631
52.29918 4.8994055
52.50975 4.948308
52.30924 4.762187
52.268696 4.748535
52.293697 4.8736215
52.30924 4.762187
52.362904 4.885136
52.365433 4.902818
52.378613 4.900546
52.311363 4.9871492
52.34897 4.9170856
52.36465 4.8623834
52.388905 4.8383527
52.277893 4.785444
52.308693 4.7637005
52.376686 4.9222183
52.36778 4.8865356
52.37031 4.8865557
52.382996 4.801772
52.332043 4.8914747
52.276962 4.7470593
52.383476 4.734807
52.30907 4.761908
52.348553 4.892907
52.339462 4.8933716
52.3366 4.873519
52.367615 4.854269
52.365093 4.8594546
52.368633 4.9513707
52.3625 4.9105453
52.41842 4.888055
52.30924 4.762187
52.341515 4.964715
52.324364 4.874185
52.312645 4.9440446
52.349197 4.8773932
52.359245 4.925545
52.375782 4.907799
52.38436 4.900782
52.373287 4.8886395
52.308323 4.765234
52.310513 4.7554336
52.392708 4.833108
52.33176 4.9179726
52.33407 5.021889
52.357746 4.8915873
52.296776 4.871192
52.284584 5.149586
52.329105 4.956397
52.378613 4.900546
52.35812 4.647907
52.376686 4.9222183
52.242874 4.821131
52.242653 4.8212886
52.243027 4.821206
52.257477 4.795058
52.367138 4.8894267
52.309814 4.8513503
52.37067 4.891573
52.404182 4.627497
52.361187 4.915082
52.386665 4.643596
52.302063 4.9498343
52.386665 4.643596
52.36363 4.882618
52.369614 4.8911743
52.547626 4.911406
52.38666 4.6436048
52.30924 4.762187
52.36363 4.882618
52.344406 4.8365707
52.35698 4.8915663
52.30924 4.762187
52.34588 4.916296
52.37172 4.902073
52.30924 4.762187
52.37675 4.9052596
52.514133 4.972149
52.369007 4.892205
52.38085 4.820981
52.388905 4.8383527
52.35471 4.855333
52.365997 4.897156
52.392784 4.8415375
52.314766 4.8525043
52.2923 4.85477
52.356697 4.93195
52.449184 4.8359475
52.34588 4.916296
52.3609 4.874668
52.37302 4.892628
52.312115 5.050847
52.330383 4.9556923
52.404507 4.85072
52.364872 4.89337
52.337765 4.872883
52.3504 4.786471
52.30924 4.762187
52.376205 4.894999
52.346508 4.9176264
52.309715 4.762042
52.346508 4.9176264
52.369305 4.8791223
52.277008 4.752016
52.343246 4.8530602
52.366776 4.8913407
52.26963 4.753081
52.27306 4.973089
52.292847 4.7042284
52.372192 4.887555
52.296734 4.709755
52.29231 4.715088
52.3388 4.8733377
52.286182 4.726181
52.382908 4.629
52.37281 4.875697
52.421223 4.949314
52.34583 4.855129
52.36652 4.9042544
52.414154 4.6440997
52.340717 4.889751
52.357746 4.8915873
52.51501 4.7941685
52.36663 4.893752
52.380287 4.633281
52.36422 4.882897
52.35567 4.871012
52.349552 4.825235
52.38914 4.8354297
52.394722 4.837847
52.30924 4.762187
52.384735 4.638047
52.357212 4.872334
52.365864 4.8964643
52.346508 4.9176264
52.366817 4.9134436
52.390156 4.8917313
52.309105 4.943825
52.361195 4.8994327
52.37134 4.8721576
52.37069 4.8981404
52.347736 4.9194913
52.300003 4.955349
52.379044 4.899291
52.310616 4.69828
52.34022 4.873933
52.378513 4.899672
52.378613 4.90057
52.378796 4.885484
52.358597 4.878925
52.49958 4.7651815
52.36661 4.903942
52.30924 4.762187
52.35994 4.909446
52.38685 4.8689175
52.344414 4.8544044
52.334213 4.866686
52.358273 4.891675
52.352856 4.889798
52.35921 4.806128
52.36422 4.882897
52.378613 4.900546
52.37 4.8506284
52.365246 4.911082
52.366016 4.895541
52.30924 4.762187
52.378613 4.900546
52.37069 4.8981404
52.37082 4.898046
52.358665 4.8789835
52.28736 4.8461785
52.309017 4.761586
52.30155 4.750715
52.309017 4.761586
52.38916 4.611093
52.312252 4.9287686
52.27983 4.97517
52.356728 4.956875
52.242874 4.821131
52.242653 4.8212886
52.33399 4.9304276
52.33559 4.859955
52.391655 4.6651483
52.388905 4.8383527
52.300003 4.955349
52.398148 4.8372445
52.384106 4.868551
52.372627 4.8947525
52.372356 4.888612
52.29656 4.6507688
52.376907 4.897692
52.376907 4.897692
52.38865 4.6140957
52.30924 4.762187
52.378613 4.900546
52.309277 4.763331
52.350197 4.786173
52.364754 4.8899446
52.38436 4.900782
52.36363 4.882618
52.368546 4.874503
52.365524 4.8981643
52.30924 4.762187
52.37606 4.8972263
52.34504 4.9673223
52.388393 4.607358
52.382 4.7840695
52.360493 4.8769107
52.37665 4.8991356
52.386253 4.6473737
52.385265 4.64764
52.397102 4.663782
52.37669 4.6416817
52.344795 4.777963
52.30924 4.762187
52.304146 4.8841643
52.30924 4.762187
52.364254 4.890973
52.30476 4.7661166
52.344406 4.8365707
52.378613 4.900546
52.364155 4.898269
52.31189 4.9471307
52.337234 4.8849053
52.358044 4.86763
52.370285 4.8849354
52.30251 4.69712
52.296944 4.975405
52.31142 4.9840117
52.499084 4.6997023
52.27306 4.973089
52.378513 4.899672
52.386158 4.8753333
52.363297 4.8920717
52.30402 5.1395993
52.3126 4.9488664
52.385765 4.874711
52.511402 4.956572
52.38436 4.900782
52.3773 4.920416
52.35115 4.849337
52.288937 4.8396277
52.336937 4.8720503
52.312374 4.94756
52.370834 4.9006414
52.323444 4.9527035
52.51644 4.9937434
52.391655 4.6651483
52.35422 4.868993
52.39828 4.850507
52.293396 4.9601364
52.32899 4.956179
52.384045 4.886741
52.29734 4.9472694
52.363483 4.882385
52.308952 4.7612896
52.366455 4.886298
52.365997 4.897156
52.370216 4.895168
52.30924 4.762187
52.34751 4.918886
52.391212 4.8564506
52.378513 4.899672
52.366776 4.8913407
52.343792 4.9227853
52.37082 4.898046
52.307304 4.9478908
52.34227 4.8891706
52.344357 4.893079
52.21511 4.8616133
52.369648 4.8962092
52.36902 4.8945165
52.30924 4.762187
52.36167 4.8870106
52.3396 4.8731318
52.338516 4.7778134
52.20424 4.872069
52.363216 4.6261787
52.3599 4.8981643
52.399467 4.876763
52.38439 4.858576
52.374207 4.9002194
52.334633 4.862051
52.30924 4.762187
52.358578 4.87898
52.37933 4.896001
52.380005 4.900125
52.373383 4.9384212
52.49284 4.95389
52.342445 4.8546267
52.367626 4.9049344
52.33324 4.8657694
52.30924 4.762187
52.390934 4.6675324
52.49352 4.9519157
52.35529 4.8902035
52.31324 5.0244637
52.37352 4.878344
52.340717 4.889751
52.30413 4.749243
52.38645 4.8429785
52.30924 4.762187
52.314434 4.9325395
52.36609 4.896469
52.40348 4.8890033
52.372627 4.8947525
52.384106 4.868551
52.340717 4.889751
52.374546 4.88968
52.358974 4.804608
52.35994 4.909446
52.382576 4.6375537
52.344685 4.853361
52.444458 4.8373346
52.29313 4.769072
52.374374 4.900836
52.297024 4.706107
52.301025 5.161686
52.388393 4.607358
52.21231 4.8626566
52.378613 4.900546
52.34468 4.8909307
52.356823 4.912531
52.353825 4.883099
52.29777 4.707974
52.302063 4.9498343
52.369648 4.8962092
52.335655 5.1587896
52.31534 4.927597
52.372837 4.863133
52.29777 4.707974
52.390408 4.83146
52.30924 4.762187
52.390045 4.887693
52.36871 4.877744
52.340717 4.889751
52.37239 4.876637
52.36338 4.978781
52.36059 4.859361
52.378613 4.900546
52.379948 4.853738
52.29182 4.6892605
52.46339 4.809834
52.378765 4.849833
52.378418 4.8470025
52.37867 4.848983
52.378685 4.848375
52.314434 4.9416947
52.358383 4.881052
52.34173 4.8899393
52.340717 4.889751
52.297157 5.161099
52.368378 4.928348
52.346508 4.9176264
52.268696 4.748535
52.38019 4.884229
52.354702 4.8934746
52.371452 4.8392305
52.378204 4.8458447
52.497852 4.9512124
52.368435 4.9020753
52.292847 4.7042284
52.38442 4.868664
52.38118 4.6300077
52.361084 4.907454
52.346508 4.9176264
52.36609 4.896469
52.360966 4.908451
52.30924 4.762187
52.309814 4.8513503
52.30849 4.8104024
52.374863 4.899439
52.36339 4.905237
52.366955 4.9136753
52.37816 4.882282
52.381596 4.63244
52.349552 4.825235
52.284584 5.149586
52.288105 4.8607826
52.30932 4.7694507
52.365997 4.897156
52.378613 4.900546
52.355717 4.664183
52.427757 4.8255544
52.378685 4.885027
52.392258 4.8366866
52.351425 5.171178
52.39044 4.836683
52.38796 4.925858
52.372665 4.891625
52.286507 4.96005
52.36363 4.882618
52.34648 4.921713
52.297157 5.161099
52.311092 4.946384
52.351 4.795233
52.37248 4.894113
52.401787 4.645449
52.487152 5.032531
52.378162 4.899444
52.31189 4.9471307
52.386253 4.6473737
52.384945 4.6483235
52.37669 4.6416817
52.345905 4.625244
52.363487 5.188646
52.33902 4.786455
52.363174 4.879883
52.37302 4.892628
52.37345 4.8867393
52.31189 4.9471307
52.37898 4.750288
52.330383 4.9556923
52.332348 5.0145936
52.309685 4.761672
52.3388 4.8733377
52.393944 4.850645
52.370384 4.894924
52.386215 4.8717403
52.303177 4.935874
52.290337 4.7873473
52.34426 4.7911177
52.373505 4.6372175
52.371746 4.636979
52.346508 4.9176264
52.277008 4.752016
52.3694 4.8937
52.30314 4.751065
52.379868 4.751881
52.393997 4.6290746
52.29231 4.715088
52.35432 4.8061156
52.357574 4.855882
52.36063 4.6483345
52.351624 4.8719616
52.378613 4.900546
52.297073 4.637664
52.381767 4.9171486
52.372967 4.8803387
52.323532 4.936563
52.39044 4.836683
52.494846 4.7640452
52.36928 4.901489
52.275494 4.8201833
52.388004 4.638376
52.360847 4.9055457
52.372852 4.7526627
52.31286 4.8491335
52.378613 4.900546
52.364872 4.89337
52.21568 4.935007
52.321354 4.8758073
52.35442 4.924232
52.36003 4.9265695
52.34761 5.1854
52.32331 4.953038
52.359856 4.879259
52.34897 4.9170856
52.30924 4.762187
52.36003 4.9265695
52.351173 4.872093
52.292904 4.961967
52.37386 4.876159
52.327682 5.0621653
52.307285 4.9424253
52.348904 4.9260836
52.357803 4.656363
52.349976 4.9185815
52.37023 4.8909516
52.301067 4.844468
52.376686 4.9222183
52.37999 4.6304555
52.308537 4.9524627
52.34832 4.917345
52.347736 4.9194913
52.376686 4.9222183
52.31275 4.756976
52.370556 4.904068
52.36208 4.887929
52.34584 4.884378
52.336132 4.7803187
52.366783 5.1875157
52.434013 4.674472
52.30924 4.762187
52.392193 4.8776464
52.37082 4.898046
52.374596 4.934882
52.401497 4.891021
52.39645 4.787211
52.401497 4.891021
52.287888 4.7552123
52.37069 4.8981404
52.306824 4.8076773
52.359505 4.8973384
52.374504 4.8916564
52.354527 4.871821
52.374565 4.900618
52.334908 4.919641
52.36902 4.8945165
52.35495 4.8900967
52.36568 4.890976
52.36333 4.892177
52.30331 4.762446
52.35664 5.1795907
52.357742 4.914912
52.29651 4.915263
52.38876 4.838081
52.370625 4.9284577
52.281 4.8517547
52.350735 4.8707833
52.507854 4.950954
52.37007 4.9416537
52.342873 4.883985
52.363785 4.9363966
52.30924 4.762187
52.293007 4.6991444
52.354057 4.882971
52.372356 4.885649
52.30466 5.038841
52.276962 4.7470593
52.377968 4.878725
52.320744 4.871732
52.320744 4.871732
52.341515 4.964715
52.340717 4.889751
52.30924 4.762187
52.337887 4.783173
52.367653 5.190439
52.388004 4.638376
52.36585 4.881775
52.314434 4.9416947
52.295685 4.8772388
52.3755 4.908437
52.380005 4.900125
52.30415 4.7624445
52.358227 4.915631
52.3498 4.912382
52.30924 4.762187
52.30924 4.762187
52.36462 4.8835516
52.36357 4.870809
52.370346 4.884015
52.370354 4.884315
52.358383 4.881052
52.34832 4.917345
52.389088 4.8374133
52.201878 4.88527
52.314598 4.659499
52.36661 4.8841915
52.474163 4.656902
52.30924 4.762187
52.30924 4.762187
52.376686 4.9222183
52.309685 4.761672
52.38735 4.8406067
52.36351 4.884451
52.30924 4.762187
52.3314 4.968558
52.30924 4.762187
52.339005 4.902133
52.352135 4.930418
52.40089 4.835282
52.472015 4.8000135
52.378613 4.900546
52.389862 4.904295
52.501457 4.964164
52.302063 4.9498343
52.375034 4.8838243
52.376568 4.9073696
52.31275 4.84907
52.340435 4.8428645
52.314796 4.935181
52.302097 5.0357265
52.312374 4.94756
52.35909 4.80491
52.377445 4.9074984
52.387543 4.886384
52.35104 4.8870797
52.38479 4.859048
52.376686 4.9222183
52.30641 4.691606
52.34958 4.879744
52.363483 4.882385
52.33983 4.8743224
52.371952 4.897479
52.348145 4.8772697
52.243137 4.823524
52.365326 4.935935
52.36902 4.8945165
52.313038 4.7620063
52.312496 4.7567744
52.465992 4.9514008
52.490593 4.6790757
52.40007 4.841618
52.46547 4.9587493
52.294342 4.70907
52.346508 4.9176264
52.307644 4.7704234
52.37625 4.911613
52.388847 4.8386564
52.378613 4.900546
52.308464 4.76635
52.365524 4.8981643
52.382347 4.6387577
52.365997 4.897156
52.30924 4.762187
52.37864 4.871395
52.335976 4.8642254
52.306805 4.638623
52.377846 4.844048
52.308186 4.769625
52.378613 4.900546
52.380875 4.6362786
52.31137 4.753957
52.384174 4.884729
52.36363 4.882618
52.358383 4.881052
52.3388 4.8733377
52.358383 4.881052
52.358692 4.8860083
52.375366 4.8973885
52.37789 4.6373816
52.326515 4.879781
52.33448 4.868788
52.356213 4.928913
52.259228 5.041197
52.392082 4.8341227
52.452778 4.827456
52.35417 4.954953
52.356247 4.8274665
52.451694 4.8187556
52.39359 4.629898
52.340347 4.9175897
52.36961 4.8352294
52.364853 4.8626256
52.368324 4.909483
52.393463 4.627392
52.35352 4.862203
52.36228 4.91253
52.38118 4.6300077
52.346508 4.9176264
52.36824 4.890635
52.321865 4.77475
52.369637 4.8505692
52.378613 4.900546
52.287563 4.873929
52.36154 4.9252653
52.23888 4.9733725
52.3377 4.91695
52.359615 4.6068335
52.4704 4.8396645
52.360115 4.9256296
52.388004 4.638376
52.39114 4.635753
52.35346 4.832451
52.3557 4.8265114
52.37034 4.885793
52.3795 4.8993444
52.358383 4.881052
52.35551 4.890753
52.363842 4.834299
52.38118 4.6300077
52.37339 4.8939695
52.378036 4.8441124
52.358383 4.881052
52.32171 5.0802565
52.347828 4.9540668
52.36824 4.890635
52.351063 5.004279
52.377617 4.90066
52.3388 4.8733377
52.369495 4.907069
52.3498 4.912382
52.378613 4.900546
52.38105 4.7923565
52.30924 4.762187
52.365864 4.8964643
52.38015 4.6360345
52.36609 4.896469
52.378613 4.900546
52.30924 4.762187
52.413567 4.6276226
52.301975 4.69246
52.35793 4.8562245
52.303917 4.7628922
52.365738 4.8963885
52.33185 4.920427
52.344795 4.777963
52.328396 4.9602094
52.32978 5.0671034
52.376686 4.9222183
52.486687 4.962561
52.24269 4.8167405
52.352898 4.6332293
52.36379 4.882677
52.352856 4.889798
52.36262 4.8798227
52.336426 4.886663
52.371895 4.931182
52.36363 4.882618
52.370106 4.893545
52.29568 4.973456
52.370075 4.882363
52.35218 4.932931
52.293007 4.6991444
52.30289 4.858403
52.29764 4.9544573
52.358383 4.881052
52.30924 4.762187
52.358444 4.881077
52.359325 4.908421
52.309143 4.766158
52.363358 4.610006
52.37407 4.936536
52.33771 4.872407
52.33771 4.872407
52.336132 4.7803187
52.257477 4.795058
52.386997 4.834999
52.385464 4.6480155
52.351173 4.872093
52.302128 4.857974
52.342236 4.844885
52.372627 4.8947525
52.252922 4.7893996
52.302567 4.691736
52.308952 4.7612896
52.382862 4.8907585
52.357803 4.656363
52.30924 4.762187
52.34832 4.917345
52.35778 4.8798823
52.373936 4.896066
52.303257 4.945607
52.31189 4.9471307
52.339767 4.8729525
52.39936 4.644231
52.391212 4.8564506
52.35355 4.875167
52.370796 4.869653
52.356365 4.879314
52.36601 4.895001
52.334213 4.866686
52.308098 4.758483
52.34689 4.760585
52.349064 4.9197903
52.32899 4.956179
52.402782 4.656549
52.30924 4.762187
52.26015 4.772439
52.330647 4.6545124
52.36061 4.8868456
52.36609 4.896469
52.392258 4.8366866
52.343014 4.9202013
52.29166 4.7013216
52.376316 4.899424
52.337887 4.783173
52.37359 4.887553
52.373775 4.895844
52.37569 4.888104
52.33784 4.872075
52.306194 4.76532
52.35953 4.901781
52.375782 4.907799
52.339893 5.1317315
52.366524 4.897744
52.371517 4.9387374
52.451534 5.034609
52.36363 4.882618
52.31816 4.852438
52.37529 4.907347
52.323345 4.8869386
52.370804 4.89809
52.30924 4.762187
52.329105 4.956397
52.455906 5.0499825
52.336403 4.9315014
52.365433 4.902818
52.30924 4.762187
52.33944 4.7807794
52.268696 4.748535
52.31136 4.760172
52.35346 4.832451
52.31382 4.9469695
52.34426 4.7911177
52.388226 4.660392
52.376617 4.9063816
52.315296 4.947061
52.481113 4.6703353
52.36363 4.882618
52.307957 4.9330487
52.358692 4.8860083
52.27105 4.726088
52.327057 4.962291
52.36422 4.882897
52.37733 4.8977532
52.351173 4.872093
52.354527 4.871821
52.350887 4.8232126
52.356247 4.8274665
52.30469 5.0391006
52.32582 4.950639
52.378613 4.900546
52.380238 4.63513
52.36329 4.898483
52.30924 4.762187
52.368324 4.909483
52.373356 4.8625135
52.494774 4.686184
52.34832 4.917345
52.332806 4.871957
52.321426 4.8815
52.378613 4.900546
52.359676 4.8785176
52.48771 4.7990036
52.309814 4.8513503
52.36585 4.892816
52.303978 4.7535825
52.378613 4.900546
52.303116 4.7508945
52.30456 4.754496
52.363976 4.8983727
52.369 4.889
52.393997 4.6290746
52.36242 4.903997
52.35426 4.906607
52.391052 4.6487007
52.37538 4.8958535
52.459084 4.79899
52.360966 4.908451
52.30924 4.762187
52.364998 4.895152
52.353825 4.883099
52.36957 4.892113
52.330383 4.9556923
52.359062 4.860101
52.378613 4.900546
52.43893 4.8259597
52.343193 4.817434
52.336212 4.929695
52.37457 4.63001
52.346508 4.9176264
52.367924 4.905552
52.314434 4.9416947
52.376404 4.627036
52.30924 4.762187
52.340267 4.920695
52.378613 4.900546
52.353626 4.84156
52.297024 4.706107
52.424854 4.625028
52.2935 5.080528
52.32608 5.1395845
52.334515 4.859873
52.386574 4.8779726
52.36693 5.1909113
52.45847 4.670863
52.374268 4.895685
52.35829 4.8930297
52.364117 4.883276
52.376205 4.894999
52.352463 4.90294
52.358273 4.891675
52.349953 4.918761
52.38854 4.6424103
52.3388 4.8733377
52.397186 4.848466
52.32886 4.794631
52.37007 4.9416537
52.30924 4.762187
52.338116 4.962446
52.36276 4.86065
52.353893 4.8574114
52.36912 4.6473403
52.388004 4.638376
52.288536 4.8530984
52.29595 4.9755588
52.38252 4.903539
52.34356 4.8866415
52.34118 4.7681966
52.31038 4.9388266
52.309376 4.947158
52.36457 4.913178
52.30924 4.762187
52.201878 4.88527
52.378613 4.900546
52.374413 4.886958
52.353832 4.8411098
52.372704 4.879024
52.373978 4.9363375
52.41364 4.657257
52.341515 4.964715
52.394516 4.8383074
52.381325 4.891156
52.3465 4.9181347
52.36961 4.838203
52.340687 4.88931
52.36902 4.8945165
52.383617 4.635807
52.361 4.9064846
52.35895 4.909213
52.373245 4.752271
52.379658 4.8991976
52.30924 4.762187
52.30924 4.762187
52.37581 4.9287844
52.336285 4.8865128
52.34232 5.1327505
52.366978 4.8932505
52.37339 4.8939695
52.358692 4.8860083
52.30924 4.762187
52.37033 4.885574
52.40459 4.9219213
52.27488 4.750986
52.37428 4.901244
52.54656 4.9573393
52.502544 4.9612594
52.357746 4.8915873
52.36585 4.892816
52.30924 4.762187
52.378006 4.899028
52.36585 4.892816
52.38816 4.6380544
52.342052 5.1582527
52.36663 4.893752
52.366867 4.8941545
52.496593 4.935631
52.36663 4.893752
52.36687 4.8939586
52.366093 4.8932166
52.366276 4.897666
52.30924 4.762187
52.365982 4.8936796
52.367046 4.894032
52.372265 4.8888836
52.36422 4.882897
52.382042 4.9027777
52.36982 4.886647
52.502544 4.9612594
52.36369 4.8532104
52.375572 4.8670826
52.357635 4.844386
52.374413 4.886958
52.374542 4.889231
52.497852 4.9512124
52.348145 4.8772697
52.37891 4.851416
52.309814 4.8513503
52.363754 4.8840337
52.36379 4.882677
52.35746 4.906677
52.30924 4.762187
52.30924 4.762187
52.388905 4.8383527
52.502544 4.9612594
52.37742 4.803035
52.32502 4.9266214
52.307617 4.806548
52.3377 4.91695
52.391052 4.6487007
52.478745 4.66446
52.298088 4.9601126
52.37838 4.660828
52.323444 4.9527035
52.340717 4.889751
52.336937 4.8720503
52.378613 4.900546
52.314766 4.8525043
52.211655 4.882393
52.376686 4.9222183
52.45026 4.809531
52.439987 4.823678
52.30181 4.863829
52.285763 4.780353
52.303253 4.695392
52.391285 4.6488905
52.277008 4.752016
52.303833 4.951186
52.283688 4.8314633
52.278603 4.832648
52.37047 5.181581
52.376686 4.9222183
52.37302 4.892628
52.36363 4.882618
52.33393 4.86465
52.323532 4.936563
52.46013 4.651151
52.303967 5.0692463
52.3388 4.8733377
52.449184 4.8359475
52.35355 4.83317
52.31324 5.0244637
52.384003 4.769908
52.21568 4.935007
52.365425 4.9110885
52.325516 4.938517
52.35109 4.8738866
52.376686 4.9222183
52.484127 4.6675305
52.30924 4.762187
52.302063 4.9498343
52.344135 4.9173446
52.378613 4.900546
52.360023 4.891176
52.494846 4.7640452
52.472015 4.8000135
52.30849 4.8104024
52.500095 4.9729815
52.3625 4.9105453
