52.38697 4.8700194
52.36145 4.8991437
52.32171 5.0802565
52.378716 4.8999023
52.370384 4.894924
52.497852 4.9512124
52.303295 4.6771607
52.38145 4.636801
52.370384 4.894924
52.364044 4.8829722
52.378613 4.900546
52.362247 4.883912
52.364506 4.88099
52.363705 4.903044
52.43897 4.8244157
52.310516 4.761935
52.358597 4.878925
52.36609 4.896469
52.369007 4.8887
52.35108 4.885138
52.35747 4.926745
52.337643 4.9212575
52.371746 4.636979
52.406105 4.63843
52.352894 4.8918815
52.352196 4.8916197
52.30507 4.705014
52.30924 4.762187
52.370285 4.8849354
52.36609 4.896469
52.378613 4.900546
52.404064 4.6291676
52.316578 4.945372
52.30924 4.762187
52.361244 4.883879
52.30924 4.762187
52.363457 4.881803
52.30942 4.7636566
52.30924 4.762187
52.30924 4.762187
52.30929 4.764161
52.30924 4.762187
52.31322 4.767648
52.340717 4.889751
52.34504 4.9673223
52.309227 4.7722826
52.28248 4.706887
52.307613 4.8015833
52.378613 4.900546
52.30924 4.762187
52.379044 4.899291
52.308693 4.7637005
52.309055 4.761801
52.378006 4.899028
52.366337 4.896341
52.30924 4.762187
52.493866 5.0733433
52.311153 4.7613072
52.37302 4.892628
52.380936 4.8541145
52.31324 5.0244637
52.3925 4.872379
52.371746 4.636979
52.366016 4.895541
52.36422 4.882897
52.36609 4.896469
52.20729 4.865484
52.365948 4.866901
52.50865 4.949684
52.366444 4.8906326
52.377644 4.7571287
52.36605 4.8954887
52.21353 4.860905
52.37539 4.8814545
52.30837 4.9526978
52.369137 4.851349
52.3457 4.8909464
52.30924 4.762187
52.497852 4.9512124
52.30924 4.762187
52.437496 4.860507
52.30924 4.762187
52.30924 4.762187
52.30924 4.762187
52.34554 4.9091077
52.359856 4.8740263
52.307644 4.7704234
52.346325 4.952278
52.310707 4.9665713
52.361244 4.883879
52.4516 4.834675
52.30452 4.7623534
52.50301 4.759212
52.34682 4.9589095
52.37854 4.8997107
52.362904 4.885136
52.30924 4.762187
52.30924 4.762187
52.287403 4.8577166
52.379044 4.899291
52.301098 5.152541
52.30924 4.762187
52.311153 4.7613072
52.371746 4.636979
52.30924 4.762187
52.343388 4.855399
52.31189 4.9471307
52.30924 4.762187
52.33437 4.8890877
52.38203 4.785283
52.44644 4.886706
52.37366 4.897864
52.32169 4.6642685
52.41364 4.657257
52.51028 4.961668
52.364426 4.8827577
52.379627 4.897564
52.378323 4.91282
52.356438 4.8974347
52.365498 4.895525
52.37202 4.890926
52.386677 4.869504
52.364822 4.881478
52.321354 4.8758073
52.342445 4.8546267
52.367714 4.9318314
52.44463 4.819085
52.378323 4.91282
52.37366 4.897864
52.36314 4.8834605
52.438824 4.82423
52.366104 4.8995857
52.31629 4.9558964
52.37366 4.897864
52.37529 4.630534
52.37302 4.892628
52.30924 4.762187
52.328205 4.8020554
52.49739 5.072246
52.358044 4.86763
52.37302 4.892628
52.370285 4.8849354
52.36422 4.882897
52.36609 4.896469
52.328205 4.8020554
52.4308 4.6987014
52.409233 4.9424047
52.358044 4.86763
52.370285 4.8849354
52.286507 4.96005
52.328205 4.8020554
52.36422 4.882897
52.37302 4.892628
52.32419 5.113318
52.30924 4.762187
52.358044 4.86763
52.37302 4.892628
52.370285 4.8849354
52.36609 4.896469
52.30924 4.762187
52.358044 4.86763
52.378613 4.900546
52.30924 4.762187
52.358044 4.86763
52.370285 4.8849354
52.36609 4.896469
52.36422 4.882897
52.312885 4.761629
52.29431 4.9580016
52.358044 4.86763
52.370285 4.8849354
52.37302 4.892628
52.30924 4.762187
52.309277 4.763331
52.305996 4.704145
52.308693 4.7637005
52.373768 4.89931
52.30924 4.762187
52.378723 4.9006147
52.346226 4.9172664
52.375893 4.628008
52.34466 4.861293
52.312645 4.9440446
52.359596 4.890296
52.39659 4.8696203
52.392838 4.872265
52.37366 4.897864
52.312645 4.9440446
52.370083 4.893313
52.365505 4.89588
52.312645 4.9440446
52.368034 4.8903375
52.37202 4.890926
52.497852 4.9512124
52.369587 4.9657345
52.371925 4.890461
52.312645 4.9440446
52.306034 4.694288
52.30924 4.762187
52.354237 4.9128304
52.50822 4.9498277
52.362247 4.883912
52.278065 4.8457847
52.39044 4.825087
52.363914 4.8786592
52.358597 4.878925
52.43897 4.8244157
52.36466 4.882366
52.38697 4.8700194
52.394638 4.850144
52.312645 4.9440446
52.35991 4.8637633
52.38697 4.8700194
52.21353 4.860905
52.363636 4.935608
52.380882 4.85409
52.380985 4.854319
52.380936 4.8541145
52.380547 4.854185
52.37972 4.6319127
52.36673 4.89928
52.34857 4.917949
52.32978 5.0671034
52.31324 5.0244637
52.307587 4.7652984
52.377644 4.7571287
52.36646 4.8966403
52.30924 4.762187
52.37749 4.9059176
52.306034 4.694288
52.30507 4.705014
52.497852 4.9512124
52.497852 4.9512124
52.358044 4.86763
52.37302 4.892628
52.36609 4.896469
52.309692 4.7727013
52.30924 4.762187
52.433987 4.6259446
52.30924 4.762187
52.366776 4.8913407
52.381653 4.8734236
52.30924 4.762187
52.308933 4.7521873
52.309673 4.771521
52.307613 4.8015833
52.30924 4.762187
52.30511 4.76731
52.364807 4.8815346
52.364807 4.8815346
52.382908 4.629
52.38019 4.8208365
52.361687 4.882916
52.300896 4.6976852
52.30924 4.762187
52.38131 4.6650453
52.312115 5.050847
52.380627 4.6376348
52.364807 4.8815346
52.360115 4.6614695
52.368034 4.8903375
52.36645 4.8955007
52.31324 5.0244637
52.382862 4.8907585
52.364807 4.8815346
52.4988 4.768297
52.35698 4.891212
52.37003 4.877444
52.508896 4.9490833
52.508896 4.9490833
52.380936 4.8541145
52.38103 4.8543253
52.36654 4.894648
52.368435 4.878291
52.497852 4.9512124
52.370384 4.894924
52.364414 4.882709
52.30924 4.762187
52.372265 4.8888836
52.30907 4.761908
52.30924 4.762187
52.378613 4.900546
52.31233 4.7617097
52.30924 4.762187
52.38866 4.8389745
52.378613 4.900546
52.38895 4.8379006
52.38841 4.837318
52.389046 4.837708
52.388878 4.838007
52.389023 4.8381796
52.38888 4.837758
52.38871 4.837817
52.388218 4.8370447
52.30924 4.762187
52.400436 4.84257
52.392136 4.911219
52.309685 4.761672
52.34554 4.9091077
52.30924 4.762187
52.30924 4.762187
52.365 4.884096
52.30924 4.762187
52.30581 4.7661247
52.30907 4.761908
52.306824 4.9835014
52.308674 4.7689676
52.30924 4.762187
52.30924 4.762187
