52.200245 4.9246197
52.30924 4.762187
52.382347 4.6387577
52.299576 4.944975
52.346092 4.8658705
52.30924 4.762187
52.43858 4.834091
52.360603 4.931379
52.372356 4.885649
52.43858 4.834091
52.372063 4.899466
52.43858 4.834091
52.43858 4.834091
52.318226 4.9058585
52.372375 4.883895
52.373005 4.8762264
52.362247 4.883912
52.427685 4.8205886
52.368454 4.8887577
52.388866 4.887576
52.50813 4.9505305
52.312645 4.9440446
52.346806 4.9050546
52.358406 4.8000946
52.373867 4.894226
52.362247 4.883912
52.311802 4.757526
52.365997 4.897156
52.30924 4.762187
52.355473 4.8957396
52.360115 4.6614695
52.37483 4.901261
52.365997 4.897156
52.297344 4.658837
52.30927 4.760702
52.30924 4.762187
52.510506 4.9450417
52.30924 4.762187
52.37906 4.8944416
52.379005 4.8944855
52.379158 4.894717
52.361797 4.7308407
52.362495 4.926277
52.356525 4.899882
52.30924 4.762187
52.398327 4.93576
52.30544 4.7630296
52.305958 4.7657275
52.30537 4.766235
52.341633 4.8877635
52.334328 5.0713277
52.312645 4.9440446
52.48476 4.7490044
52.312645 4.9440446
52.312645 4.9440446
52.312645 4.9440446
52.30924 4.762187
52.340717 4.889751
52.361126 4.8868384
52.37366 4.897864
52.378613 4.900546
52.376175 4.925308
52.379063 4.893948
52.381317 4.885421
52.39243 4.6536846
52.360905 4.878348
52.312645 4.9440446
52.366146 4.880866
52.312645 4.9440446
52.247402 4.813988
52.377506 4.8942556
52.36545 4.8926497
52.364056 4.880419
52.36607 4.895072
52.51908 4.955022
52.374653 4.872795
52.377506 4.8942556
52.378613 4.900546
52.377506 4.8942556
52.332714 5.0679207
52.27186 4.794091
52.362247 4.883912
52.486687 4.962561
52.37123 4.6501164
52.38155 4.6297655
52.368904 4.8836536
52.46547 4.9587493
52.503975 5.0592766
52.36654 4.894648
52.36726 4.900647
52.37366 4.897864
52.312256 4.945607
52.34504 4.9673223
52.3625 4.9105453
52.38105 4.7923565
52.317223 4.6674485
52.35747 4.926745
52.362247 4.883912
52.376045 4.7966294
52.201878 4.88527
52.309093 5.0425916
52.375362 4.897177
52.378593 4.8458695
52.37277 4.900986
52.367294 4.895587
52.37379 4.881809
52.362247 4.883912
52.41364 4.657257
52.361145 4.635202
52.373695 4.9004607
52.364414 4.882709
52.363758 4.884758
52.30924 4.762187
52.35592 4.7666373
52.35726 4.992549
52.382347 4.6387577
52.362247 4.883912
52.378613 4.900546
52.287563 4.873929
52.377644 4.7571287
52.306824 4.9835014
52.378613 4.900546
52.360603 4.931379
52.36645 4.8955007
52.37937 4.897922
52.332348 5.0145936
52.381256 4.8213243
52.38042 4.8222256
52.497852 4.9512124
52.486687 4.962561
52.378613 4.900546
52.312256 4.945607
52.394524 4.6419168
52.39711 4.6431804
52.352894 4.881259
52.460403 5.035279
52.30924 4.762187
52.378826 4.894729
52.379005 4.894901
52.358044 4.86763
52.497852 4.9512124
52.39243 4.6536846
52.371696 4.972708
52.488987 5.0640535
52.36414 4.8552375
52.36422 4.882897
52.34663 4.9199543
52.350597 4.903672
52.38449 4.8511915
52.36242 4.903997
52.371895 4.931182
52.364132 4.898226
52.38034 4.940157
52.382862 4.8907585
52.383476 4.734807
52.372955 4.908304
52.500607 4.964427
52.375034 4.8838243
52.366016 4.895541
52.311153 4.7613072
52.36585 4.881775
52.30924 4.762187
52.37713 4.6299057
52.37865 4.8967266
52.30924 4.762187
52.36646 4.8966403
52.379158 4.894717
52.365845 4.8974185
52.356586 4.878283
52.361485 4.891999
52.309055 4.7619042
52.30907 4.761908
52.311153 4.7613072
52.30907 4.761908
52.376396 4.8821034
52.30903 4.7620583
52.364807 4.8815346
52.3648 4.881749
52.30868 4.761727
52.350033 4.646553
52.307644 4.7704234
52.35888 4.807346
52.371857 4.887476
52.379375 4.898885
52.378613 4.900546
52.35508 4.826725
52.35888 4.807346
52.352753 4.88391
52.36145 4.8991437
52.36868 4.9034295
52.366196 4.8993435
52.376724 4.921971
52.37172 4.902073
52.375034 4.8838243
52.35548 4.87573
52.357895 4.9137387
52.365776 4.895796
52.36238 4.794656
52.353542 4.855824
52.305607 4.7616506
52.46087 4.811379
52.380657 4.899366
52.30924 4.762187
52.450943 5.0495667
52.36154 4.9252653
52.304626 4.762171
52.378315 4.881589
52.356365 4.879314
52.313576 5.037918
52.30924 4.762187
52.30861 4.761968
52.296043 4.6638765
52.301567 4.6643577
52.494846 4.7640452
52.383476 4.734807
52.35108 4.885138
52.370365 4.8844514
52.30924 4.762187
52.491867 5.0655475
52.391647 5.1855545
52.363842 4.834299
52.48885 4.9655447
52.38042 4.8222256
52.366104 4.8995857
52.36586 4.884789
52.414154 4.6440997
52.360115 4.9256296
52.351624 4.8719616
52.361145 4.635202
52.377644 4.7571287
52.378613 4.900546
52.30924 4.762187
52.36378 4.88399
52.382908 4.629
52.31279 5.04302
52.30907 4.761908
52.488987 5.0640535
52.37005 4.8659673
52.311153 4.7613072
52.392838 4.872265
52.358044 4.86763
52.37302 4.892628
52.370285 4.8849354
52.36422 4.882897
52.289455 4.7233005
52.35449 4.834096
52.35724 4.8340287
52.201878 4.88527
52.370384 4.894924
52.376133 4.895419
52.374447 4.8997226
52.31279 5.04302
52.358597 4.878925
52.367607 5.190568
52.309055 4.761801
52.30924 4.762187
52.29595 4.9755588
52.370346 4.8856573
52.372566 4.9003205
52.362247 4.883912
52.359142 4.883773
52.40265 4.6350474
52.354214 4.8841095
52.293198 4.9942665
52.307285 4.7728515
52.30924 4.762187
52.37302 4.892628
52.37421 4.935007
52.361797 4.864395
52.378613 4.900546
52.39243 4.6536846
52.46087 4.811379
52.50869 4.949451
52.35445 4.9970627
52.31189 4.9471307
52.278065 4.8457847
52.370384 4.894924
52.43079 4.642569
52.38436 4.900782
52.36572 4.8800516
52.41364 4.657257
52.314434 4.9416947
52.30924 4.762187
52.38436 4.900782
52.269264 4.7523246
52.37804 4.636053
52.38436 4.900782
52.355473 4.8957396
52.364113 4.889336
52.38436 4.900782
52.311924 4.9465833
52.374397 4.8950152
52.36363 4.882618
52.311924 4.9465833
52.36663 4.9263177
52.38182 4.629514
52.41356 4.9228096
52.38083 4.63678
52.30924 4.762187
52.37366 4.897864
52.326984 4.8685846
52.374104 4.8981886
52.310593 4.763922
52.38436 4.900782
52.370396 4.8838453
52.37952 4.8946996
52.36462 4.8835516
52.36663 4.893752
52.36422 4.882897
52.323643 4.936509
52.366768 4.893239
52.35108 4.854804
52.388393 4.607358
52.383476 4.734807
52.30383 4.6907225
52.21605 4.8745394
52.36708 4.8967237
52.376022 4.9268074
52.38436 4.900782
52.30924 4.762187
52.37592 4.92611
52.30924 4.762187
52.494774 4.686184
52.370625 4.9284577
52.312943 4.943115
52.32085 4.8480177
52.37366 4.897864
52.314957 4.940886
52.31189 4.9471307
52.307304 4.856348
52.363174 4.879883
52.50862 4.9495335
52.3625 4.9105453
52.356712 4.904629
52.37689 4.881885
52.357132 4.874527
52.382244 4.887962
52.317738 4.654331
52.362247 4.883912
52.380142 4.892204
52.43912 4.8240867
52.310368 4.764627
52.293488 5.0808363
52.363457 4.8847933
52.312256 4.945607
52.341576 4.8569264
52.362247 4.883912
52.37767 4.886212
52.363663 4.883973
52.309338 4.70485
52.29375 4.9810934
52.359314 4.925556
52.38436 4.900782
52.50493 4.7791
52.37749 4.9059176
52.30924 4.762187
52.30924 4.762187
52.364807 4.8815346
52.35608 4.892693
52.38105 4.7923565
52.39295 4.6405373
52.377506 4.8942556
52.414154 4.6440997
52.36654 4.894648
52.379364 4.636881
52.466824 5.043004
52.414154 4.6440997
52.365 4.884096
52.35635 4.898864
52.35476 4.8406467
52.3664 4.8992
52.36663 4.893752
52.381035 4.8539753
52.348255 4.9173107
52.38001 4.8539157
52.380863 4.853747
52.380547 4.854185
52.38161 4.8555923
52.380913 4.854361
52.366776 4.8913407
52.358383 4.881052
52.374798 4.8767476
52.362247 4.883912
52.358356 4.8989153
52.296043 4.6638765
52.3625 4.9105453
52.374012 4.893492
52.378513 4.8997173
52.373924 4.877286
52.376347 4.8947234
52.365192 4.9116836
52.36462 4.8835516
52.37952 4.8946996
52.317223 4.6674485
52.30924 4.762187
52.363464 4.884706
52.361923 4.8828464
52.497852 4.9512124
52.360058 4.925846
52.393463 4.627392
52.309273 4.8645043
52.497852 4.9512124
52.309464 4.7567368
52.382378 4.893229
52.363686 4.8840814
52.396076 4.869523
52.3925 4.872379
52.35108 4.885138
52.366104 4.8995857
