35.55304 139.64674
35.702206 139.58035
35.684742 139.77444
35.626537 139.72334
35.662197 139.71352
35.63924 139.74734
35.673744 139.66725
35.71176 139.68492
35.672195 139.48047
35.681133 139.76782
35.58042 139.75526
35.66163 139.66655
35.703842 139.59937
35.62104 139.56946
35.74978 139.80547
35.672318 139.79456
35.66631 139.75862
35.68972 139.69925
35.57668 139.65947
35.630146 139.74043
35.580647 139.75499
35.605145 139.74255
35.68318 139.77556
35.712902 139.7039
35.814747 139.58684
35.630146 139.74043
35.628227 139.73871
35.645733 139.74757
35.66605 139.64134
35.57572 139.65965
35.562477 139.71605
35.858738 139.65729
35.666145 139.64143
35.531166 139.69632
35.67913 139.83601
35.702194 139.54482
35.599022 139.6112
35.815445 139.58719
35.69808 139.7731
35.762096 139.82492
35.681984 139.78778
35.6817 139.76932
35.586864 139.70593
35.530987 139.69662
35.698597 139.77303
35.778942 139.60391
35.680645 139.76636
35.681377 139.76608
35.729897 139.74742
35.82802 139.69052
35.66361 139.87271
35.737244 139.77402
35.62741 139.73932
35.584877 139.58199
35.713806 139.73122
35.617188 139.56456
35.6657 139.72258
35.748707 139.80481
35.71035 139.80904
35.703007 139.77167
35.6455 139.69736
35.665115 139.71246
35.62851 139.73833
35.67435 139.76704
35.682014 139.76584
35.737926 139.76103
35.533382 139.68527
35.630146 139.74043
35.655518 139.75673
35.747066 139.80128
35.77806 139.72084
35.683445 139.65714
35.696106 139.77527
35.661587 139.66748
35.683914 139.73897
35.62882 139.73862
35.65815 139.66125
35.70087 139.69722
35.690804 139.70027
35.686005 139.88293
35.655216 139.76242
35.69799 139.6992
35.628025 139.73804
35.684025 139.7013
35.69167 139.77087
35.673744 139.66725
35.654106 139.56667
35.704685 139.61598
35.640244 139.74593
35.77806 139.72084
35.66669 139.75813
35.70478 139.62138
35.699615 139.7714
35.697926 139.6829
35.700253 139.48026
35.702705 139.56084
35.75075 139.58206
35.69336 139.78238
35.699802 139.7718
35.699234 139.7744
35.62104 139.56946
35.62568 139.71341
35.66361 139.87271
35.632362 139.69957
35.632492 139.6995
35.632446 139.69846
35.552727 139.696
35.65496 139.74365
35.627907 139.74077
35.701736 139.52483
35.713696 139.77751
35.702705 139.56084
35.72777 139.77097
35.757706 139.59071
35.65227 139.72223
35.855587 139.64865
35.681377 139.76608
35.712635 139.79247
35.68321 139.76889
35.702194 139.54482
35.65843 139.69893
35.673264 139.7203
35.610542 139.62587
35.616047 139.55331
35.71325 139.79231
35.68402 139.73769
35.673744 139.66725
35.645733 139.74757
35.611614 139.62645
35.684803 139.76949
35.58105 139.64142
35.706047 139.66597
35.630146 139.74043
35.732117 139.76671
35.64004 139.59874
35.79221 139.71773
35.679085 139.77995
35.69347 139.71213
35.824894 139.72577
35.74954 139.58653
35.68228 139.76614
35.654106 139.56667
35.690804 139.70027
35.72615 139.51323
35.634357 139.73662
35.599953 139.6106
35.628033 139.73857
35.603752 139.5076
35.654896 139.74059
35.719677 139.65352
35.619698 139.72855
35.636276 139.73322
35.746784 139.75464
35.69138 139.73672
35.734997 139.75348
35.737675 139.76135
35.684464 139.7713
35.593792 139.60565
35.66669 139.75813
35.682987 139.7383
35.661587 139.66748
35.628025 139.73804
35.635834 139.73135
35.562386 139.71596
35.710857 139.75293
35.66631 139.75862
35.620358 139.72896
35.691715 139.69864
35.68659 139.76591
35.564438 139.71645
35.66895 139.69131
35.617188 139.56456
35.684723 139.76605
35.72777 139.77097
35.729027 139.71109
35.680393 139.73459
35.731842 139.72806
35.665146 139.75688
35.60229 139.72086
35.689976 139.69824
35.762096 139.82492
35.690804 139.70027
35.63627 139.88344
35.737045 139.7514
35.688602 139.69894
35.691517 139.6984
35.69648 139.81502
35.69958 139.76523
35.645733 139.74757
35.66901 139.67961
35.690804 139.70027
35.743797 139.67859
35.72841 139.71104
35.75849 139.62885
35.5305 139.69832
35.702194 139.75517
35.741 139.54068
35.687084 139.76546
35.705376 139.64986
35.738834 139.66277
35.655617 139.75674
35.681366 139.68884
35.69643 139.81395
35.581577 139.74911
35.689575 139.53127
35.736416 139.74997
35.690243 139.6968
35.667614 139.63184
35.694275 139.77086
35.689857 139.83566
35.64778 139.67902
35.673893 139.75096
35.845436 139.64711
35.69133 139.69708
35.63227 139.73071
35.70231 139.74503
35.7106 139.79791
35.698597 139.77303
35.698597 139.77303
35.690594 139.69257
35.737774 139.74916
35.698677 139.77422
35.56807 139.55347
35.702194 139.54482
35.729866 139.71095
35.681377 139.76608
35.737576 139.74904
35.72129 139.75206
35.856976 139.65128
35.619698 139.72855
35.647522 139.74843
35.589745 139.66878
35.70044 139.75043
35.588432 139.72792
35.665623 139.75359
35.747574 139.84018
35.668842 139.62347
35.749645 139.80515
35.69975 139.76552
35.7032 139.57991
35.562923 139.56981
35.735203 139.80968
35.589622 139.72928
35.554386 139.57903
35.730354 139.71056
35.703186 139.57991
35.62568 139.71341
35.630386 139.7291
35.53108 139.69699
35.730408 139.71115
35.566597 139.73633
35.690804 139.70027
35.617565 139.77722
35.55366 139.57912
35.560684 139.72372
35.572617 139.73216
35.67737 139.75175
35.715332 139.85368
35.607086 139.65335
35.553875 139.57817
35.562477 139.71605
35.749332 139.8051
35.688015 139.57254
35.70583 139.6658
35.729866 139.71095
35.698597 139.77303
35.791233 139.69139
35.531326 139.6969
35.662273 139.75816
35.68468 139.76605
35.730354 139.71056
35.666145 139.64143
35.647793 139.68007
35.737278 139.6529
35.7032 139.57991
35.557846 139.70256
35.550594 139.78412
35.762917 139.72768
35.666443 139.75287
35.7032 139.57991
35.703056 139.77466
35.77806 139.72084
35.689323 139.57251
35.631664 139.64478
35.660923 139.75146
35.607124 139.6224
35.649315 139.75911
35.60221 139.61101
35.740913 139.71677
35.85857 139.6569
35.69061 139.57274
35.66959 139.8176
35.671486 139.72159
35.531326 139.6969
35.65526 139.70079
35.686607 139.68893
35.6091 139.5163
35.698597 139.77303
35.561356 139.57509
35.531326 139.6969
35.676308 139.78458
35.692333 139.77127
35.530804 139.69978
35.60704 139.73502
35.562923 139.56981
35.53112 139.69507
35.71696 139.85817
35.65189 139.5444
35.643513 139.67116
35.665314 139.75154
35.655518 139.75673
35.532288 139.69589
35.71679 139.85826
35.68338 139.70221
35.66669 139.75813
35.664707 139.7395
35.65742 139.54025
35.659424 139.74129
35.71324 139.77711
35.696438 139.81395
35.628025 139.73804
35.630146 139.74043
35.666157 139.75005
35.828426 139.80347
35.697815 139.7752
35.698597 139.77303
35.690804 139.70027
35.702194 139.75517
35.55716 139.71976
35.740913 139.71677
35.70029 139.83368
35.618374 139.72757
35.788254 139.61292
35.561356 139.57509
35.62851 139.73833
35.693676 139.69585
35.70087 139.69722
35.566597 139.73633
35.74875 139.80653
35.670326 139.76324
35.686237 139.76573
35.650482 139.7028
35.701916 139.74498
35.65581 139.79628
35.66836 139.6504
35.696163 139.78809
35.636105 139.88339
35.67965 139.77997
35.55304 139.64674
35.70171 139.71626
35.637608 139.70433
35.706425 139.84251
35.706238 139.6452
35.7403 139.70969
35.619698 139.72855
35.70619 139.64697
35.561356 139.57509
35.706055 139.64822
35.67687 139.82703
35.698723 139.77286
35.729897 139.74742
35.688866 139.70242
35.701935 139.58168
35.709442 139.69492
35.630146 139.74043
35.703205 139.79095
35.650818 139.74742
35.52745 139.70094
35.69556 139.77588
35.690346 139.69978
35.562477 139.71605
35.67498 139.76321
35.670677 139.70253
35.60713 139.7342
35.700287 139.82527
35.65024 139.74709
35.690346 139.69978
35.660366 139.72897
35.707104 139.78127
35.66279 139.75963
35.60704 139.73502
35.68206 139.78603
35.628025 139.73804
35.611603 139.62634
35.703114 139.58105
35.689396 139.8262
35.55342 139.57712
35.703186 139.57991
35.55456 139.57632
35.681377 139.76608
35.695503 139.75171
35.698597 139.77303
35.71679 139.85826
35.695736 139.74919
35.665634 139.73163
35.693745 139.77089
35.63287 139.66063
35.603752 139.5076
35.704395 139.79514
35.658745 139.69913
35.690804 139.70027
35.68241 139.68742
35.682796 139.68687
35.679836 139.78006
35.84768 139.66914
35.568405 139.55351
35.673096 139.75995
35.694153 139.6876
35.690804 139.70027
35.69414 139.68767
35.855587 139.64865
35.698193 139.58096
35.669685 139.81706
35.620518 139.75082
35.665028 139.59357
35.65943 139.70056
35.702194 139.75517
35.673374 139.81613
35.655617 139.75674
35.76133 139.70552
35.629257 139.73875
35.627285 139.72054
35.63627 139.88344
35.681206 139.68636
35.713223 139.77608
35.728596 139.71332
35.697815 139.77377
35.713696 139.77686
35.630146 139.74043
35.713696 139.77751
35.70583 139.6658
35.619698 139.72855
35.655468 139.74707
35.667458 139.74518
35.607647 139.73474
35.619076 139.73056
35.70163 139.74664
35.830494 139.56238
35.67846 139.78137
35.626423 139.8846
35.666435 139.76564
35.675926 139.73613
35.55243 139.64749
35.68253 139.77226
35.688602 139.69894
35.665874 139.89305
35.679836 139.78006
35.679836 139.78006
35.677643 139.7801
35.565342 139.71454
35.72165 139.70627
35.5532 139.64682
35.710564 139.7194
35.731842 139.72806
35.66236 139.7327
35.60979 139.7497
35.74065 139.74419
35.679836 139.78006
35.733353 139.88202
35.701385 139.74484
35.60357 139.50732
35.69118 139.69833
35.710033 139.7319
35.690804 139.70027
35.698597 139.77303
35.603752 139.5076
35.698597 139.77303
35.69064 139.6954
35.677013 139.73705
35.713806 139.73122
35.629276 139.73639
35.674015 139.74501
35.59974 139.61023
35.679783 139.77039
35.66051 139.72922
35.729866 139.71095
35.60704 139.73502
35.740032 139.74649
35.692577 139.77109
35.627525 139.7788
35.679665 139.78091
35.627983 139.77917
35.729866 139.71095
35.669376 139.80652
35.728664 139.56422
35.63156 139.64203
35.725525 139.76321
35.55481 139.74033
35.729866 139.71095
35.711098 139.73132
35.661514 139.72946
35.532307 139.69707
35.76993 139.64404
35.548496 139.67209
35.736275 139.63843
35.661587 139.66748
35.732117 139.76671
35.630146 139.74043
35.707104 139.78127
35.55138 139.7884
35.738274 139.8486
35.67048 139.74762
35.736794 139.63777
35.695503 139.75171
35.67703 139.73705
35.627678 139.88261
35.65886 139.69978
35.678375 139.78664
35.69881 139.6969
35.702705 139.56084
35.69747 139.68286
35.686356 139.78224
35.703938 139.73422
35.646877 139.70995
35.69365 139.76543
35.660503 139.68498
35.702843 139.56161
35.585255 139.72647
35.660713 139.68585
35.704773 139.63538
35.684032 139.75856
35.68206 139.6966
35.733456 139.73949
35.658367 139.70242
35.705376 139.64986
35.653973 139.77943
35.65886 139.69978
35.691467 139.70181
35.645924 139.82692
35.68276 139.75565
35.68136 139.76653
35.742264 139.78143
35.656338 139.75948
35.64041 139.74751
35.68765 139.71996
35.729866 139.71095
35.690243 139.69908
35.7032 139.57991
35.655514 139.7568
35.681133 139.76782
35.619698 139.72855
35.668415 139.68726
35.64879 139.63623
35.72935 139.71817
35.552574 139.73927
35.693058 139.67938
35.588432 139.72792
35.70583 139.6658
35.698093 139.76114
35.623886 139.75128
35.678844 139.73627
35.692078 139.69786
35.686337 139.72957
35.68328 139.78442
35.658195 139.70203
35.71373 139.77722
35.70179 139.76979
35.630096 139.5506
35.654488 139.75708
35.629868 139.79427
35.80382 139.55624
35.681297 139.76703
35.67458 139.71713
35.604248 139.50818
35.702435 139.5181
35.687977 139.797
35.678585 139.75366
35.65891 139.698
35.60616 139.68326
35.66051 139.72922
35.690804 139.70027
35.690998 139.73558
35.630024 139.74039
35.651367 139.63664
35.629242 139.77931
35.710926 139.5895
35.690804 139.70027
35.645733 139.74757
35.737926 139.76103
35.552353 139.61317
35.71167 139.77565
35.630146 139.74043
35.628647 139.73851
35.690804 139.70027
35.670544 139.71785
35.644314 139.6991
35.607445 139.73647
35.65933 139.77763
35.554653 139.66946
35.62885 139.73799
35.689606 139.69167
35.644253 139.69905
35.645733 139.74757
35.67028 139.71767
35.628937 139.7375
35.644302 139.69916
35.665676 139.77507
35.637646 139.69115
35.721596 139.70679
35.665585 139.73904
35.72114 139.70578
35.7198 139.70416
35.650578 139.63715
35.729027 139.71109
35.579105 139.74202
35.733692 139.74028
35.681282 139.76607
35.68375 139.7456
35.609863 139.74753
35.5593 139.66763
35.690804 139.70027
35.710335 139.77664
35.645733 139.74757
35.56037 139.66864
35.702194 139.75517
35.60743 139.68562
35.689426 139.7068
35.684177 139.70206
35.67283 139.74051
35.657856 139.69786
35.658524 139.70132
35.700325 139.77365
35.664894 139.76018
35.729866 139.71095
35.751476 139.5448
35.637836 139.50471
35.606327 139.73512
35.751514 139.54486
35.68536 139.77429
35.751354 139.54527
35.681206 139.68636
35.76039 139.53496
35.70031 139.75618
35.669125 139.69633
35.656372 139.69934
35.698597 139.77303
35.63178 139.64214
35.713223 139.77608
35.637627 139.69104
35.69777 139.64807
35.548855 139.78436
35.66303 139.7011
35.698345 139.75433
35.637646 139.69115
35.698627 139.75432
35.626827 139.63312
35.66669 139.75813
35.588654 139.57893
35.68355 139.76654
35.700253 139.48026
35.624912 139.88808
35.69958 139.76523
35.696747 139.72195
35.698597 139.77303
35.658524 139.70132
35.690784 139.70636
35.702194 139.75517
35.708958 139.79657
35.705585 139.7519
35.661705 139.72964
35.703205 139.75456
35.657726 139.70015
35.858738 139.65729
35.737057 139.48825
35.562386 139.71596
35.646877 139.70995
35.729866 139.71095
35.657394 139.70668
35.657394 139.70668
35.645885 139.74487
35.681377 139.76608
35.69309 139.76543
35.668488 139.70538
35.66727 139.70514
35.662876 139.73146
35.543297 139.64151
35.645138 139.70055
35.654865 139.79626
35.697357 139.77515
35.53694 139.63487
35.66629 139.47705
35.69309 139.76543
35.6657 139.72258
35.700253 139.48026
35.54966 139.67332
35.690804 139.70027
35.58049 139.66187
35.628227 139.73871
35.702194 139.75517
35.690804 139.70027
35.558365 139.71373
35.54107 139.64928
35.644897 139.71098
35.70649 139.7371
35.551586 139.78871
35.646877 139.70995
35.68983 139.70007
35.674236 139.75908
35.729496 139.7913
35.681168 139.71144
35.690804 139.70027
35.64892 139.75244
35.690804 139.70027
35.667984 139.74022
35.690704 139.77843
35.608837 139.74141
35.70673 139.68753
35.698597 139.77303
35.665787 139.73096
35.652607 139.7444
35.658234 139.70854
35.66051 139.72922
35.652466 139.74477
35.57573 139.65965
35.68923 139.70056
35.727802 139.53963
35.568405 139.55351
35.727364 139.53925
35.660366 139.72897
35.70947 139.73347
35.665787 139.73096
35.681377 139.76608
35.679836 139.78006
35.690804 139.70027
35.65266 139.74416
35.69309 139.76543
35.658264 139.78198
35.572895 139.66722
35.661705 139.72964
35.708725 139.73714
35.750744 139.54526
35.572884 139.66524
35.730392 139.71387
35.653652 139.75735
35.599953 139.6106
35.61988 139.72838
35.662918 139.75995
35.678825 139.76315
35.642944 139.73415
35.67028 139.81789
35.588226 139.72841
35.698597 139.77303
35.68599 139.78244
35.68403 139.77444
35.714367 139.76004
35.711357 139.76006
35.61853 139.73213
35.593792 139.60565
35.686 139.78134
35.698597 139.77303
35.620815 139.67314
35.701675 139.74564
35.70843 139.61414
35.627026 139.88905
35.544674 139.76855
35.588432 139.72792
35.690804 139.70027
35.6349 139.57878
35.729424 139.70935
35.69643 139.81395
35.544903 139.76889
35.594086 139.60532
35.672325 139.73654
35.69032 139.773
35.669685 139.81706
35.6989 139.52031
35.70175 139.74744
35.64807 139.74481
35.72615 139.51323
35.69193 139.6938
35.564342 139.71481
35.66727 139.6021
35.665634 139.73163
35.68017 139.7792
35.61996 139.75124
35.700302 139.7444
35.655518 139.75673
35.70494 139.62045
35.629868 139.79427
35.695618 139.74121
35.690804 139.70027
35.655617 139.75674
35.703346 139.56021
35.712948 139.70403
35.682728 139.77496
35.6462 139.62062
35.72737 139.6953
35.72737 139.6953
35.628025 139.73804
35.712902 139.7039
35.68573 139.76398
35.70214 139.77176
35.69926 139.77391
35.72917 139.76353
35.681133 139.76782
35.622658 139.75082
35.700974 139.74094
35.663006 139.74504
35.670544 139.71785
35.617188 139.56456
35.651367 139.63664
35.690804 139.70027
35.545498 139.57452
35.70044 139.75043
35.544205 139.5728
35.55138 139.67172
35.665497 139.75964
35.688786 139.7368
35.57476 139.69833
35.84768 139.66914
35.61626 139.5641
35.70583 139.6658
35.623604 139.8872
35.65378 139.75763
35.547287 139.73923
35.66042 139.70543
35.692444 139.75851
35.712948 139.76108
35.689606 139.69167
35.69556 139.77588
35.655567 139.7366
35.55138 139.7884
35.658524 139.70132
35.55138 139.7884
35.691715 139.69864
35.626797 139.77437
35.653954 139.76254
35.690712 139.69112
35.62104 139.56946
35.675808 139.74489
35.698597 139.77303
35.726234 139.59207
35.69737 139.76843
35.70686 139.66652
35.712948 139.70403
35.665035 139.7125
35.562386 139.71596
35.658524 139.70132
35.712593 139.7043
35.700253 139.48026
35.629868 139.79427
35.665157 139.7698
35.663048 139.78227
35.562386 139.71596
35.65643 139.54462
35.668224 139.60114
35.62592 139.78223
35.701942 139.74364
35.712902 139.7039
35.65857 139.70294
35.658745 139.69913
35.667046 139.77673
35.57573 139.65965
35.710308 139.73694
35.736404 139.90286
35.730377 139.90706
35.661552 139.70676
35.562386 139.71596
35.69797 139.78664
35.729027 139.71109
35.701294 139.70004
35.66785 139.77574
35.62111 139.60927
35.667484 139.63116
35.603752 139.5076
35.654682 139.73701
35.65361 139.64648
35.730354 139.71056
35.667923 139.62929
35.668488 139.70538
35.626057 139.88469
35.61988 139.72838
35.728756 139.71127
35.727585 139.75266
35.6828 139.69623
35.740868 139.81206
35.67058 139.60895
35.642273 139.71346
35.645733 139.74757
35.56133 139.57562
35.713226 139.7047
35.61988 139.72838
35.705692 139.6657
35.68932 139.70045
35.619736 139.72858
35.577423 139.55844
35.705837 139.72112
35.691017 139.6869
35.564827 139.71773
35.592014 139.75282
35.698597 139.77303
35.679558 139.7627
35.840767 139.79628
35.630146 139.74043
35.72992 139.716
35.659485 139.70021
35.664192 139.7446
35.68983 139.70007
35.62568 139.71341
35.702194 139.75517
35.75097 139.86693
35.651188 139.55789
35.681248 139.76749
35.599762 139.71622
35.629868 139.79427
35.699017 139.77463
35.658195 139.70203
35.665115 139.71246
35.610844 139.55371
35.67224 139.73688
35.654865 139.79626
35.670544 139.71785
35.684593 139.76509
35.713223 139.77608
35.668224 139.83192
35.730274 139.71138
35.690243 139.6968
35.731842 139.72806
35.698597 139.77303
35.78543 139.73367
35.60979 139.7497
35.66711 139.7748
35.6804 139.70265
35.696068 139.75798
35.635143 139.57819
35.645752 139.71104
35.807854 139.84503
35.65929 139.69987
35.71334 139.71115
35.65649 139.69496
35.648342 139.65327
35.73174 139.75949
35.673046 139.75992
35.65929 139.69987
35.625164 139.88336
35.733456 139.73949
35.809425 139.53238
35.553474 139.5785
35.701385 139.74484
35.695442 139.74924
35.68997 139.68477
35.681377 139.76608
35.57751 139.6116
35.66735 139.77846
35.70948 139.76083
35.70749 139.68878
35.693623 139.6997
35.624287 139.88779
35.700546 139.75658
35.702442 139.77045
35.66021 139.7095
35.709312 139.69417
35.70532 139.64946
35.698257 139.75453
35.702213 139.77072
35.57573 139.65965
35.699017 139.77463
35.6387 139.74004
35.66646 139.7631
35.700516 139.77104
35.710037 139.8107
35.64094 139.63232
35.562923 139.56981
35.630146 139.74043
35.684612 139.78575
35.683533 139.63777
35.73238 139.75842
35.699615 139.7714
35.701283 139.77094
35.690804 139.70027
35.701218 139.77118
35.788254 139.61292
35.70128 139.77104
35.62935 139.74211
35.658745 139.69913
35.688602 139.69894
35.66319 139.73213
35.681282 139.76607
35.658596 139.69954
35.70583 139.6658
35.698597 139.77303
35.626404 139.88771
35.655468 139.74707
35.635902 139.87865
35.630146 139.74043
35.669033 139.49524
35.731346 139.71309
35.56686 139.62836
35.64317 139.64644
35.699497 139.7711
35.714787 139.70174
35.699406 139.77112
35.625298 139.8873
35.631733 139.79764
35.655342 139.74568
35.703106 139.6488
35.657024 139.5476
35.6861 139.74301
35.6921 139.78488
35.76133 139.70552
35.788265 139.61288
35.645924 139.82692
35.698257 139.75453
35.69064 139.6954
35.619698 139.72855
35.648365 139.70338
35.668224 139.60114
35.745888 139.8563
35.69712 139.76114
35.630836 139.74298
35.732807 139.70448
35.648537 139.72034
35.68468 139.76605
35.70583 139.6658
35.708855 139.74806
35.54865 139.78285
35.737926 139.76103
35.698265 139.77588
35.69997 139.7438
35.677517 139.7654
35.63113 139.79573
35.666847 139.77832
35.66257 139.73209
35.65797 139.57503
35.68097 139.70683
35.698967 139.77138
35.67514 139.75255
35.651043 139.54433
35.659527 139.70256
35.629868 139.79427
35.690804 139.70027
35.695488 139.77281
35.629868 139.79427
35.69747 139.76152
35.698597 139.77303
35.670677 139.70253
35.6051 139.70248
35.62568 139.71341
35.57183 139.68634
35.66959 139.8176
35.66959 139.8176
35.63441 139.79161
35.70773 139.76727
35.69169 139.77087
35.6506 139.68431
35.675766 139.7651
35.699883 139.77242
35.63368 139.71552
35.630814 139.72594
35.70947 139.73347
35.69975 139.76552
35.681377 139.76608
35.686726 139.77423
35.81156 139.61905
35.69834 139.76886
35.729866 139.71095
35.690186 139.70137
35.70888 139.82599
35.64615 139.82742
35.670704 139.69664
35.7032 139.57991
35.620815 139.56972
35.693222 139.77972
35.732117 139.76671
35.62645 139.72343
35.637722 139.73889
35.69985 139.76378
35.802124 139.71799
35.801918 139.71759
35.684353 139.7372
35.664593 139.7846
35.681377 139.76608
35.699856 139.77106
35.658524 139.70132
35.705814 139.65005
35.655342 139.70624
35.55138 139.7884
35.705856 139.6499
35.607784 139.73335
35.706093 139.65013
35.699516 139.71848
35.657127 139.54347
35.628227 139.73871
35.688602 139.69894
35.63627 139.88344
35.631733 139.79764
35.63974 139.72217
35.669697 139.76248
35.702377 139.73798
35.632854 139.7983
35.754936 139.63733
35.629868 139.79427
35.710308 139.73694
35.678608 139.76169
35.666164 139.75867
35.694096 139.70987
35.623997 139.76877
35.658524 139.70132
35.69895 139.74457
35.736397 139.4923
35.65939 139.60378
35.66713 139.7463
35.792164 139.67305
35.649464 139.70529
35.62694 139.8865
35.62694 139.8865
35.68761 139.71938
35.650043 139.70552
35.691395 139.76207
35.531326 139.6969
35.653053 139.74501
35.803005 139.71873
35.56283 139.56845
35.70619 139.70657
35.698578 139.8142
35.652916 139.74478
35.6727 139.72406
35.66669 139.75813
35.662796 139.72954
35.684998 139.78366
35.66151 139.70306
35.69614 139.76875
35.65694 139.54187
35.642944 139.73415
35.702488 139.58
35.709106 139.73772
35.584194 139.73473
35.626514 139.88388
35.71406 139.77408
35.56361 139.71597
35.686913 139.76361
35.684853 139.77887
35.691296 139.73547
35.668716 139.70554
35.552147 139.64719
35.695698 139.77287
35.655136 139.793
35.66664 139.74028
35.606064 139.68324
35.644386 139.73431
35.660393 139.72903
35.69275 139.72841
35.678078 139.76706
35.698776 139.771
35.729866 139.71095
35.69958 139.63634
35.65943 139.70056
35.62238 139.72745
35.587406 139.72858
35.658905 139.70258
35.71406 139.77408
35.55369 139.64577
35.61053 139.72234
35.801815 139.71803
35.68584 139.76337
35.840767 139.79628
35.66906 139.74245
35.660667 139.72513
35.55565 139.654
35.66669 139.75813
35.70789 139.77432
35.655518 139.75673
35.630787 139.7906
35.645924 139.82692
35.714108 139.76147
35.663456 139.7373
35.69526 139.73567
35.664894 139.76018
35.63627 139.88344
35.65939 139.71803
35.6825 139.7859
35.665333 139.75967
35.642876 139.66934
35.630146 139.74043
35.690804 139.70027
35.691517 139.6984
35.68529 139.63907
35.671726 139.83698
35.6746 139.7777
35.567722 139.69623
35.661865 139.7492
35.74545 139.51434
35.682796 139.68687
35.736515 139.74683
35.728176 139.77118
35.766125 139.80922
35.68812 139.7003
35.681267 139.73563
35.603504 139.68443
35.691708 139.69553
35.71294 139.75964
35.568054 139.69843
35.68271 139.687
35.698494 139.77219
35.66669 139.75813
35.658524 139.70132
35.70427 139.77072
35.627888 139.73856
35.649124 139.65411
35.664528 139.85922
35.669273 139.70392
35.68346 139.47934
35.668297 139.70506
35.664646 139.72635
35.705376 139.64986
35.626072 139.8761
35.69747 139.76152
35.658745 139.69913
35.659195 139.70267
35.623123 139.74918
35.68151 139.76532
35.65852 139.7402
35.655777 139.5421
35.672646 139.72295
35.628227 139.73871
35.626545 139.73805
35.713223 139.77608
35.690804 139.70027
35.69948 139.76376
35.692474 139.77095
35.692474 139.77095
35.730137 139.79181
35.672268 139.76578
35.613144 139.54823
35.70037 139.77054
35.703365 139.77246
35.696278 139.76918
35.682095 139.682
35.83084 139.73598
35.658524 139.70132
35.66318 139.86237
35.710766 139.77596
35.571575 139.57645
35.627277 139.74094
35.644897 139.71098
35.630146 139.74043
35.69227 139.77177
35.690804 139.70027
35.667194 139.76575
35.511482 139.7165
35.665134 139.7327
35.52671 139.69472
35.73372 139.76813
35.81463 139.58707
35.684742 139.77444
35.67255 139.90215
35.830494 139.56238
35.669437 139.76723
35.56227 139.71584
35.6914 139.69388
35.66836 139.6504
35.562477 139.71605
35.572903 139.66266
35.664413 139.58656
35.815445 139.58719
35.568665 139.5534
35.680393 139.73459
35.593792 139.60565
35.698154 139.75395
35.628178 139.73788
35.675808 139.74489
35.727703 139.77098
35.599953 139.6106
35.665787 139.73096
35.63148 139.74306
35.66551 139.7686
35.690804 139.70027
35.729866 139.71095
35.645733 139.74757
35.735725 139.48952
35.689396 139.8262
35.658524 139.70132
35.807854 139.84503
35.691517 139.6984
35.70231 139.74503
35.665115 139.71246
35.729588 139.71071
35.708958 139.79657
35.690804 139.70027
35.64694 139.74736
35.708958 139.79657
35.69836 139.77315
35.55664 139.71404
35.586864 139.70593
35.530987 139.69662
35.733627 139.79916
35.701736 139.52483
35.60979 139.7497
35.679657 139.7809
35.698597 139.77303
35.68599 139.76343
35.749645 139.80515
35.668224 139.60114
35.801918 139.71759
35.607105 139.73479
35.690804 139.70027
35.690804 139.70027
35.653946 139.56258
35.62679 139.63292
35.82136 139.6284
35.62821 139.73842
35.69121 139.69548
35.62645 139.72343
35.62851 139.73833
35.698338 139.77304
35.699444 139.76181
35.663128 139.75943
35.628227 139.73871
35.735096 139.71048
35.737244 139.77402
35.70231 139.74503
35.703007 139.77167
35.605145 139.74255
35.630146 139.74043
35.84353 139.73088
35.655518 139.75673
35.675346 139.76575
35.65227 139.72223
35.667225 139.80278
35.62882 139.73862
35.7106 139.79791
35.70621 139.61798
35.706062 139.61818
35.71035 139.80904
35.690804 139.70027
35.676228 139.78625
35.680645 139.76636
35.703842 139.59937
35.698597 139.77303
35.70087 139.69722
35.6553 139.54453
35.68835 139.76315
35.64898 139.74466
35.706673 139.77417
35.815063 139.56752
35.815063 139.56752
35.690804 139.70027
35.691296 139.73547
35.77806 139.72084
35.746784 139.75464
35.55863 139.55151
35.640244 139.74593
35.654106 139.56667
35.66836 139.6504
35.551956 139.7872
35.65496 139.74365
35.677742 139.7668
35.631664 139.64478
35.55138 139.7884
35.673203 139.76047
35.855843 139.77283
35.729866 139.71095
35.69643 139.81395
35.630146 139.74043
35.661587 139.66748
35.66669 139.75813
35.661587 139.66748
35.72777 139.77097
35.70231 139.74503
35.691296 139.73547
35.71128 139.73137
35.678783 139.77985
35.690784 139.70636
35.699802 139.7718
35.702705 139.56084
35.64672 139.7457
35.678944 139.526
35.729866 139.71095
35.620815 139.56972
35.57681 139.65948
35.630146 139.74043
35.634975 139.88437
35.69086 139.70485
35.673046 139.75992
35.68998 139.69737
35.625404 139.74205
35.719425 139.6638
35.655617 139.75674
35.625393 139.74205
35.702194 139.54482
35.699234 139.7744
35.568665 139.5534
35.645016 139.52689
35.673744 139.66725
35.678154 139.70569
35.626568 139.7414
35.53072 139.69626
35.568405 139.55351
35.62759 139.74197
35.56807 139.55347
35.653866 139.7498
35.714508 139.77727
35.846527 139.66934
35.60993 139.82565
35.645924 139.82692
35.71325 139.79231
35.691296 139.73547
35.848515 139.66885
35.625507 139.72597
35.729496 139.7913
35.522697 139.7321
35.552727 139.696
35.59788 139.60504
35.72615 139.51323
35.681377 139.76608
35.66669 139.75813
35.679836 139.78006
35.69296 139.73639
35.65209 139.62889
35.69643 139.81395
35.62568 139.71341
35.69158 139.73703
35.572903 139.66266
35.572884 139.66524
35.573025 139.66537
35.748306 139.56767
35.62885 139.73799
35.69138 139.73672
35.68376 139.76859
35.628426 139.73698
35.689133 139.70001
35.64004 139.59874
35.66669 139.75813
35.672504 139.79489
35.79221 139.71773
35.68008 139.72023
35.66225 139.7749
35.660923 139.75146
35.698597 139.77303
35.71337 139.77634
35.630146 139.74043
35.572895 139.66722
35.743797 139.67859
35.7587 139.6894
35.619125 139.73126
35.658524 139.70132
35.59974 139.61023
35.678345 139.7401
35.658195 139.70203
35.731842 139.72806
35.68402 139.73769
35.562477 139.71605
35.656265 139.75858
35.628178 139.73788
35.66853 139.7833
35.679836 139.78006
35.68008 139.72023
35.737858 139.65425
35.68229 139.76627
35.620785 139.56992
35.70231 139.74503
35.706688 139.75993
35.66096 139.75142
35.599586 139.65099
35.688225 139.70131
35.658524 139.70132
35.667427 139.76126
35.729866 139.71095
35.560684 139.72372
35.607124 139.6224
35.630146 139.74043
35.690804 139.70027
35.690804 139.70027
35.729027 139.71109
35.689705 139.7069
35.56227 139.71584
35.72841 139.71104
35.702705 139.56084
35.681282 139.76607
35.68206 139.78603
35.73221 139.71109
35.682987 139.7383
35.69747 139.68286
35.679836 139.78006
35.682354 139.78677
35.681366 139.68884
35.668224 139.60114
35.732117 139.76671
35.643513 139.67116
35.701736 139.52483
35.670467 139.74294
35.665787 139.73096
35.535324 139.58948
35.686325 139.78227
35.55133 139.67513
35.66116 139.63327
35.527454 139.70058
35.562923 139.56981
35.66427 139.78465
35.69958 139.76523
35.68659 139.76591
35.690804 139.70027
35.690804 139.70027
35.729237 139.71085
35.67737 139.75175
35.58555 139.68224
35.695965 139.75807
35.643 139.66905
35.7032 139.57991
35.729 139.77136
35.681705 139.76707
35.531326 139.6969
35.71585 139.69514
35.67282 139.72403
35.679466 139.74146
35.65643 139.54462
35.70462 139.61998
35.760773 139.7314
35.698597 139.77303
35.65189 139.5444
35.588432 139.72792
35.530804 139.69978
35.690804 139.70027
35.619698 139.72855
35.712902 139.7039
35.629242 139.77612
35.682774 139.77686
35.685417 139.78209
35.682728 139.77885
35.687084 139.76546
35.730354 139.71056
35.672485 139.72467
35.673374 139.81613
35.685417 139.78209
35.673744 139.66725
35.644314 139.6991
35.672543 139.72511
35.561356 139.57509
35.562923 139.56981
35.828426 139.80347
35.674946 139.76175
35.68903 139.81567
35.72129 139.75206
35.728428 139.65485
35.698597 139.77303
35.545498 139.57452
35.545067 139.76967
35.728428 139.65485
35.729866 139.71095
35.629868 139.79427
35.69133 139.69708
35.679413 139.78001
35.730354 139.71056
35.736404 139.90286
35.70847 139.7536
35.69643 139.81395
35.71696 139.85817
35.75557 139.76157
35.73007 139.71114
35.696438 139.81395
35.730583 139.71155
35.696907 139.8145
35.701515 139.74469
35.696877 139.81424
35.66919 139.76105
35.570354 139.68005
35.626404 139.88771
35.70685 139.61772
35.5532 139.64682
35.690804 139.70027
35.694153 139.6876
35.698494 139.7725
35.740658 139.71655
35.589745 139.66878
35.538933 139.6804
35.5532 139.64682
35.66361 139.87271
35.690804 139.70027
35.69414 139.68767
35.564323 139.65405
35.690804 139.70027
35.740658 139.71655
35.561356 139.57509
35.687874 139.70036
35.584877 139.58199
35.728382 139.70952
35.712902 139.7039
35.682133 139.77185
35.690804 139.70027
35.658913 139.6551
35.656578 139.79579
35.630146 139.74043
35.645733 139.74757
35.749645 139.80515
35.63368 139.71552
35.697815 139.77377
35.60979 139.7497
35.668602 139.62486
35.77328 139.6398
35.749645 139.80515
35.670185 139.75021
35.7403 139.70969
35.66261 139.87299
35.698677 139.77422
35.660595 139.70715
35.690804 139.70027
35.666973 139.75967
35.803555 139.75975
35.696438 139.81395
35.672325 139.73654
35.65617 139.54443
35.737926 139.76103
35.669876 139.61572
35.696106 139.79253
35.66188 139.70105
35.747574 139.84018
35.631664 139.64478
35.562477 139.71605
35.69612 139.79251
35.738987 139.76173
35.658524 139.70132
35.707104 139.78127
35.739002 139.76184
35.658596 139.69954
35.66669 139.75813
35.65886 139.69978
35.706425 139.84251
35.527447 139.70128
35.676308 139.78458
35.693676 139.69585
35.531326 139.6969
35.679928 139.76358
35.703056 139.77466
35.733456 139.73949
35.607105 139.73479
35.7273 139.61247
35.84768 139.66914
35.59838 139.65108
35.692333 139.77127
35.70357 139.75511
35.682278 139.68684
35.672894 139.72363
35.655617 139.75674
35.55224 139.74051
35.667984 139.83212
35.690804 139.70027
35.60743 139.68562
35.698597 139.77303
35.695965 139.75807
35.668015 139.8325
35.630146 139.74043
35.660313 139.79507
35.53112 139.69507
35.658745 139.69913
35.532753 139.70074
35.550003 139.78647
35.681168 139.71144
35.703205 139.79095
35.68972 139.69925
35.67498 139.76321
35.659576 139.72836
35.71679 139.85826
35.690804 139.70027
35.69611 139.81201
35.695312 139.74054
35.656593 139.5441
35.655617 139.75674
35.636692 139.5871
35.671093 139.74774
35.698597 139.77303
35.682938 139.73222
35.55004 139.7899
35.6091 139.5163
35.729237 139.71085
35.700073 139.77249
35.698597 139.77303
35.68468 139.76605
35.68459 139.78171
35.69044 139.69992
35.73122 139.70901
35.530354 139.70345
35.700195 139.73523
35.695503 139.75171
35.67282 139.69432
35.700974 139.74094
35.701916 139.74498
35.62821 139.75668
35.70619 139.70657
35.651024 139.74742
35.704395 139.79514
35.681377 139.76608
35.697773 139.7517
35.729866 139.71095
35.705124 139.75485
35.633686 139.64963
35.56407 139.59436
35.60979 139.7497
35.679836 139.78006
35.65491 139.7962
35.685696 139.74164
35.683636 139.76155
35.597874 139.6503
35.843185 139.80074
35.57491 139.66324
35.73386 139.71342
35.59778 139.65054
35.5826 139.67325
35.695686 139.81506
35.694153 139.6876
35.562923 139.56981
35.653652 139.75735
35.698597 139.77303
35.619076 139.73056
35.68287 139.68723
35.69132 139.77121
35.682796 139.68687
35.65907 139.69891
35.542336 139.67368
35.646168 139.7079
35.671005 139.71852
35.672558 139.76324
35.74744 139.85716
35.728596 139.71332
35.68217 139.78773
35.681282 139.76607
35.554386 139.57903
35.67867 139.78706
35.681297 139.76703
35.70649 139.7371
35.68104 139.76688
35.652824 139.7345
35.62436 139.88803
35.68334 139.76056
35.65742 139.54025
35.627525 139.7788
35.627106 139.77945
35.627983 139.77917
35.658348 139.54083
35.69168 139.69551
35.629322 139.77908
35.675236 139.7441
35.698597 139.77303
35.708584 139.73761
35.55366 139.57912
35.683792 139.75931
35.6576 139.5428
35.650482 139.7028
35.71406 139.77408
35.738834 139.66277
35.690804 139.70027
35.618374 139.72757
35.762917 139.72768
35.657776 139.5444
35.698597 139.77303
35.711884 139.77039
35.628178 139.73788
35.605778 139.68294
35.55456 139.57632
35.729866 139.71095
35.623688 139.72293
35.729866 139.71095
35.561356 139.57509
35.706238 139.6452
35.702705 139.56084
35.70619 139.64697
35.684032 139.75856
35.706055 139.64822
35.701515 139.74469
35.627125 139.88745
35.777622 139.72119
35.65739 139.69696
35.666565 139.72621
35.70583 139.6658
35.57573 139.65965
35.607094 139.7313
35.68171 139.62753
35.73479 139.75394
35.708496 139.75284
35.59935 139.50963
35.65899 139.69887
35.729866 139.71095
35.646553 139.71022
35.630146 139.74043
35.72615 139.51323
35.628647 139.73851
35.603317 139.67278
35.68276 139.75565
35.674015 139.74501
35.686913 139.76361
35.622417 139.75009
35.731842 139.72806
35.668488 139.70538
35.681377 139.76608
35.71301 139.77583
35.69981 139.77362
35.633083 139.72147
35.631817 139.63788
35.674206 139.74506
35.698597 139.77303
35.575733 139.65965
35.63706 139.73097
35.705856 139.6499
35.709713 139.61246
35.710033 139.7319
35.658524 139.70132
35.705376 139.64986
35.68536 139.77429
35.630146 139.74043
35.798077 139.77174
35.628178 139.73788
35.707104 139.78127
35.700073 139.77249
35.72777 139.77097
35.733353 139.88202
35.561142 139.71815
35.669376 139.80652
35.552574 139.66388
35.630146 139.74043
35.736416 139.74997
35.732944 139.88167
35.679836 139.78006
35.703938 139.73422
35.809425 139.53238
35.633896 139.5311
35.628178 139.73788
35.69687 139.79745
35.736794 139.63777
35.68304 139.70216
35.705242 139.64961
35.737408 139.65475
35.599953 139.6106
35.673264 139.7203
35.700104 139.76236
35.658195 139.70203
35.626575 139.72375
35.58192 139.59547
35.7032 139.57991
35.57573 139.65965
35.66427 139.72745
35.68932 139.70045
35.700253 139.48026
35.554653 139.66946
35.681377 139.76608
35.698597 139.77303
35.678585 139.75366
35.688557 139.51505
35.69523 139.70724
35.686413 139.6985
35.579613 139.58478
35.699043 139.69972
35.629868 139.79427
35.72935 139.71817
35.690804 139.70027
35.619698 139.72855
35.691376 139.69714
35.66735 139.80396
35.695816 139.7685
35.630146 139.74043
35.588432 139.72792
35.79711 139.60019
35.749645 139.80515
35.655617 139.75674
35.659466 139.65648
35.72056 139.70634
35.690998 139.73558
35.698597 139.77303
35.63627 139.88344
35.72114 139.70578
35.645832 139.8002
35.69235 139.7011
35.70636 139.70786
35.560684 139.72372
35.687977 139.797
35.5593 139.66763
35.69958 139.76523
35.54896 139.78418
35.55138 139.7884
35.698475 139.7612
35.658524 139.70132
35.686356 139.78224
35.56037 139.66864
35.753853 139.73836
35.705254 139.74516
35.747875 139.83986
35.690804 139.70027
35.671577 139.74126
35.681206 139.68636
35.62568 139.71341
35.710693 139.71854
35.702705 139.56084
35.708958 139.79657
35.692856 139.69888
35.7027 139.56134
35.686337 139.72957
35.71373 139.77722
35.663315 139.73212
35.630146 139.74043
35.629276 139.73639
35.579056 139.65799
35.738235 139.76083
35.6387 139.74004
35.672863 139.69016
35.645733 139.74757
35.680885 139.70454
35.67458 139.71713
35.695618 139.74121
35.6455 139.69736
35.607647 139.73474
35.54896 139.78418
35.68403 139.77444
35.695415 139.75111
35.562923 139.56981
35.67965 139.77997
35.62885 139.73799
35.628937 139.7375
35.644302 139.69916
35.55138 139.7884
35.689426 139.7068
35.702194 139.75517
35.7006 139.76334
35.68375 139.7456
35.708504 139.55862
35.705585 139.7519
35.657856 139.69786
35.588432 139.72792
35.729027 139.71109
35.684177 139.70206
35.665485 139.73117
35.658524 139.70132
35.682354 139.78677
35.703205 139.75456
35.681377 139.76608
35.608795 139.71805
35.71167 139.77565
35.71378 139.75996
35.65449 139.8424
35.70736 139.77461
35.69958 139.76523
35.663036 139.76129
35.62851 139.73833
35.655785 139.70439
35.66051 139.72922
35.66669 139.75813
35.7198 139.70416
35.673576 139.76024
35.680344 139.7684
35.710335 139.77664
35.658524 139.70132
35.729866 139.71095
35.65996 139.69597
35.607647 139.73474
35.66188 139.70105
35.624657 139.73187
35.713184 139.79604
35.696106 139.79253
35.561356 139.57509
35.66361 139.87271
35.718388 139.72806
35.561996 139.5743
35.749332 139.8051
35.646877 139.70995
35.73 139.71338
35.66319 139.73213
35.65189 139.5444
35.627525 139.7788
35.682537 139.68694
35.662876 139.73146
35.657726 139.70015
35.730045 139.68303
35.730045 139.68303
35.63627 139.88344
35.670544 139.71785
35.645424 139.74747
35.68304 139.70216
35.69643 139.81395
35.69777 139.64807
35.6978 139.77423
35.660538 139.7286
35.76993 139.64404
35.649227 139.74289
35.553555 139.648
35.74978 139.80547
35.68035 139.76836
35.607357 139.73422
35.652275 139.67181
35.731773 139.68192
35.658524 139.70132
35.73023 139.71117
35.697815 139.77377
35.67207 139.75719
35.632812 139.88031
35.655514 139.7568
35.692394 139.72287
35.658524 139.70132
35.675053 139.76332
35.56158 139.57454
35.686325 139.78227
35.703762 139.5609
35.626797 139.77437
35.626404 139.88771
35.703682 139.56012
35.697037 139.8134
35.630173 139.74413
35.643574 139.74557
35.685257 139.70947
35.579105 139.74202
35.647694 139.7446
35.65851 139.70132
35.686913 139.76361
35.707817 139.61928
35.690804 139.70027
35.665035 139.73137
35.54896 139.78418
35.626404 139.88771
35.701294 139.70004
35.690784 139.70636
35.84768 139.66914
35.66268 139.73108
35.661705 139.72964
35.63368 139.71552
35.660366 139.72897
35.692444 139.75851
35.705093 139.56142
35.693295 139.66515
35.6832 139.76576
35.740032 139.74649
35.633343 139.71577
35.704525 139.56154
35.68034 139.7678
35.690804 139.70027
35.617188 139.56456
35.663006 139.74504
35.707806 139.72092
35.665787 139.73096
35.66183 139.74438
35.690804 139.70027
35.729866 139.71095
35.68403 139.77444
35.7234 139.73741
35.673916 139.78397
35.62787 139.7363
35.732944 139.88167
35.551586 139.78871
35.729866 139.71095
35.65749 139.54445
35.665485 139.73117
35.552147 139.64719
35.70947 139.73347
35.698597 139.77303
35.690548 139.69238
35.699474 139.77267
35.73988 139.74678
35.665367 139.73106
35.578777 139.73407
35.70088 139.7077
35.561916 139.57524
35.660366 139.72897
35.684612 139.78575
35.71337 139.77634
35.633797 139.79152
35.70673 139.68753
35.65815 139.69852
35.658524 139.70132
35.672546 139.7622
35.531326 139.6969
35.63548 139.87952
35.665787 139.73096
35.698597 139.77303
35.66271 139.75018
35.645733 139.74757
35.65189 139.5444
35.701942 139.74364
35.65851 139.70132
35.70462 139.61998
35.62521 139.77562
35.629868 139.79427
35.67418 139.7501
35.655617 139.75674
35.69086 139.70485
35.658524 139.70132
35.68822 139.69183
35.69807 139.77548
35.6115 139.62662
35.655617 139.75674
35.673172 139.7364
35.714184 139.77524
35.681984 139.78778
35.676395 139.80841
35.66669 139.75813
35.737682 139.65565
35.65879 139.70271
35.6302 139.7949
35.65633 139.75728
35.695503 139.75171
35.52634 139.62613
35.669918 139.7032
35.732117 139.76671
35.709133 139.61354
35.65436 139.7571
35.68599 139.78244
35.656277 139.72728
35.67406 139.9034
35.810143 139.76282
35.532944 139.69577
35.713226 139.74922
35.668488 139.70538
35.689606 139.69167
35.532917 139.69707
35.705555 139.58188
35.70231 139.74503
35.690804 139.70027
35.70044 139.75043
35.667046 139.77673
35.66836 139.6504
35.653564 139.75989
35.732117 139.76671
35.729477 139.71199
35.69336 139.78238
35.653954 139.76254
35.690804 139.70027
35.700253 139.48026
35.710037 139.8107
35.626404 139.88771
35.6558 139.71149
35.633198 139.61157
35.55127 139.78758
35.733456 139.73949
35.67944 139.70488
35.550003 139.78647
35.60246 139.71306
35.690804 139.70027
35.69275 139.69821
35.655277 139.7122
35.647003 139.67198
35.63368 139.71552
35.70231 139.74503
35.664593 139.7846
35.64589 139.82649
35.693222 139.77972
35.6731 139.74077
35.749645 139.80515
35.645733 139.74757
35.686954 139.77313
35.69631 139.74142
35.64879 139.63623
35.74875 139.80653
35.702705 139.56084
35.70462 139.61998
35.695618 139.74121
35.74801 139.80661
35.67058 139.60895
35.695415 139.74149
35.723877 139.62473
35.628227 139.73871
35.698597 139.77303
35.73393 139.80945
35.702194 139.54482
35.734486 139.8095
35.623886 139.61359
35.645733 139.74757
35.66735 139.80396
35.818035 139.78842
35.62851 139.73833
35.57958 139.57301
35.549484 139.79033
35.698597 139.77303
35.730354 139.71056
35.630146 139.74043
35.67234 139.63608
35.664707 139.7395
35.698597 139.77303
35.708855 139.74806
35.681377 139.76608
35.664555 139.74963
35.644188 139.73416
35.657726 139.70033
35.73325 139.69943
35.644493 139.66972
35.63141 139.87343
35.69951 139.5175
35.542583 139.57472
35.808277 139.68823
35.599762 139.71622
35.728962 139.7131
35.665203 139.78448
35.732216 139.71555
35.730274 139.71138
35.681377 139.76608
35.613277 139.5497
35.658524 139.70132
35.646603 139.71204
35.706276 139.58081
35.65643 139.54462
35.55138 139.7884
35.656593 139.5441
35.691296 139.73547
35.62436 139.88803
35.7299 139.72397
35.628696 139.73965
35.67048 139.74762
35.553474 139.5785
35.729866 139.71095
35.70484 139.61899
35.65749 139.54445
35.715958 139.79868
35.681377 139.76608
35.70596 139.70676
35.682278 139.68684
35.696068 139.75798
35.634285 139.88159
35.658195 139.70203
35.67202 139.75764
35.673744 139.66725
35.617188 139.56456
35.712463 139.70717
35.69152 139.70125
35.70836 139.6149
35.690468 139.69783
35.69173 139.74011
35.702705 139.56084
35.629868 139.79427
35.66717 139.60207
35.733456 139.73949
35.766956 139.82068
35.661606 139.72954
35.562923 139.56981
35.62521 139.77562
35.67436 139.75426
35.778416 139.76048
35.664845 139.76079
35.71334 139.71115
35.656754 139.70152
35.547173 139.74004
35.681377 139.76608
35.604374 139.68396
35.660496 139.68881
35.698597 139.77303
35.701736 139.52483
35.61455 139.55782
35.64892 139.75244
35.731842 139.72806
35.665062 139.73047
35.686108 139.72748
35.693058 139.67938
35.66879 139.70477
35.729866 139.71095
35.698597 139.77303
35.674805 139.76329
35.656303 139.75464
35.661587 139.66748
35.672783 139.72403
35.697468 139.78598
35.619194 139.7283
35.609283 139.555
35.64138 139.6981
35.670223 139.73363
35.72021 139.7607
35.68652 139.76619
35.72981 139.71643
35.665157 139.7698
35.625595 139.77611
35.68659 139.76591
35.674904 139.76164
35.729866 139.71095
35.67867 139.77853
35.630146 139.74043
35.63696 139.73096
35.72836 139.77095
35.690903 139.70004
35.689445 139.74527
35.658516 139.77643
35.699493 139.7645
35.68206 139.78603
35.690804 139.70027
35.69747 139.68286
35.696423 139.81418
35.64094 139.63232
35.730453 139.71022
35.681377 139.76608
35.69528 139.69035
35.74305 139.60556
35.68118 139.76361
35.713947 139.70517
35.710308 139.73694
35.687943 139.72006
35.695965 139.75807
35.665543 139.8938
35.63148 139.74306
35.840767 139.79628
35.695488 139.75938
35.616726 139.70741
35.71049 139.52408
35.770924 139.69168
35.70881 139.81296
35.729866 139.71095
35.65851 139.70132
35.68076 139.77345
35.681168 139.71144
35.75817 139.87845
35.67886 139.78662
35.588654 139.57893
35.708813 139.73814
35.674416 139.70645
35.58559 139.70908
35.70898 139.72157
35.686005 139.73067
35.678875 139.78748
35.646877 139.70995
35.701694 139.69766
35.659813 139.68384
35.690342 139.6994
35.671127 139.7683
35.645733 139.74757
35.683533 139.63777
35.55127 139.78758
35.63441 139.79161
35.639633 139.63188
35.698402 139.7201
35.662247 139.7446
35.700214 139.75148
35.65873 139.72794
35.68559 139.69998
35.579075 139.735
35.588715 139.7105
35.691296 139.73547
35.70583 139.6658
35.69213 139.76372
35.691517 139.6984
35.69996 139.74994
35.668636 139.70563
35.702934 139.7547
35.614548 139.54033
35.64801 139.74315
35.61476 139.54204
35.694077 139.7625
35.561916 139.57524
35.67867 139.78706
35.727703 139.77098
35.785007 139.65216
35.70049 139.77179
35.55138 139.7884
35.614746 139.54213
35.71994 139.72643
35.706226 139.61833
35.632946 139.79327
35.671906 139.76779
35.60734 139.68474
35.700428 139.77176
35.65975 139.70088
35.69001 139.70589
35.768948 139.69525
35.70359 139.74724
35.681377 139.76608
35.69643 139.81395
35.742363 139.64864
35.698296 139.75763
35.65189 139.5444
35.640522 139.52092
35.68614 139.73013
35.689987 139.70113
35.700066 139.77162
35.70488 139.62042
35.67088 139.71686
35.68144 139.76714
35.66021 139.7095
35.694096 139.70987
35.54506 139.76903
35.658566 139.74548
35.7051 139.63527
35.690804 139.70027
35.55083 139.78804
35.802124 139.71799
35.696106 139.79253
35.630024 139.74039
35.801918 139.71759
35.732597 139.79881
35.681133 139.76782
35.62622 139.884
35.718975 139.7275
35.757347 139.88098
35.68932 139.70045
35.632812 139.88727
35.639126 139.52008
35.710037 139.8107
35.52876 139.70781
35.658524 139.70132
35.740677 139.78558
35.62521 139.77562
35.64924 139.68132
35.69374 139.76418
35.68296 139.77641
35.68057 139.76549
35.63745 139.7385
35.697617 139.77167
35.692184 139.69711
35.798447 139.81145
35.64694 139.74736
35.6746 139.75401
35.671745 139.7618
35.698597 139.77303
35.698597 139.77303
35.7303 139.54016
35.603752 139.5076
35.65688 139.75433
35.68379 139.65833
35.753044 139.73456
35.681004 139.76384
35.701485 139.75415
35.690804 139.70027
35.69613 139.79192
35.69167 139.77087
35.737446 139.7961
35.63287 139.66063
35.69054 139.70277
35.680206 139.77777
35.71031 139.77357
35.64051 139.49013
35.67968 139.78024
35.694565 139.76009
35.693707 139.48862
35.710724 139.68633
35.567722 139.69623
35.68076 139.77345
35.649956 139.74835
35.568054 139.69843
35.69694 139.77328
35.65907 139.69891
35.730583 139.71155
35.701256 139.74742
35.69036 139.76591
35.671803 139.76147
35.69833 139.75644
35.765957 139.69147
35.65707 139.70787
35.69167 139.77087
35.628593 139.73929
35.689808 139.6979
35.68551 139.77562
35.629227 139.7776
35.628532 139.77782
35.69505 139.7769
35.679203 139.78418
35.619717 139.70378
35.6944 139.70193
35.657932 139.698
35.706425 139.84251
35.727215 139.82828
35.66836 139.6504
35.69747 139.76152
35.681133 139.76782
35.69927 139.76546
35.67659 139.7366
35.69323 139.89644
35.600536 139.61154
35.658745 139.69904
35.648098 139.74345
35.728848 139.79039
35.730778 139.71025
35.64433 139.73439
35.664562 139.73988
35.681377 139.76608
35.63548 139.87952
35.779778 139.72089
35.630146 139.74043
35.660923 139.75146
35.632812 139.88031
35.693615 139.81445
35.658146 139.75008
35.764706 139.72507
35.700363 139.75043
35.720173 139.65248
35.658524 139.70132
35.701183 139.75023
35.698597 139.77303
35.62521 139.77562
35.655518 139.79433
35.626244 139.74146
35.607037 139.6696
35.661583 139.70293
35.53688 139.63503
35.626072 139.8761
35.698597 139.77303
35.618607 139.77849
35.702194 139.75517
35.695488 139.77281
35.6752 139.77803
35.700474 139.77682
35.850533 139.6734
35.672325 139.73654
35.659966 139.69907
35.685535 139.77551
35.658195 139.70203
35.667156 139.76013
35.62521 139.77562
35.661846 139.69981
35.666866 139.74394
35.671654 139.76146
35.561356 139.57509
35.6432 139.70134
35.691967 139.74484
35.68932 139.70045
35.629868 139.79427
35.610115 139.54327
35.65559 139.73677
35.71547 139.70657
35.62521 139.77562
35.65694 139.54187
35.692265 139.76886
35.666744 139.73819
35.686443 139.72699
35.729866 139.71095
35.68118 139.76682
35.605427 139.6615
35.570744 139.74991
35.657238 139.69746
35.65643 139.54462
35.70035 139.77174
35.651367 139.63664
35.626587 139.74098
35.667286 139.7603
35.72967 139.53876
35.72981 139.71643
35.678734 139.78365
35.704742 139.75496
35.655537 139.70035
35.668636 139.70563
35.545086 139.7708
35.55127 139.78758
35.688103 139.69345
35.647194 139.74763
35.677742 139.7668
35.652508 139.5446
35.619217 139.73074
35.702614 139.66708
35.69241 139.69388
35.692707 139.69495
35.66597 139.76149
35.68083 139.76808
35.695652 139.76068
35.801025 139.71848
35.705826 139.56029
35.729866 139.71095
35.670746 139.71663
35.70427 139.77072
35.69182 139.77159
35.57573 139.65965
35.737488 139.67291
35.694454 139.79117
35.664734 139.8884
35.705715 139.78006
35.670868 139.7172
35.693123 139.74353
35.690346 139.69978
35.58116 139.64159
35.711185 139.79433
35.678383 139.70584
35.675182 139.75275
