35.658524 139.70132
35.66669 139.75813
35.684742 139.77444
35.653866 139.7498
35.71068 139.81444
35.62812 139.73798
35.711224 139.77356
35.750866 139.8669
35.56168 139.56683
35.661884 139.59727
35.605145 139.74255
35.729633 139.70943
35.757706 139.59071
35.690804 139.70027
35.666164 139.75867
35.68972 139.69925
35.778942 139.60391
35.66669 139.75813
35.768684 139.6622
35.61825 139.67688
35.562386 139.71596
35.57668 139.65947
35.749332 139.8051
35.70839 139.77382
35.67255 139.90215
35.748707 139.80481
35.698338 139.77304
35.682533 139.7737
35.603752 139.5076
35.708958 139.79657
35.620815 139.56972
35.658524 139.70132
35.77613 139.69537
35.645733 139.74757
35.66669 139.75813
35.53144 139.69301
35.575733 139.65965
35.647522 139.74843
35.6455 139.69736
35.733627 139.79916
35.66287 139.69925
35.695503 139.75171
35.630146 139.74043
35.646877 139.70995
35.606247 139.73485
35.71959 139.75706
35.71873 139.55846
35.57572 139.65965
35.843185 139.80074
35.72777 139.77097
35.74899 139.56963
35.645733 139.74757
35.531326 139.6969
35.665787 139.73096
35.62821 139.73842
35.62851 139.73833
35.712955 139.7037
35.628227 139.73871
35.7565 139.8753
35.630024 139.74039
35.532307 139.69707
35.680702 139.76866
35.586864 139.70593
35.630146 139.74043
35.630146 139.74043
35.703007 139.77167
35.62812 139.73798
35.69945 139.7628
35.530987 139.69662
35.553753 139.57817
35.554386 139.57903
35.655617 139.75674
35.70544 139.61931
35.714367 139.76004
35.828426 139.80347
35.645733 139.74757
35.68924 139.70001
35.55456 139.57632
35.706047 139.61809
35.84768 139.66914
35.759174 139.71393
35.738274 139.8486
35.79221 139.71773
35.562923 139.56981
35.576576 139.57384
35.688915 139.81557
35.637856 139.7528
35.689022 139.8157
35.690804 139.70027
35.665115 139.71246
35.51818 139.75146
35.665874 139.89305
35.62225 139.70366
35.54506 139.76903
35.75894 139.81284
35.679688 139.77971
35.700253 139.48026
35.76032 139.53394
35.678944 139.526
35.66783 139.89102
35.599953 139.6106
35.640244 139.74593
35.66225 139.7749
35.62049 139.7044
35.658516 139.77643
35.70583 139.6658
35.603752 139.5076
35.62104 139.56946
35.711414 139.64377
35.65756 139.7356
35.702194 139.54482
35.575733 139.65965
35.702194 139.54482
35.681377 139.76608
35.630146 139.74043
35.67222 139.7957
35.699173 139.77255
35.628197 139.77574
35.701736 139.52483
35.56807 139.55347
35.626568 139.7414
35.699802 139.7718
35.625404 139.74205
35.68342 139.73878
35.653866 139.7498
35.627537 139.62428
35.62759 139.74197
35.672783 139.72403
35.709694 139.73132
35.673744 139.66725
35.69877 139.76137
35.65491 139.7962
35.561356 139.57509
35.768482 139.87047
35.737408 139.65475
35.680645 139.76636
35.681377 139.76608
35.70231 139.74503
35.729496 139.7913
35.665874 139.89305
35.696106 139.79253
35.807854 139.84503
35.560684 139.72372
35.700256 139.48026
35.619034 139.73486
35.62227 139.74988
35.670364 139.7433
35.678345 139.7401
35.681366 139.68884
35.63441 139.79161
35.619698 139.72855
35.561142 139.71815
35.72836 139.77095
35.566597 139.73633
35.678078 139.76706
35.68318 139.77556
35.638638 139.72278
35.696907 139.8145
35.559673 139.71777
35.603752 139.5076
35.68659 139.76591
35.689857 139.83566
35.658524 139.70132
35.74054 139.61697
35.634975 139.88437
35.65491 139.7962
35.69167 139.77087
35.679466 139.74146
35.65496 139.74365
35.620358 139.72896
35.686005 139.88293
35.658745 139.70525
35.729866 139.71095
35.7106 139.79791
35.69138 139.73672
35.729866 139.71095
35.7685 139.87085
35.607296 139.66867
35.655617 139.75674
35.67906 139.76271
35.580708 139.75531
35.6115 139.62662
35.66669 139.75813
35.733715 139.73965
35.682495 139.79164
35.731842 139.72806
35.655518 139.75673
35.822216 139.5752
35.736515 139.74683
35.72777 139.77097
35.749645 139.80515
35.698677 139.77422
35.63974 139.72217
35.749332 139.8051
35.69133 139.69708
35.682728 139.77885
35.6175 139.77936
35.611603 139.62634
35.711708 139.81323
35.729237 139.71085
35.668842 139.62347
35.599022 139.6112
35.55716 139.71976
35.692078 139.69786
35.700253 139.48026
35.58132 139.74873
35.690804 139.70027
35.75849 139.62885
35.673744 139.66725
35.712467 139.70784
35.617565 139.77722
35.59974 139.61023
35.589745 139.66878
35.667427 139.76126
35.647793 139.68007
35.636555 139.7346
35.688915 139.81557
35.57573 139.65965
35.678585 139.75366
35.814747 139.58684
35.690594 139.69257
35.6035 139.61752
35.634357 139.73662
35.566597 139.73633
35.723476 139.62003
35.777412 139.72127
35.703056 139.77466
35.570354 139.68005
35.63347 139.66165
35.636276 139.73322
35.68903 139.81567
35.815445 139.58719
35.723366 139.62022
35.64897 139.64453
35.681377 139.76608
35.702255 139.75229
35.698597 139.77303
35.69945 139.76518
35.729866 139.71095
35.85857 139.6569
35.531326 139.6969
35.72129 139.75206
35.660313 139.79507
35.66899 139.67972
35.635834 139.73135
35.791233 139.69139
35.562923 139.56981
35.698494 139.7725
35.708855 139.74806
35.530987 139.69662
35.69985 139.76378
35.68972 139.69925
35.690804 139.70027
35.67737 139.75175
35.70462 139.61998
35.69958 139.76523
35.562477 139.71605
35.645733 139.74757
35.678562 139.76556
35.588432 139.72792
35.698227 139.76414
35.68815 139.70023
35.7032 139.57991
35.688602 139.69894
35.69836 139.76408
35.7587 139.6894
35.622837 139.74924
35.72777 139.77097
35.644802 139.53705
35.553474 139.5785
35.53106 139.69774
35.68468 139.76605
35.698597 139.77303
35.557846 139.70256
35.66959 139.8176
35.682934 139.73686
35.630146 139.74043
35.814747 139.58684
35.682186 139.73445
35.581577 139.74911
35.604374 139.68396
35.61769 139.7287
35.67921 139.73561
35.530804 139.69978
35.828426 139.80347
35.63227 139.73071
35.815445 139.58719
35.72777 139.77097
35.698597 139.77303
35.664726 139.7117
35.72935 139.71817
35.564323 139.65405
35.670677 139.70253
35.65617 139.54443
35.698597 139.77303
35.692333 139.77127
35.712902 139.7039
35.654106 139.56667
35.588432 139.72792
35.700214 139.774
35.655567 139.5437
35.697586 139.82608
35.629456 139.65836
35.737926 139.76103
35.702194 139.75517
35.738186 139.76033
35.69086 139.70485
35.69697 139.78836
35.693123 139.69945
35.698597 139.77303
35.62412 139.72897
35.660923 139.75146
35.630386 139.7291
35.729897 139.74742
35.630146 139.74043
35.690804 139.70027
35.561356 139.57509
35.672558 139.76324
35.68206 139.78603
35.672874 139.72414
35.607647 139.73474
35.858875 139.65807
35.690804 139.70027
35.66427 139.78465
35.698257 139.75453
35.672485 139.72467
35.643562 139.74939
35.630146 139.74043
35.645733 139.74757
35.66669 139.75813
35.71679 139.85826
35.69556 139.77588
35.622417 139.75009
35.67965 139.77997
35.74744 139.85716
35.628227 139.73871
35.66669 139.75813
35.738274 139.8486
35.702705 139.56084
35.701935 139.58168
35.54506 139.76903
35.703842 139.59937
35.673893 139.75096
35.562923 139.56981
35.703205 139.79095
35.749645 139.80515
35.684742 139.77444
35.722 139.47997
35.64004 139.59874
35.620785 139.56992
35.737244 139.77402
35.69612 139.57051
35.668827 139.83066
35.603752 139.5076
35.67255 139.90215
35.64694 139.74736
35.700253 139.48026
35.66669 139.75813
35.712955 139.7037
35.71048 139.81331
35.64694 139.74736
35.713448 139.77628
35.62104 139.56946
35.688923 139.69957
35.672318 139.79456
35.620815 139.56972
35.665115 139.71246
35.626537 139.72334
35.695816 139.7685
35.756195 139.81038
35.698597 139.77303
35.66551 139.7686
35.69808 139.76599
35.628178 139.73788
35.729866 139.71095
35.681377 139.76608
35.72777 139.77097
35.791878 139.64587
35.723324 139.61981
35.846527 139.66934
35.643013 139.8201
35.59329 139.73059
35.848316 139.66899
35.713448 139.77628
35.69336 139.78238
35.84768 139.66914
35.63788 139.70439
35.608467 139.6478
35.729496 139.7913
35.801918 139.71759
35.636566 139.69511
35.698338 139.77304
35.630146 139.74043
35.60487 139.73476
35.674805 139.76329
35.67123 139.76501
35.64268 139.62784
35.568665 139.5534
35.690804 139.70027
35.655518 139.75673
35.605145 139.74255
35.6914 139.69388
35.807854 139.84503
35.68318 139.77556
35.640244 139.74593
35.617958 139.56508
35.66669 139.75813
35.62821 139.73842
35.702705 139.56084
35.630146 139.74043
35.628227 139.73871
35.655617 139.75674
35.73021 139.71114
35.679764 139.77057
35.62851 139.73833
35.626484 139.6314
35.606247 139.73485
35.628227 139.73871
35.69648 139.81502
35.680645 139.76636
35.69958 139.76523
35.66225 139.7749
35.690804 139.70027
35.697468 139.78598
35.630146 139.74043
35.72777 139.77097
35.62882 139.73862
35.695965 139.75807
35.62393 139.75119
35.630146 139.74043
35.690804 139.70027
35.66783 139.89102
35.680588 139.47177
35.707104 139.78127
35.68491 139.77315
35.647522 139.74843
35.690804 139.70027
35.62568 139.71341
35.552727 139.696
35.70044 139.75043
35.690784 139.70636
35.68342 139.73878
35.700253 139.48026
35.653866 139.7498
35.69643 139.81395
35.729866 139.71095
35.620815 139.56972
35.711414 139.77718
35.695415 139.75111
35.574913 139.66324
35.678345 139.7401
35.69643 139.81395
35.695503 139.75171
35.690804 139.70027
35.719425 139.6638
35.746784 139.75464
35.66899 139.67972
35.66901 139.67961
35.69086 139.70485
35.748306 139.56767
35.660366 139.72897
35.65189 139.5444
35.690704 139.77843
35.562923 139.56981
35.66669 139.75813
35.665874 139.89305
35.637985 139.71324
35.60979 139.7497
35.673744 139.66725
35.63911 139.7119
35.575027 139.75879
35.64077 139.71269
35.79221 139.71773
35.628426 139.73698
35.62578 139.71474
35.73221 139.71109
35.66669 139.75813
35.703842 139.59937
35.723324 139.61981
35.68251 139.76492
35.603752 139.5076
35.59788 139.60504
35.665497 139.75964
35.70231 139.74503
35.662865 139.62268
35.66669 139.75813
35.66361 139.87271
35.697926 139.6829
35.690346 139.69978
35.625393 139.74205
35.684006 139.70299
35.661404 139.66725
35.626568 139.7414
35.749332 139.8051
35.628178 139.73788
35.654366 139.75688
35.62022 139.72873
35.62759 139.74197
35.668224 139.60114
35.620815 139.56972
35.698597 139.77303
35.685574 139.69064
35.68229 139.76627
35.530987 139.69662
35.704025 139.59958
35.62617 139.74178
35.69158 139.73703
35.634975 139.88437
35.729866 139.71095
35.55138 139.7884
35.84768 139.66914
35.669163 139.74767
35.68856 139.7015
35.561356 139.57509
35.67296 139.77863
35.690804 139.70027
35.690804 139.70027
35.76145 139.72911
35.663036 139.76129
35.687923 139.69481
35.587322 139.59134
35.665436 139.75516
35.689857 139.83566
35.663006 139.74504
35.593792 139.60565
35.690804 139.70027
35.802124 139.71799
35.599022 139.6112
35.729027 139.71109
35.72841 139.71104
35.801918 139.71759
35.62885 139.73799
35.667614 139.63184
35.65375 139.79544
35.570744 139.74991
35.66944 139.60078
35.70231 139.74503
35.690804 139.70027
35.581577 139.74911
35.665623 139.75359
35.64004 139.59874
35.66183 139.74438
35.69661 139.68257
35.620785 139.56992
35.700253 139.48026
35.66851 139.74307
35.69958 139.76523
35.646877 139.70995
35.635338 139.71771
35.762096 139.82492
35.56227 139.71584
35.69612 139.79251
35.7587 139.6894
35.70462 139.61998
35.749645 139.80515
35.634594 139.88554
35.564438 139.71645
35.677517 139.7654
35.531326 139.6969
35.730354 139.71056
35.666298 139.75269
35.650425 139.7039
35.588432 139.72792
35.73007 139.71114
35.77806 139.72084
35.59906 139.60994
35.740658 139.71655
35.656116 139.75658
35.698597 139.77303
35.668842 139.62347
35.58132 139.74873
35.729866 139.71095
35.73479 139.75394
35.53108 139.69699
35.69167 139.77087
35.6254 139.57515
35.557846 139.70256
35.681206 139.68636
35.66807 139.77252
35.620815 139.56972
35.7403 139.70969
35.640766 139.59879
35.698677 139.77422
35.709442 139.69492
35.607647 139.73474
35.669003 139.78514
35.65189 139.5444
35.69643 139.81395
35.696438 139.81395
35.70583 139.6658
35.646034 139.827
35.584877 139.58199
35.698597 139.77303
35.696907 139.8145
35.66867 139.70596
35.696877 139.81424
35.655518 139.75673
35.733715 139.73965
35.822216 139.5752
35.703392 139.66617
35.619698 139.72855
35.636276 139.73322
35.732117 139.76671
35.66919 139.76105
35.618374 139.72757
35.681377 139.76608
35.568665 139.5534
35.603752 139.5076
35.562923 139.56981
35.6035 139.61752
35.740658 139.71655
35.703056 139.77466
35.7366 139.75208
35.706062 139.61818
35.698597 139.77303
35.70357 139.75511
35.693314 139.69913
35.828426 139.80347
35.679466 139.74146
35.617188 139.56456
35.762203 139.82494
35.559372 139.75426
35.7266 139.69484
35.776825 139.6189
35.68659 139.76591
35.630146 139.74043
35.66895 139.69131
35.746372 139.58598
35.682728 139.77885
35.695965 139.75807
35.690804 139.70027
35.665314 139.75154
35.682987 139.7383
35.673744 139.66725
35.562477 139.71605
35.736416 139.74997
35.630146 139.74043
35.698597 139.77303
35.58049 139.66187
35.675674 139.76346
35.702255 139.75229
35.666157 139.75005
35.531326 139.6969
35.702705 139.56084
35.73745 139.74922
35.687084 139.76546
35.691086 139.73564
35.690804 139.70027
35.737926 139.76103
35.66669 139.75813
35.6175 139.77936
35.630146 139.74043
35.568405 139.55351
35.552025 139.78133
35.63227 139.73071
35.530804 139.69978
35.68468 139.76605
35.696106 139.79253
35.728382 139.70952
35.702637 139.54475
35.547836 139.59106
35.69612 139.79251
35.692333 139.77127
35.850132 139.67561
35.698494 139.7725
35.733456 139.73949
35.68206 139.78603
35.55138 139.7884
35.72777 139.77097
35.705376 139.64986
35.85857 139.6569
35.607174 139.73486
35.527447 139.70128
35.749645 139.80515
35.561356 139.57509
35.561916 139.57524
35.545498 139.57452
35.749645 139.80515
35.55288 139.7877
35.630386 139.7291
35.658524 139.70132
35.658524 139.70132
35.738293 139.83937
35.628178 139.73788
35.62851 139.73833
35.54525 139.76973
35.544674 139.76855
35.67052 139.77373
35.700188 139.77362
35.690804 139.70027
35.745895 139.74231
35.71679 139.85826
35.730354 139.71056
35.562477 139.71605
35.683594 139.70224
35.62851 139.73833
35.655617 139.75674
35.589745 139.66878
35.651024 139.74742
35.71696 139.85817
35.66959 139.8176
35.66708 139.7574
35.706425 139.84251
35.798077 139.77174
35.6814 139.76743
35.672565 139.72511
35.58555 139.68224
35.645733 139.74757
35.74744 139.85716
35.66629 139.47705
35.729897 139.74742
35.69556 139.77588
35.74801 139.80661
35.702255 139.75229
35.855843 139.77283
35.75898 139.71576
35.681377 139.76608
35.655518 139.75673
35.84768 139.66914
35.7032 139.66556
35.712902 139.7039
35.751408 139.54536
35.564323 139.65405
35.67994 139.76822
35.666435 139.76564
35.704395 139.79514
35.672874 139.72414
35.691086 139.73564
35.840767 139.79628
35.846916 139.66882
35.63368 139.71552
35.673893 139.75096
35.633896 139.5311
35.733353 139.88202
35.738274 139.8486
35.60979 139.7497
35.66735 139.80396
35.660595 139.70715
35.57491 139.66324
35.701935 139.58168
35.735962 139.6297
35.698257 139.75453
35.732944 139.88167
35.654865 139.79626
35.56407 139.59436
35.703342 139.58089
35.762917 139.72768
35.554386 139.57903
35.658524 139.70132
35.69414 139.68767
35.700363 139.75043
35.672485 139.72467
35.587196 139.64441
35.62104 139.56946
35.703186 139.57991
35.672543 139.72511
35.694153 139.6876
35.72777 139.77097
35.81463 139.58707
35.728596 139.71332
35.671562 139.7247
35.620785 139.56992
35.656414 139.75894
35.702705 139.56084
35.656868 139.75937
35.670467 139.74294
35.736515 139.74683
35.558506 139.70476
35.55138 139.7884
35.70349 139.55853
35.709713 139.61246
35.654488 139.75708
35.731842 139.72806
35.669727 139.72736
35.70829 139.76941
35.655155 139.70631
35.682796 139.68687
35.681686 139.76465
35.6316 139.64526
35.633686 139.64963
35.679855 139.7688
35.657192 139.54184
35.693676 139.69585
35.7032 139.5609
35.690804 139.70027
35.733456 139.73949
35.845886 139.64697
35.614628 139.52824
35.6757 139.7629
35.691296 139.73547
35.671093 139.74774
35.562923 139.56981
35.613785 139.66052
35.628777 139.73877
35.703938 139.73422
35.70357 139.75511
35.688602 139.69894
35.84768 139.66914
35.788216 139.61269
35.55138 139.7884
35.55138 139.7884
35.698597 139.77303
35.674213 139.74506
35.682014 139.76584
35.732277 139.71979
35.5644 139.71542
35.677715 139.78224
35.59974 139.61023
35.723804 139.64914
35.690804 139.70027
35.632812 139.88031
35.66427 139.78465
35.655613 139.70369
35.630146 139.74043
35.682938 139.73222
35.687523 139.79219
35.568405 139.55351
35.670677 139.70253
35.670677 139.70253
35.69643 139.81395
35.619076 139.73056
35.737408 139.65475
35.665348 139.70003
35.56257 139.71454
35.646877 139.70995
35.632812 139.88031
35.63368 139.71552
35.729027 139.71109
35.72777 139.77097
35.61656 139.72736
35.55717 139.70534
35.695415 139.75111
35.69167 139.77087
35.688103 139.69345
35.797108 139.6017
35.844215 139.62791
35.690002 139.69904
35.66867 139.70596
35.76032 139.53394
35.670544 139.71785
35.57573 139.65965
35.69958 139.76523
35.70649 139.7371
35.729866 139.71095
35.683792 139.75931
35.655518 139.75673
35.627525 139.7788
35.627983 139.77917
35.700253 139.48026
35.562794 139.71739
35.629322 139.77908
35.719414 139.73424
35.630096 139.5506
35.690804 139.70027
35.665485 139.73117
35.619698 139.72855
35.684032 139.75856
35.702705 139.56084
35.729866 139.71095
35.700737 139.77188
35.674015 139.74501
35.547756 139.78514
35.658524 139.70132
35.57668 139.65947
35.7032 139.57991
35.68276 139.75565
35.658195 139.70203
35.663315 139.73212
35.69528 139.69035
35.674206 139.74506
35.661587 139.66748
35.619698 139.72855
35.653973 139.77943
35.72993 139.71095
35.655617 139.75674
35.686337 139.72957
35.570404 139.52696
35.677017 139.73705
35.588432 139.72792
35.678585 139.75366
35.69643 139.81395
35.730354 139.71056
35.645733 139.74757
35.67479 139.60542
35.72935 139.71817
35.545498 139.57452
35.69365 139.76543
35.67703 139.73705
35.658524 139.70132
35.678078 139.56776
35.706013 139.9037
35.673264 139.7203
35.712902 139.7039
35.585537 139.75284
35.644104 139.66896
35.640728 139.69443
35.747574 139.84018
35.690998 139.73558
35.721596 139.70679
35.645157 139.67473
35.690804 139.70027
35.687977 139.797
35.707592 139.61615
35.645832 139.7464
35.673466 139.76051
35.656754 139.70152
35.63368 139.71552
35.689213 139.7644
35.671577 139.74126
35.696106 139.79253
35.544205 139.5728
35.705376 139.64986
35.729866 139.71095
35.713448 139.77628
35.705376 139.64986
35.65943 139.70056
35.66279 139.75963
35.698338 139.77304
35.549072 139.78455
35.645733 139.74757
35.623886 139.61359
35.708958 139.79657
35.658524 139.70132
35.53694 139.63487
35.647694 139.7446
35.681206 139.68636
35.637646 139.69115
35.634518 139.79198
35.69958 139.76523
35.840767 139.79628
35.658524 139.70132
35.628777 139.73877
35.709316 139.77298
35.662876 139.73146
35.698475 139.7612
35.698597 139.77303
35.702194 139.75517
35.62885 139.73799
35.684437 139.72998
35.830494 139.56238
35.67923 139.76848
35.70947 139.73347
35.698597 139.77303
35.628937 139.7375
35.671932 139.75955
35.728634 139.5526
35.70619 139.70657
35.60776 139.66833
35.674213 139.74506
35.698597 139.77303
35.67487 139.67111
35.701736 139.52483
35.6589 139.70326
35.63706 139.73097
35.644302 139.69916
35.572617 139.73216
35.63696 139.73096
35.67222 139.86618
35.710915 139.79788
35.681377 139.76608
35.672405 139.73601
35.55192 139.57928
35.6656 139.67322
35.66319 139.73213
35.5526 139.57962
35.646553 139.71022
35.658524 139.70132
35.76569 139.74432
35.630146 139.74043
35.665115 139.71246
35.72777 139.77097
35.642372 139.71352
35.655617 139.75674
35.70231 139.74503
35.729866 139.71095
35.541855 139.79329
35.69569 139.69835
35.724155 139.61499
35.55138 139.7884
35.682278 139.68684
35.690804 139.70027
35.686325 139.78227
35.660847 139.72957
35.656372 139.69934
35.737503 139.49957
35.644314 139.67067
35.69794 139.70743
35.55127 139.78758
35.640762 139.75592
35.690804 139.70027
35.81463 139.58707
35.662876 139.73146
35.706425 139.84251
35.645367 139.74788
35.699444 139.76181
35.68808 139.79819
35.750465 139.58644
35.702194 139.75517
35.733986 139.74196
35.705585 139.7519
35.607296 139.66867
35.68375 139.7456
35.703205 139.75456
35.697586 139.82608
35.702682 139.75047
35.68652 139.76619
35.742073 139.61508
35.532753 139.70074
35.702705 139.56084
35.684177 139.70206
35.624977 139.73079
35.560684 139.72372
35.604195 139.64972
35.701942 139.74364
35.63441 139.79161
35.661705 139.72964
35.690804 139.70027
35.65749 139.54445
35.670296 139.73842
35.68659 139.76591
35.68221 139.69789
35.69627 139.81395
35.663315 139.73212
35.657856 139.69786
35.664566 139.73949
35.66899 139.67972
35.66901 139.67961
35.70186 139.75233
35.65996 139.69597
35.66319 139.73213
35.65345 139.74377
35.741528 139.5015
35.749645 139.80515
35.690594 139.69257
35.687874 139.70036
35.700253 139.48026
35.655064 139.69667
35.75131 139.54526
35.658524 139.70132
35.566578 139.65749
35.665787 139.73096
35.70072 139.77242
35.685257 139.70947
35.690804 139.70027
35.68554 139.73611
35.68206 139.78603
35.690804 139.70027
35.658524 139.70132
35.69958 139.76523
35.55886 139.72371
35.697308 139.77376
35.733208 139.6987
35.663002 139.63461
35.66605 139.64134
35.666145 139.64143
35.665485 139.73117
35.657795 139.7013
35.77168 139.73361
35.681377 139.76608
35.66702 139.77869
35.690804 139.70027
35.660366 139.72897
35.544796 139.57079
35.681133 139.76782
35.72568 139.71951
35.691296 139.73547
35.54478 139.5708
35.68376 139.65848
35.665485 139.73117
35.6828 139.69623
35.66427 139.78465
35.846107 139.64796
35.560684 139.72372
35.707058 139.8319
35.54599 139.57028
35.664585 139.73944
35.5461 139.68372
35.531326 139.6969
35.599022 139.6112
35.645424 139.74747
35.5198 139.63268
35.64807 139.74481
35.68403 139.77444
35.678875 139.78748
35.66851 139.74307
35.635193 139.76752
35.684437 139.72998
35.710117 139.82803
35.729866 139.71095
35.62433 139.72871
35.672195 139.48047
35.729393 139.71004
35.65754 139.69548
35.710117 139.82803
35.644985 139.64717
35.68162 139.77313
35.65227 139.72223
35.693092 139.6932
35.788784 139.7103
35.681133 139.76782
35.587337 139.62943
35.733433 139.82
35.681377 139.76608
35.690804 139.70027
35.81463 139.58707
35.61056 139.59254
35.74801 139.80661
35.613567 139.7078
35.729866 139.71095
35.562515 139.71698
35.586643 139.63062
35.586643 139.63062
35.743996 139.81157
35.572193 139.62152
35.588295 139.72821
35.653954 139.70566
35.588432 139.72792
35.690468 139.69783
35.662064 139.70265
35.690804 139.70027
35.599022 139.6112
35.654865 139.79626
35.68089 139.76218
35.52634 139.62613
35.655804 139.79628
35.67364 139.78285
35.64004 139.59874
35.654865 139.79626
35.63119 139.74362
35.636105 139.88339
35.743797 139.67859
35.74065 139.74419
35.68923 139.70056
35.701916 139.74498
35.627285 139.72054
35.729027 139.71109
35.70183 139.57584
35.578873 139.71773
35.65644 139.7114
35.65899 139.69887
35.588432 139.72792
35.65266 139.74416
35.646137 139.82742
35.740032 139.74649
35.76133 139.70552
35.686264 139.70297
35.713276 139.70442
35.65227 139.72223
35.673096 139.75995
35.684227 139.73195
35.6636 139.75125
35.658524 139.70132
35.738117 139.74731
35.69275 139.69821
35.603752 139.5076
35.818035 139.78842
35.760834 139.53452
35.65189 139.5444
35.710724 139.68633
35.690804 139.70027
35.630146 139.74043
35.729923 139.74754
35.665787 139.73096
35.581074 139.75496
35.632793 139.71481
35.698597 139.77303
35.680824 139.71112
35.699406 139.77112
35.74733 139.73538
35.712902 139.7039
35.6933 139.69202
35.73988 139.74678
35.658237 139.72314
35.673466 139.76953
35.54892 139.78452
35.55138 139.7884
35.68383 139.7446
35.690468 139.69783
35.6115 139.62662
35.70462 139.61998
35.700737 139.77188
35.690804 139.70027
35.649582 139.69972
35.731052 139.76834
35.749645 139.80515
35.594334 139.62076
35.74801 139.80661
35.70231 139.74503
35.737873 139.65453
35.749645 139.80515
35.545547 139.57153
35.740868 139.81206
35.75111 139.74745
35.722866 139.49731
35.69397 139.69041
35.665142 139.70956
35.741653 139.85341
35.60743 139.68562
35.695503 139.75171
35.749645 139.80515
35.752457 139.87038
35.70619 139.70657
35.6958 139.70195
35.74801 139.80661
35.689617 139.76166
35.69958 139.76523
35.5532 139.64682
35.74875 139.80653
35.65617 139.54443
35.6916 139.7047
35.729866 139.71095
35.76215 139.82681
35.65189 139.5444
35.68355 139.76654
35.665657 139.8613
35.674656 139.76071
35.668224 139.60114
35.703762 139.5609
35.66899 139.67972
35.632412 139.88327
35.74209 139.61543
35.659485 139.70021
35.733208 139.73845
35.68048 139.68655
35.60743 139.68562
35.67117 139.76057
35.555176 139.78787
35.633186 139.71591
35.698677 139.77422
35.699345 139.52055
35.68348 139.69852
35.61988 139.72838
35.706825 139.76022
35.658524 139.70132
35.802265 139.7183
35.699017 139.77463
35.665115 139.71246
35.666615 139.75818
35.75859 139.78929
35.662067 139.70917
35.68888 139.69716
35.562923 139.56981
35.669643 139.70322
35.667194 139.75854
35.71048 139.81331
35.699455 139.74138
35.708496 139.74849
35.64094 139.63232
35.69841 139.77391
35.641506 139.63258
35.75985 139.86958
35.65491 139.7962
35.65956 139.54375
35.657192 139.54184
35.657192 139.54184
35.630146 139.74043
35.69821 139.75412
35.684177 139.70206
35.697586 139.82608
35.544674 139.76855
35.649197 139.7527
35.546356 139.78499
35.67435 139.76704
35.77806 139.72084
35.604916 139.6821
35.701736 139.52483
35.703518 139.77423
35.605915 139.68349
35.62957 139.77861
35.655407 139.54424
35.681377 139.76608
35.642647 139.75336
35.66099 139.70958
35.73027 139.70735
35.800133 139.73004
35.70606 139.71655
35.630146 139.74043
35.729427 139.74779
35.656406 139.79526
35.55565 139.654
35.732136 139.79153
35.58591 139.63173
35.630146 139.74043
35.656574 139.7006
35.659374 139.69841
35.70596 139.7166
35.639652 139.59908
35.64914 139.69937
35.656593 139.5441
35.68083 139.76808
35.691296 139.73547
35.57779 139.55855
35.73045 139.74783
35.719086 139.73146
35.648445 139.70184
35.67352 139.69125
35.661846 139.69981
35.561623 139.5751
35.667324 139.77719
35.62519 139.77542
35.7565 139.8753
35.561535 139.57455
35.657776 139.5444
35.712902 139.7039
35.685963 139.73647
35.70948 139.72847
35.778458 139.76071
35.69887 139.7705
35.62408 139.73254
35.674995 139.76416
35.681377 139.76608
35.667 139.6922
35.6891 139.69374
35.57573 139.65965
35.671867 139.74643
35.66099 139.70958
35.73023 139.71117
35.672253 139.70549
35.711693 139.77731
35.629456 139.65836
35.713448 139.77628
35.628704 139.65793
35.662647 139.71187
35.768524 139.87074
35.66099 139.70958
35.617188 139.56456
35.6619 139.70894
35.576298 139.65565
35.627758 139.73502
35.628178 139.73788
35.689617 139.76166
35.628227 139.73871
35.628227 139.73871
35.768482 139.87047
35.646168 139.7079
35.651043 139.54433
35.6425 139.74597
35.643646 139.74432
35.664276 139.70302
35.643124 139.74146
35.681633 139.69283
35.695065 139.74783
35.629456 139.65836
35.586815 139.63
35.657726 139.70015
35.678375 139.78664
35.756912 139.87563
35.69167 139.77087
35.729393 139.71004
35.70427 139.77072
35.681377 139.76608
35.732327 139.71289
35.703007 139.77167
35.697765 139.82649
35.68017 139.76845
35.703136 139.7715
35.665874 139.89305
35.73737 139.67583
35.55138 139.7884
35.658707 139.47913
35.685535 139.77484
35.632885 139.87819
35.682766 139.58765
35.64506 139.88751
35.681377 139.76608
35.635468 139.88432
35.77747 139.7211
35.750866 139.8669
35.681736 139.76485
35.630146 139.74043
35.655605 139.73595
35.679836 139.78006
35.63386 139.87872
35.700253 139.48026
35.603752 139.5076
35.55138 139.7884
35.596348 139.71178
35.55138 139.7884
35.712902 139.7039
35.54892 139.78452
35.712902 139.7039
35.65469 139.75708
35.65609 139.74214
35.55138 139.7884
35.712902 139.7039
35.699734 139.75426
35.698597 139.77303
35.699017 139.77463
35.763435 139.67648
35.64317 139.64644
35.522243 139.7323
35.70776 139.70464
35.70427 139.77072
35.689617 139.76166
35.62955 139.77626
35.71148 139.61125
35.587425 139.72783
35.75007 139.58621
35.62104 139.56946
35.682343 139.77267
35.675053 139.76332
35.607536 139.66884
35.743996 139.81157
35.6387 139.74004
35.620815 139.56972
35.65797 139.57503
35.663807 139.87218
35.67049 139.76562
35.601242 139.7679
35.6817 139.76932
35.690346 139.69978
35.662876 139.73146
35.670544 139.71785
35.74453 139.7286
35.659164 139.75255
35.63026 139.73842
35.675674 139.76346
35.618824 139.73126
35.69172 139.77
35.671005 139.71852
35.617188 139.56456
35.702705 139.56084
35.64048 139.74062
35.68412 139.78047
35.728104 139.77127
35.54892 139.78452
35.70231 139.74503
35.69875 139.70302
35.61056 139.59254
35.7071 139.75293
35.69461 139.79405
35.737103 139.74643
35.694096 139.70987
35.737926 139.76103
35.695618 139.74121
35.65797 139.57503
35.67058 139.60895
35.70069 139.7464
35.581863 139.66086
35.686478 139.72905
35.65211 139.63748
35.63278 139.70389
35.681282 139.76607
35.71115 139.77356
35.63128 139.70383
35.632694 139.70367
35.651928 139.63748
35.63273 139.70372
35.633003 139.7378
35.645733 139.74757
35.632874 139.70387
35.750866 139.8669
35.663 139.76132
35.66051 139.72922
35.694218 139.70062
35.729656 139.79181
35.749645 139.80515
35.693047 139.74799
35.531555 139.69778
35.698597 139.77303
35.67979 139.7775
35.68115 139.76337
35.67253 139.73537
35.729866 139.71095
35.698494 139.7725
35.667324 139.77719
35.72961 139.70963
35.69446 139.73776
35.69031 139.84593
35.63057 139.71434
35.676 139.7651
35.61501 139.54222
35.680344 139.7684
35.647964 139.55885
35.55709 139.6574
35.745712 139.81908
35.751015 139.87932
35.628178 139.73788
35.658524 139.70132
35.727703 139.77098
35.658745 139.69913
35.701515 139.74469
35.61933 139.73158
35.630146 139.74043
35.68855 139.69865
35.701675 139.54547
35.697468 139.78598
35.681377 139.76608
35.626015 139.74081
35.69062 139.71162
35.652008 139.61598
35.66867 139.70596
35.692593 139.70816
35.6291 139.77737
35.681797 139.77492
35.668224 139.60114
35.73854 139.83769
35.665764 139.73018
35.698547 139.82626
35.69414 139.68767
35.667427 139.70758
35.681126 139.767
35.64329 139.67079
35.700634 139.54663
35.699432 139.77164
35.54892 139.78452
35.699406 139.77112
35.678852 139.76279
35.678608 139.76169
35.65851 139.70132
35.61279 139.54861
35.576702 139.72266
35.598248 139.71857
35.692997 139.69536
35.67141 139.77266
35.674488 139.81628
35.657127 139.54347
35.661587 139.66748
35.670216 139.61469
35.700573 139.742
35.655937 139.7564
35.680714 139.7782
35.607174 139.73486
35.597107 139.68492
35.692566 139.6987
35.695114 139.76021
35.668636 139.70563
35.572834 139.76306
35.65751 139.70203
35.662243 139.73416
35.70619 139.70657
35.667614 139.63184
35.653053 139.74501
35.563187 139.56877
35.68308 139.73769
35.6915 139.7717
35.691715 139.69864
35.662918 139.75995
35.713448 139.77628
35.69406 139.69316
35.70074 139.77188
35.631817 139.63788
35.667667 139.63171
35.68156 139.76949
35.63414 139.71672
35.597054 139.66644
35.57491 139.66324
35.670845 139.74586
35.67063 139.7466
