35.645733 139.74757
35.749645 139.80515
35.67238 139.79486
35.725525 139.76321
35.65973 139.72343
35.684742 139.77444
35.605145 139.74255
35.713696 139.77751
35.65375 139.79544
35.531326 139.6969
35.54506 139.76903
35.532307 139.69707
35.66836 139.6504
35.681133 139.76782
35.609352 139.7429
35.71327 139.77652
35.67255 139.90215
35.69052 139.6864
35.645733 139.74757
35.708958 139.79657
35.665115 139.71246
35.63368 139.71552
35.620815 139.56972
35.66605 139.64134
35.609352 139.7429
35.751514 139.54486
35.680645 139.76636
35.68376 139.76859
35.57668 139.65947
35.861748 139.655
35.562386 139.71596
35.712948 139.70403
35.84768 139.66914
35.599834 139.61089
35.589745 139.66878
35.681377 139.76608
35.66361 139.87271
35.738834 139.66277
35.68972 139.69925
35.712902 139.7039
35.6455 139.69736
35.587337 139.62943
35.701088 139.74321
35.626537 139.72334
35.702705 139.56084
35.606247 139.73485
35.648273 139.75502
35.68812 139.7003
35.66708 139.7574
35.681175 139.76765
35.698597 139.77303
35.674225 139.78232
35.695965 139.75807
35.62821 139.73842
35.646877 139.70995
35.748707 139.80481
35.688225 139.70131
35.662273 139.75816
35.75136 139.54591
35.560684 139.72372
35.62851 139.73833
35.690804 139.70027
35.690804 139.70027
35.647015 139.74838
35.630146 139.74043
35.681377 139.76608
35.630146 139.74043
35.698154 139.75395
35.668224 139.60114
35.668224 139.60114
35.62882 139.73862
35.703842 139.59937
35.619698 139.72855
35.673725 139.78305
35.628025 139.73804
35.738274 139.8486
35.66951 139.82079
35.6387 139.74004
35.688915 139.81557
35.65886 139.69978
35.689022 139.8157
35.620358 139.72896
35.778942 139.60391
35.67382 139.78369
35.630146 139.74043
35.681377 139.76608
35.63441 139.79161
35.729866 139.71095
35.655518 139.75673
35.75075 139.58206
35.696106 139.79253
35.700253 139.48026
35.647522 139.74843
35.587337 139.62943
35.69945 139.7628
35.670677 139.70253
35.603752 139.5076
35.640594 139.70251
35.682068 139.79874
35.68329 139.74384
35.645924 139.82692
35.637856 139.7528
35.71035 139.80904
35.628025 139.73804
35.743996 139.81157
35.65797 139.57503
35.730354 139.71056
35.79221 139.71773
35.702705 139.56084
35.653866 139.7498
35.70231 139.74503
35.665123 139.80138
35.66669 139.75813
35.588432 139.72792
35.830494 139.56238
35.66845 139.65038
35.70231 139.74503
35.701736 139.52483
35.668644 139.65048
35.599953 139.6106
35.76955 139.87045
35.675083 139.76904
35.738274 139.8486
35.59788 139.60504
35.671417 139.75284
35.69133 139.69708
35.68848 139.78815
35.630146 139.74043
35.700256 139.48026
35.6115 139.62662
35.566597 139.73633
35.583393 139.64024
35.66669 139.75813
35.572834 139.76306
35.686005 139.88293
35.702705 139.56084
35.745888 139.8563
35.681377 139.76608
35.711823 139.77766
35.6727 139.72406
35.679466 139.74146
35.679085 139.77995
35.646687 139.71132
35.636555 139.7346
35.65843 139.69893
35.65843 139.69893
35.686325 139.78227
35.689857 139.83566
35.702488 139.58
35.655617 139.75674
35.59119 139.55368
35.65862 139.71257
35.74954 139.58653
35.634357 139.73662
35.698475 139.7612
35.643513 139.67116
35.672485 139.72467
35.697926 139.6829
35.64562 139.82626
35.620785 139.56992
35.636276 139.73322
35.640522 139.52092
35.658524 139.70132
35.68468 139.76605
35.635834 139.73135
35.562386 139.71596
35.705376 139.64986
35.731842 139.72806
35.634975 139.88437
35.749332 139.8051
35.66631 139.75862
35.667534 139.76181
35.667614 139.63184
35.656868 139.75455
35.7403 139.70969
35.71401 139.777
35.7119 139.79642
35.662865 139.62268
35.63548 139.87952
35.607124 139.6224
35.71473 139.79674
35.655518 139.75673
35.658524 139.70132
35.814747 139.58684
35.5532 139.64682
35.762096 139.82492
35.658524 139.70132
35.552727 139.696
35.69643 139.81395
35.681377 139.76608
35.705376 139.64986
35.679085 139.77995
35.53108 139.69699
35.548985 139.78438
35.77806 139.72084
35.76363 139.72768
35.665146 139.75688
35.682495 139.79164
35.776566 139.6315
35.698597 139.77303
35.658524 139.70132
35.815445 139.58719
35.677345 139.73743
35.690804 139.70027
35.647793 139.68007
35.659275 139.70586
35.588432 139.72792
35.63227 139.73071
35.611603 139.62634
35.740913 139.71677
35.77806 139.72084
35.668842 139.62347
35.611603 139.62634
35.611603 139.62634
35.62412 139.72897
35.72777 139.77097
35.700253 139.48026
35.679836 139.78006
35.719425 139.6638
35.65797 139.57503
35.712902 139.7039
35.69225 139.78046
35.630146 139.74043
35.670265 139.75047
35.690594 139.69257
35.63974 139.72217
35.674995 139.6709
35.692696 139.69109
35.633896 139.5311
35.665436 139.75516
35.764908 139.72623
35.737816 139.65356
35.672417 139.73651
35.698597 139.77303
35.67737 139.75175
35.628227 139.73871
35.699173 139.77255
35.7587 139.6894
35.68805 139.69205
35.749645 139.80515
35.777225 139.79045
35.713356 139.70502
35.695965 139.75807
35.630386 139.7291
35.592064 139.68127
35.655518 139.75673
35.581577 139.74911
35.656403 139.796
35.68034 139.7678
35.692696 139.69109
35.696106 139.79253
35.665623 139.75359
35.70462 139.61998
35.645733 139.74757
35.682728 139.77885
35.651367 139.63664
35.745888 139.8563
35.698494 139.7725
35.734997 139.75348
35.729237 139.71085
35.645733 139.74757
35.690804 139.70027
35.55138 139.7884
35.640957 139.74767
35.61169 139.62883
35.707344 139.75145
35.672417 139.73642
35.551235 139.67545
35.575733 139.65965
35.749645 139.80515
35.737926 139.76103
35.68133 139.7679
35.666443 139.75287
35.696907 139.8145
35.658524 139.70132
35.696877 139.81424
35.65227 139.72223
35.69643 139.81395
35.68402 139.73769
35.690556 139.70593
35.6762 139.69937
35.659706 139.79143
35.604458 139.73412
35.696438 139.81395
35.653706 139.5383
35.66669 139.75813
35.658745 139.69913
35.85857 139.6569
35.76133 139.70552
35.5596 139.7211
35.622944 139.75063
35.791233 139.69139
35.671665 139.76653
35.71679 139.85826
35.694153 139.6876
35.658516 139.70134
35.69414 139.68767
35.581577 139.74911
35.68468 139.76605
35.632812 139.88031
35.73441 139.76874
35.70583 139.6658
35.71585 139.69514
35.734695 139.76707
35.655933 139.71118
35.690804 139.70027
35.665787 139.73096
35.70357 139.75511
35.52997 139.69966
35.676308 139.78458
35.690804 139.70027
35.706425 139.84251
35.65189 139.5444
35.630146 139.74043
35.732117 139.76671
35.568405 139.55351
35.70356 139.56116
35.712902 139.7039
35.705093 139.56142
35.65886 139.69978
35.692333 139.77127
35.653595 139.54399
35.704525 139.56154
35.703842 139.59937
35.67882 139.66568
35.702194 139.75517
35.55481 139.74033
35.69086 139.70485
35.66708 139.7574
35.562923 139.56981
35.67648 139.78227
35.630146 139.74043
35.696106 139.79253
35.62645 139.72343
35.70029 139.83368
35.66669 139.75813
35.69612 139.79251
35.71109 139.79636
35.564323 139.65405
35.644314 139.6991
35.748306 139.56767
35.858875 139.75368
35.55716 139.71976
35.531326 139.6969
35.69697 139.78836
35.733456 139.73949
35.707104 139.78127
35.680363 139.76471
35.68206 139.78603
35.53165 139.69716
35.604374 139.68396
35.660923 139.75146
35.681168 139.71144
35.67965 139.77997
35.749645 139.80515
35.711884 139.77039
35.729866 139.71095
35.731842 139.72806
35.633644 139.53526
35.696163 139.78809
35.673374 139.81613
35.658524 139.70132
35.561356 139.57509
35.681377 139.76608
35.69167 139.77087
35.68815 139.70023
35.670677 139.70253
35.690804 139.70027
35.815655 139.70436
35.65548 139.71176
35.607407 139.73393
35.60704 139.73502
35.672558 139.76324
35.553753 139.57817
35.74744 139.85716
35.673744 139.66725
35.65617 139.54443
35.690804 139.70027
35.665146 139.75688
35.697712 139.82732
35.67498 139.76321
35.56101 139.71494
35.72777 139.77097
35.553345 139.64684
35.55342 139.57712
35.55456 139.57632
35.709442 139.69492
35.71679 139.85826
35.59145 139.70898
35.65526 139.70079
35.589 139.68182
35.736515 139.74683
35.562923 139.56981
35.628227 139.73871
35.71679 139.85826
35.698597 139.77303
35.55138 139.7884
35.649956 139.74835
35.69167 139.77087
35.66254 139.74501
35.69086 139.70485
35.69556 139.77588
35.681015 139.77141
35.690804 139.70027
35.84768 139.66914
35.707058 139.8319
35.561142 139.71815
35.698597 139.77303
35.680347 139.7014
35.553474 139.5785
35.70776 139.70464
35.690346 139.69978
35.710117 139.82803
35.71696 139.85817
35.66841 139.75526
35.699234 139.7744
35.709316 139.77298
35.673096 139.75995
35.68972 139.69925
35.57668 139.65947
35.67853 139.78108
35.658745 139.69913
35.628025 139.73804
35.518074 139.63144
35.67382 139.78369
35.665634 139.73163
35.735962 139.6297
35.630146 139.74043
35.801918 139.71759
35.67118 139.76535
35.713684 139.77664
35.73599 139.67259
35.68923 139.70056
35.697952 139.70743
35.5532 139.64682
35.708958 139.79657
35.550964 139.63808
35.655617 139.75674
35.703186 139.57991
35.71301 139.77583
35.712986 139.77567
35.7032 139.57991
35.68972 139.69925
35.70583 139.6658
35.675053 139.76332
35.70947 139.73347
35.71386 139.77585
35.721207 139.50076
35.64879 139.63623
35.545597 139.78625
35.666435 139.76564
35.68241 139.68742
35.712948 139.70403
35.682796 139.68687
35.667458 139.74518
35.70357 139.75511
35.685696 139.74164
35.66279 139.75963
35.729816 139.71098
35.688602 139.69894
35.690346 139.69978
35.57573 139.65965
35.655617 139.75674
35.68236 139.76624
35.60979 139.7497
35.707546 139.66289
35.62851 139.73833
35.729866 139.71095
35.702194 139.75517
35.658745 139.69913
35.693638 139.75409
35.797108 139.6017
35.63161 139.63855
35.630024 139.74039
35.732944 139.88167
35.732944 139.88167
35.72871 139.71846
35.627525 139.7788
35.71679 139.85826
35.691147 139.70152
35.690804 139.70027
35.56407 139.59436
35.60979 139.7497
35.667652 139.78372
35.689987 139.70113
35.619076 139.73056
35.52751 139.70071
35.709057 139.7195
35.70484 139.61899
35.6657 139.72258
35.627983 139.77917
35.687565 139.79738
35.709057 139.7195
35.646137 139.82742
35.646137 139.82742
35.66099 139.70958
35.656757 139.54214
35.709713 139.61246
35.68105 139.70953
35.668224 139.83192
35.628723 139.73978
35.561356 139.57509
35.736275 139.63843
35.729866 139.71095
35.73141 139.75941
35.69365 139.76543
35.710022 139.73152
35.665035 139.7125
35.658195 139.70203
35.658195 139.70203
35.674015 139.74501
35.683636 139.76155
35.66427 139.78465
35.730976 139.70956
35.687523 139.79219
35.5532 139.64682
35.631775 139.65897
35.7032 139.57991
35.736794 139.63777
35.729866 139.71095
35.55134 139.78108
35.710037 139.8107
35.666615 139.75818
35.695065 139.6375
35.669376 139.80652
35.53694 139.63487
35.65872 139.7309
35.730045 139.68303
35.698677 139.77422
35.68334 139.76056
35.69808 139.76599
35.65643 139.54462
35.717117 139.85812
35.713684 139.77664
35.67703 139.73705
35.663315 139.73212
35.665874 139.89305
35.620518 139.75082
35.68343 139.76228
35.702194 139.54482
35.680508 139.76808
35.745617 139.71957
35.683792 139.75931
35.65643 139.54462
35.629074 139.73967
35.610027 139.74861
35.698227 139.76414
35.561535 139.57455
35.681377 139.76608
35.681377 139.76608
35.69836 139.76408
35.57573 139.65965
35.705376 139.64986
35.630146 139.74043
35.669952 139.74084
35.72935 139.71817
35.698597 139.77303
35.701736 139.52483
35.690845 139.69705
35.666565 139.72621
35.687977 139.797
35.678844 139.73627
35.698338 139.77304
35.619698 139.72855
35.679928 139.76358
35.686337 139.72957
35.60704 139.73502
35.699883 139.77242
35.70583 139.6658
35.802124 139.71799
35.66735 139.80396
35.604748 139.74675
35.801918 139.71759
35.732117 139.76671
35.68536 139.77429
35.637646 139.69115
35.670544 139.71785
35.68932 139.70045
35.670967 139.65878
35.59884 139.65063
35.729866 139.71095
35.728832 139.71034
35.77806 139.72084
35.64048 139.74062
35.690998 139.73558
35.69747 139.68286
35.66669 139.75813
35.698586 139.758
35.737408 139.65475
35.686005 139.73067
35.726234 139.59207
35.788254 139.61292
35.690804 139.70027
35.698597 139.77303
35.727074 139.77145
35.620815 139.56972
35.665665 139.73073
35.815445 139.58719
35.64796 139.69518
35.690243 139.69908
35.69985 139.76378
35.690804 139.70027
35.644314 139.6991
35.62481 139.7318
35.62662 139.77711
35.62694 139.74107
35.645733 139.74757
35.729027 139.71109
35.66995 139.70686
35.700867 139.76395
35.697815 139.77377
35.598454 139.7388
35.814747 139.58684
35.645733 139.74757
35.55138 139.7884
35.668488 139.70538
35.671974 139.74118
35.69414 139.68767
35.69985 139.76378
35.681133 139.76782
35.531326 139.6969
35.698597 139.77303
35.687332 139.73024
35.673893 139.75096
35.712902 139.7039
35.65866 139.68448
35.530987 139.69662
35.681377 139.76608
35.77806 139.72084
35.6091 139.5163
35.690804 139.70027
35.749645 139.80515
35.699444 139.76181
35.628033 139.73857
35.696106 139.77527
35.66629 139.47705
35.658524 139.70132
35.646553 139.71022
35.656338 139.75948
35.628647 139.73851
35.71115 139.77356
35.554653 139.66946
35.729866 139.71095
35.74801 139.80661
35.682476 139.76451
35.629242 139.77931
35.684032 139.75856
35.62885 139.73799
35.681374 139.76778
35.548615 139.79268
35.747574 139.84018
35.643574 139.74557
35.640728 139.69443
35.688927 139.69957
35.702194 139.75517
35.696106 139.79253
35.658524 139.70132
35.628647 139.73851
35.694424 139.74307
35.665115 139.71246
35.668827 139.83066
35.660366 139.72897
35.63441 139.79161
35.713684 139.77664
35.681377 139.76608
35.675144 139.75975
35.5779 139.54045
35.678585 139.75366
35.646877 139.70995
35.729866 139.71095
35.749332 139.8051
35.748707 139.80481
35.657856 139.69786
35.66103 139.7296
35.701736 139.52483
35.57573 139.65965
35.702255 139.75229
35.5593 139.66763
35.753853 139.73836
35.681377 139.76608
35.693092 139.6932
35.56124 139.66711
35.56037 139.66864
35.72777 139.77097
35.698597 139.77303
35.623093 139.59593
35.705585 139.7519
35.66629 139.47705
35.712902 139.7039
35.619698 139.72855
35.588432 139.72792
35.629276 139.73639
35.671974 139.74118
35.703205 139.75456
35.685696 139.74164
35.624977 139.73079
35.73158 139.71672
35.71146 139.76006
35.729866 139.71095
35.627537 139.62428
35.74875 139.80653
35.65579 139.73703
35.69167 139.77087
35.749645 139.80515
35.655735 139.70354
35.607536 139.66884
35.681133 139.76782
35.729866 139.71095
35.572884 139.66524
35.699017 139.77463
35.690804 139.70027
35.573025 139.66537
35.628025 139.73804
35.673115 139.75839
35.642273 139.71346
35.66939 139.70352
35.6216 139.6092
35.69794 139.70743
35.662876 139.73146
35.66669 139.75813
35.690784 139.70636
35.713684 139.77664
35.665665 139.73073
35.69834 139.77312
35.73023 139.71117
35.698597 139.77303
35.698597 139.77303
35.573906 139.66585
35.69777 139.64807
35.69777 139.64807
35.62957 139.77861
35.65644 139.7114
35.701622 139.75314
35.698627 139.75432
35.686913 139.76361
35.63441 139.79161
35.68375 139.7456
35.75136 139.54591
35.6839 139.4726
35.730274 139.71138
35.788265 139.61288
35.669952 139.74084
35.658234 139.70854
35.7015 139.48053
35.646877 139.70995
35.67179 139.83568
35.658524 139.70132
35.5626 139.71565
35.6828 139.69623
35.608685 139.74127
35.658524 139.70132
35.748306 139.56767
35.753853 139.73836
35.692444 139.75851
35.691296 139.73547
35.7006 139.75604
35.66051 139.72922
35.63368 139.71552
35.681206 139.68636
35.632793 139.71481
35.734486 139.8095
35.70579 139.77383
35.67176 139.90254
35.69924 139.76268
35.676647 139.76366
35.59974 139.61023
35.660366 139.72897
35.628696 139.73965
35.645924 139.82692
35.618645 139.62224
35.560684 139.72372
35.70611 139.70697
35.698597 139.77303
35.680508 139.76808
35.698597 139.77303
35.700256 139.48026
35.683147 139.76588
35.71966 139.65317
35.66732 139.7735
35.77168 139.73361
35.648365 139.70338
35.68304 139.70216
35.665585 139.73904
35.68867 139.77318
35.66959 139.8176
35.743553 139.60703
35.6556 139.80931
35.749645 139.80515
35.65907 139.70114
35.68972 139.69925
35.680157 139.76256
35.697926 139.6829
35.588432 139.72792
35.594086 139.60532
35.655617 139.75674
35.660027 139.69592
35.654865 139.79626
35.654682 139.75854
35.712307 139.69916
35.65378 139.75763
35.672318 139.79456
35.672318 139.79456
35.65189 139.5444
35.66351 139.7287
35.55138 139.7884
35.69643 139.81395
35.57476 139.69833
35.632164 139.57741
35.703682 139.56012
35.828426 139.80347
35.691395 139.7734
35.690804 139.70027
35.588432 139.72792
35.664566 139.73949
35.760834 139.53452
35.66807 139.77252
35.72792 139.7996
35.547173 139.74004
35.653564 139.75989
35.68599 139.78244
35.6216 139.6092
35.722057 139.48006
35.712902 139.7039
35.704697 139.65112
35.607536 139.66884
35.62104 139.56946
35.665787 139.73096
35.662918 139.75995
35.53861 139.68867
35.752636 139.76224
35.67052 139.77373
35.67364 139.78285
35.653954 139.76254
35.653954 139.76254
35.681206 139.68636
35.70787 139.61519
35.708153 139.48848
35.672268 139.76578
35.699528 139.76506
35.670204 139.74982
35.617188 139.56456
35.539604 139.68896
35.645733 139.74757
35.67561 139.7513
35.729866 139.71095
35.607086 139.65335
35.67452 139.74284
35.686 139.78134
35.549477 139.69414
35.698597 139.77303
35.799942 139.53238
35.685596 139.77338
35.640522 139.52092
35.734486 139.8095
35.657818 139.70366
35.692566 139.6987
35.580063 139.60626
35.632812 139.88031
35.562923 139.56981
35.709454 139.8085
35.627907 139.74077
35.647694 139.74489
35.709316 139.77298
35.63347 139.66165
35.553913 139.78688
35.65189 139.5444
35.698597 139.77303
35.630146 139.74043
35.59974 139.61023
35.681023 139.768
35.802124 139.71799
35.698345 139.75433
35.552147 139.64719
35.64807 139.74481
35.676323 139.71234
35.701385 139.74484
35.670746 139.71663
35.60246 139.71306
35.696907 139.8145
35.696438 139.81395
35.729027 139.71109
35.710037 139.8107
35.69343 139.69537
35.652874 139.60133
35.686005 139.73067
35.659134 139.701
35.70304 139.57986
35.65189 139.5444
35.67642 139.7329
35.65496 139.74365
35.703114 139.58105
35.681377 139.76608
35.698326 139.77162
35.664707 139.7395
35.657173 139.54051
35.7035 139.58038
35.5618 139.57495
35.66836 139.73273
35.60993 139.82565
35.70959 139.81386
35.603325 139.74628
35.59884 139.65063
35.7032 139.57991
35.73938 139.79742
35.729866 139.71095
35.553555 139.64699
35.56431 139.71481
35.5644 139.71542
35.658524 139.70132
35.6916 139.7047
35.698597 139.77303
35.698597 139.77303
35.66319 139.73213
35.57994 139.66019
35.57958 139.57301
35.597874 139.6503
35.665115 139.71246
35.679836 139.78006
35.731842 139.72806
35.656746 139.541
35.692265 139.70522
35.698357 139.7722
35.710556 139.76028
35.713226 139.7047
35.653137 139.54411
35.67852 139.74149
35.713932 139.79515
35.656906 139.75717
35.70583 139.6658
35.713684 139.77664
35.70583 139.6658
35.68932 139.70045
35.698597 139.77303
35.682747 139.75569
35.629456 139.65836
35.72825 139.77625
35.63012 139.74324
35.656746 139.541
35.553474 139.5785
35.633266 139.48701
35.614944 139.57693
35.631386 139.48729
35.690804 139.70027
35.65929 139.69987
35.645733 139.74757
35.618797 139.62218
35.693203 139.74983
35.663315 139.73212
35.662064 139.70265
35.690804 139.70027
35.658195 139.70203
35.66434 139.76224
35.695503 139.75171
35.712463 139.70717
35.677013 139.73705
35.731926 139.79
35.71001 139.71822
35.692665 139.6911
35.68788 139.70221
35.690228 139.70001
35.749462 139.83719
35.657192 139.54184
35.677135 139.71837
35.659813 139.68384
35.69801 139.7972
35.701916 139.74498
35.72022 139.73698
35.71334 139.71115
35.709908 139.71805
35.61769 139.7287
35.655796 139.71185
35.67364 139.739
35.561356 139.57509
35.71024 139.71849
35.68972 139.69925
35.700817 139.50671
35.74846 139.71687
35.65739 139.54124
35.69097 139.73549
35.65082 139.76057
35.55565 139.654
35.655666 139.71107
35.712902 139.7039
35.651997 139.75412
35.616444 139.7274
35.548985 139.78438
35.69747 139.68286
35.72047 139.77882
35.640995 139.59947
35.662876 139.73146
35.717434 139.68106
35.56744 139.66713
35.64907 139.75262
35.69958 139.76523
35.655674 139.73674
35.67207 139.75719
35.665115 139.71246
35.658672 139.81738
35.681133 139.76782
35.730354 139.71056
35.69113 139.69829
35.61509 139.57925
35.649 139.74165
35.69797 139.78664
35.6984 139.77264
35.67202 139.75764
35.70231 139.74503
35.73023 139.70897
35.712467 139.70784
35.732372 139.71304
35.68855 139.70984
35.66916 139.71556
35.658566 139.74548
35.712902 139.7039
35.68529 139.63907
35.64297 139.66608
35.64253 139.74524
35.66099 139.70958
35.666615 139.75818
35.626537 139.72334
35.658524 139.70132
35.611385 139.55487
35.530075 139.69994
35.6617 139.709
35.615295 139.57944
35.621223 139.63087
35.6885 139.71008
35.630253 139.74278
35.753296 139.73593
35.726955 139.50691
35.659817 139.70038
35.71115 139.77356
35.66221 139.734
35.699017 139.77463
35.711857 139.77402
35.695435 139.76746
35.71585 139.51268
35.65742 139.54025
35.76203 139.70493
35.703186 139.57991
35.711536 139.70433
35.661484 139.7237
35.730877 139.70981
35.604916 139.6821
35.657192 139.54184
35.818035 139.78842
35.62792 139.74
35.702423 139.7449
35.690804 139.70027
35.688557 139.51505
35.681377 139.76608
35.65606 139.70432
35.6568 139.5404
35.672546 139.7622
35.695618 139.74121
35.693047 139.74799
35.55138 139.7884
35.70673 139.68753
35.65515 139.79301
35.607536 139.66884
35.6576 139.5428
35.702675 139.86522
35.704887 139.66621
35.70154 139.76944
35.699894 139.76936
35.6492 139.74292
35.703842 139.59937
35.73962 139.76846
35.695812 139.7387
35.71626 139.74144
35.63451 139.60883
35.669468 139.81882
35.656788 139.7482
35.698597 139.77303
35.55083 139.78806
35.694393 139.69281
35.658524 139.70132
35.702076 139.62834
35.708252 139.79742
35.70596 139.70676
35.63627 139.88344
35.670338 139.76375
35.665874 139.89305
35.570774 139.55406
35.697464 139.66902
35.68076 139.77345
35.586864 139.70593
35.657955 139.70892
35.606014 139.68417
35.70925 139.65932
35.686005 139.73067
35.644188 139.73416
35.7509 139.75264
35.674015 139.74501
35.626667 139.74037
35.78786 139.67482
35.69125 139.69785
35.859703 139.65352
35.690804 139.70027
35.670994 139.73328
35.64077 139.75368
35.73069 139.71237
35.658722 139.7319
35.657726 139.70015
35.658817 139.73216
35.690346 139.69978
35.658997 139.73193
35.61527 139.72003
35.614906 139.71962
35.698677 139.77422
35.599022 139.6112
35.698597 139.77303
35.654682 139.75854
35.729652 139.77188
35.752457 139.87038
35.698254 139.77315
35.752754 139.86897
35.55091 139.78821
35.656235 139.70302
35.66051 139.72922
35.654396 139.54309
35.712902 139.7039
35.707874 139.80685
35.70888 139.82599
35.858738 139.65729
35.672195 139.48047
35.660366 139.72897
35.71354 139.79242
35.756912 139.87563
35.64318 139.60928
35.792164 139.67305
35.675484 139.76843
35.7565 139.8753
35.69747 139.68286
35.658745 139.69913
35.689808 139.6979
35.72935 139.71817
35.736168 139.88463
35.63194 139.7966
35.632812 139.88031
35.644123 139.6984
35.62238 139.72745
35.6698 139.80522
35.665157 139.7698
35.672268 139.76578
35.620815 139.56972
35.680984 139.77443
35.531326 139.6969
35.671665 139.76653
35.754036 139.72743
35.568405 139.55351
35.704987 139.6209
35.644485 139.73433
35.691296 139.73547
35.646877 139.70995
35.69433 139.69582
35.68834 139.70157
35.73023 139.71117
35.69233 139.71478
35.73036 139.7106
35.7436 139.88162
35.560684 139.72372
35.709225 139.71841
35.694763 139.69104
35.67991 139.77704
35.70497 139.70897
35.690804 139.70027
35.750866 139.8669
35.70139 139.75325
35.659485 139.70021
35.692688 139.70366
35.691147 139.69841
35.66669 139.75813
35.61046 139.65195
35.66319 139.73213
35.65852 139.7402
35.717396 139.77135
35.642757 139.74736
35.603775 139.64684
35.691765 139.69835
35.61279 139.54861
35.66995 139.70686
35.69643 139.81395
35.728382 139.70801
35.730137 139.79181
35.656788 139.7482
35.665115 139.71246
35.54478 139.76854
35.562893 139.65092
35.67994 139.76822
35.745888 139.8563
35.63548 139.87952
35.77932 139.72249
35.66046 139.72939
35.710724 139.68633
35.646603 139.70264
35.662876 139.73146
35.69099 139.70674
35.662876 139.73146
35.68549 139.7347
35.694798 139.69888
35.670704 139.69664
35.698494 139.7725
35.641743 139.63011
35.608524 139.64748
35.697617 139.77167
35.73921 139.66782
35.743996 139.81157
35.681133 139.76782
35.749645 139.80515
35.694748 139.69107
35.698082 139.77145
35.675762 139.71481
35.57491 139.66324
35.628696 139.73965
35.622845 139.75075
35.714367 139.76004
35.619698 139.72855
35.672043 139.76418
35.56082 139.569
35.697582 139.67911
35.67194 139.76378
35.560795 139.71912
35.655933 139.71118
35.53477 139.69965
35.65694 139.54187
35.66303 139.7011
35.702705 139.56084
35.686565 139.77515
35.698345 139.75433
35.656055 139.71127
35.550026 139.78831
35.65885 139.70317
35.644623 139.67381
35.672195 139.48047
35.603752 139.5076
35.832146 139.56384
35.830063 139.55905
35.60765 139.74512
35.561356 139.57509
35.57668 139.65947
35.630146 139.74043
35.7019 139.7543
35.666557 139.77063
35.696453 139.6897
35.6824 139.77386
35.728104 139.77127
35.64325 139.62863
35.664852 139.74321
35.630146 139.74043
35.729866 139.71095
35.769424 139.66724
35.531326 139.6969
35.698166 139.77037
35.691 139.76971
35.66454 139.75563
35.762516 139.67549
35.69607 139.75499
35.637688 139.49796
35.69139 139.74995
35.681377 139.76608
35.628723 139.73978
35.665913 139.77063
35.54478 139.76854
35.719013 139.74066
35.649033 139.82674
35.6266 139.74097
35.67435 139.76704
35.753857 139.60863
35.681866 139.7671
35.717113 139.79347
35.662243 139.73416
35.65916 139.54364
35.675316 139.79874
35.659084 139.54375
35.674797 139.76416
35.70304 139.74373
35.736515 139.74683
35.681816 139.76855
35.729866 139.71095
35.672043 139.76418
35.71115 139.77356
35.664375 139.73036
35.618786 139.7031
35.62034 139.74155
35.579617 139.66127
35.665073 139.70131
35.702194 139.75517
35.665382 139.76099
35.681736 139.76485
35.830494 139.56238
35.7032 139.57991
35.672646 139.72295
35.6657 139.72258
35.623375 139.7487
35.67432 139.73639
35.568405 139.55351
35.7032 139.57991
35.664898 139.69414
35.67923 139.76848
35.69078 139.77083
35.745888 139.8563
