35.62645 139.72343
35.658524 139.70132
35.681377 139.76608
35.698227 139.77538
35.670433 139.76819
35.690804 139.70027
35.849583 139.67097
35.64274 139.66747
35.681377 139.76608
35.70462 139.61998
35.727703 139.77098
35.620453 139.70319
35.68468 139.76605
35.694023 139.70488
35.658203 139.71872
35.66002 139.70415
35.736786 139.67015
35.698597 139.77303
35.646603 139.70824
35.668224 139.60114
35.776512 139.63107
35.531326 139.6969
35.777332 139.7209
35.723484 139.67671
35.627907 139.74077
35.645855 139.69688
35.695663 139.8118
35.673744 139.66725
35.665874 139.89305
35.69958 139.76523
35.729866 139.71095
35.688465 139.80623
35.584877 139.58199
35.64436 139.69963
35.74661 139.7469
35.662144 139.70015
35.68694 139.66562
35.6216 139.6092
35.690346 139.69978
35.84768 139.66914
35.690804 139.70027
35.63368 139.71552
35.7032 139.57991
35.71679 139.85826
35.661587 139.66748
35.705547 139.77597
35.66112 139.6983
35.65851 139.70132
35.840134 139.69522
35.629288 139.6832
35.72777 139.77097
35.553032 139.6457
35.703976 139.63692
35.666718 139.75676
35.71362 139.77652
35.72817 139.71117
35.74798 139.56783
35.702206 139.58035
35.7721 139.5199
35.71362 139.77652
35.688927 139.69957
35.730564 139.7212
35.698597 139.77303
35.553032 139.6457
35.773235 139.52061
35.733208 139.77757
35.65745 139.5876
35.562477 139.71605
35.847527 139.66946
35.740868 139.81206
35.773956 139.5215
35.67498 139.76321
35.643246 139.67001
35.77132 139.63623
35.562386 139.71596
35.70443 139.62079
35.65688 139.75433
35.729866 139.71095
35.622406 139.72037
35.589813 139.66881
35.77806 139.72084
35.60709 139.66866
35.673138 139.76875
35.68137 139.78651
35.662113 139.66878
35.704082 139.58095
35.695976 139.81189
35.670258 139.61633
35.749645 139.80515
35.671238 139.61636
35.792553 139.6392
35.77806 139.72084
35.77836 139.61902
35.60854 139.6685
35.68783 139.71974
35.658443 139.68604
35.702705 139.56084
35.710545 139.79646
35.580856 139.66377
35.71153 139.7926
35.676334 139.78603
35.68481 139.60712
35.53694 139.63487
35.7101 139.77351
35.843185 139.80074
35.662796 139.72954
35.602665 139.61696
35.711563 139.70982
35.66553 139.89365
35.66382 139.89645
35.639565 139.63174
35.71176 139.68492
35.710114 139.64836
35.785347 139.64001
35.6669 139.61368
35.62575 139.66177
35.62559 139.66365
35.69614 139.66817
35.567894 139.693
35.638058 139.62434
35.64385 139.66953
35.72859 139.77687
35.726814 139.77698
35.660892 139.71527
35.742744 139.7806
35.72852 139.77467
35.735374 139.7185
35.73511 139.69392
35.665268 139.7284
35.64331 139.66748
35.76244 139.83667
35.549927 139.55719
35.65781 139.69864
35.657192 139.54184
35.691425 139.7619
35.57903 139.57344
35.72604 139.59203
35.638546 139.68309
35.698112 139.77177
35.62854 139.68594
35.695503 139.75171
35.640892 139.60176
35.7305 139.71199
35.672043 139.76418
35.66807 139.77252
35.66587 139.77011
35.74171 139.81499
35.75576 139.73357
35.756096 139.73332
35.789692 139.724
35.665157 139.7698
35.718643 139.61433
35.711803 139.79732
35.742252 139.81056
35.75283 139.73819
35.607536 139.66884
35.658524 139.70132
35.690346 139.69978
35.75626 139.69458
35.626003 139.63239
35.75111 139.74745
35.702267 139.57906
35.6091 139.5163
35.64004 139.59874
35.690804 139.70027
35.531326 139.6969
35.55003 139.63368
35.658524 139.70132
35.658524 139.70132
35.681377 139.76608
35.679665 139.78091
35.753494 139.87022
35.75009 139.76497
35.777225 139.79045
35.615158 139.57913
35.686005 139.73067
35.670277 139.67062
35.704433 139.69728
35.6914 139.69388
35.814167 139.80132
35.630146 139.74043
35.62481 139.7234
35.710915 139.79788
35.615295 139.57944
35.814816 139.58693
35.828426 139.80347
35.815445 139.58719
35.551735 139.7885
35.56351 139.6789
35.729496 139.7913
35.688976 139.65512
35.630146 139.74043
35.68748 139.67728
35.681377 139.76608
35.53694 139.63487
35.53638 139.7035
35.538044 139.70645
35.709293 139.70331
35.668224 139.60114
35.71373 139.77722
35.69158 139.73703
35.67058 139.60895
35.732944 139.88167
35.697464 139.81424
35.624157 139.72575
35.682354 139.78677
35.636105 139.88339
35.689396 139.8262
35.53655 139.70413
35.572876 139.66501
35.709694 139.73132
35.817646 139.66959
35.702602 139.5609
35.690804 139.70027
35.747574 139.84018
35.725525 139.76321
35.702705 139.56084
35.64137 139.74103
35.698597 139.77303
35.63441 139.79161
35.627842 139.74092
35.7027 139.56134
35.607178 139.73473
35.713127 139.70454
35.607178 139.73473
35.626568 139.7414
35.697002 139.6827
35.623657 139.72667
35.572903 139.66266
35.7444 139.81128
35.625404 139.74205
35.666565 139.72621
35.697926 139.6829
35.738815 139.66243
35.696915 139.77547
35.625393 139.74205
35.696915 139.77547
35.654686 139.75731
35.6586 139.47888
35.645733 139.74757
35.729866 139.71095
35.690804 139.70027
35.677517 139.7654
35.530987 139.69662
35.690804 139.70027
35.791878 139.64587
35.62144 139.56955
35.653473 139.75722
35.623405 139.57097
35.64694 139.74736
35.551735 139.7885
35.623257 139.57109
35.6623 139.58487
35.748707 139.80481
35.681377 139.76608
35.690804 139.70027
35.745888 139.8563
35.63627 139.88344
35.749645 139.80515
35.57491 139.66324
35.74744 139.85716
35.732117 139.76671
35.621887 139.75092
35.55863 139.55151
35.53846 139.5919
35.658672 139.81738
35.66669 139.75813
35.68972 139.69925
35.70234 139.7524
35.815655 139.70436
35.692448 139.77168
35.702072 139.77188
35.690804 139.70027
35.729866 139.71095
35.663643 139.66046
35.814816 139.58693
35.609035 139.73555
35.654934 139.757
35.654934 139.757
35.67194 139.79575
35.630146 139.74043
35.531326 139.6969
35.711414 139.64377
35.688873 139.6823
35.70356 139.56116
35.695965 139.75807
35.815445 139.58719
35.615013 139.71649
35.665268 139.76088
35.681736 139.76485
35.610226 139.73582
35.75141 139.54576
35.690804 139.70027
35.729866 139.71095
35.732822 139.73871
35.729393 139.71004
35.690804 139.70027
35.664566 139.73949
35.658596 139.69954
35.666718 139.75676
35.66871 139.64926
35.71048 139.81331
35.603752 139.5076
35.62851 139.73833
35.67391 139.7411
35.53565 139.72617
35.674084 139.74109
35.701912 139.73798
35.70583 139.6658
35.673615 139.74062
35.673927 139.741
35.53694 139.63487
35.857594 139.65625
35.658997 139.73193
35.69958 139.76523
35.669064 139.75993
35.76955 139.87045
35.704525 139.56154
35.824802 139.72475
35.568405 139.55351
35.701904 139.67575
35.768013 139.87074
35.654873 139.73909
35.71679 139.85826
35.66437 139.7318
35.70051 139.75343
35.73023 139.70897
35.73498 139.71667
35.6824 139.77386
35.705692 139.6657
35.71347 139.77626
35.65942 139.57513
35.659485 139.70021
35.667614 139.63184
35.681488 139.76776
35.73737 139.67583
35.696686 139.68439
35.672005 139.6172
35.658195 139.70203
35.655613 139.70369
35.658524 139.70132
35.670757 139.70284
35.677013 139.73705
35.699253 139.69624
35.709084 139.77539
35.686005 139.73067
35.662437 139.7332
35.694973 139.75642
35.714325 139.79434
35.687943 139.72006
35.690346 139.69978
35.6886 139.7107
35.698597 139.77303
35.690903 139.70004
35.69086 139.70485
35.65537 139.71385
35.768208 139.64014
35.562393 139.71701
35.690804 139.70027
35.623886 139.61359
35.70148 139.70467
35.60138 139.72688
35.766624 139.84766
35.671078 139.79839
35.84171 139.78806
35.68481 139.60712
35.577423 139.55844
35.73597 139.63745
35.660366 139.72897
35.65973 139.72343
35.62462 139.72012
35.646553 139.71022
35.64481 139.73038
35.695976 139.81189
35.646057 139.70644
35.69152 139.70654
35.6981 139.69724
35.64665 139.7024
35.676655 139.76402
35.642906 139.70065
35.700165 139.74188
35.64138 139.6981
35.670216 139.81659
35.73364 139.72087
35.642586 139.67009
35.671314 139.7533
35.62575 139.66177
35.625423 139.66193
35.62559 139.66365
35.668633 139.80496
35.655907 139.88173
35.709736 139.74364
35.66261 139.87299
35.636566 139.69511
35.73091 139.8459
35.719677 139.65352
35.6968 139.74817
35.70925 139.66568
35.629276 139.65013
35.6467 139.66968
35.708874 139.66605
35.65829 139.69533
35.63106 139.60149
35.665447 139.8369
35.60993 139.82565
35.70527 139.62048
35.58442 139.75465
35.57131 139.68562
35.589 139.74567
35.70271 139.60104
35.719852 139.8637
35.678436 139.69281
35.646435 139.70831
35.669342 139.76038
35.66268 139.7334
35.727192 139.59155
35.75576 139.73357
35.66899 139.67972
35.756096 139.73332
35.598347 139.79843
35.60993 139.82565
35.667595 139.76215
35.576576 139.57384
35.560028 139.65425
35.54506 139.76903
35.677635 139.76259
35.657787 139.703
35.733078 139.79901
35.742252 139.81056
35.53694 139.63487
35.789692 139.724
35.690804 139.70027
35.655617 139.75674
35.672565 139.48466
35.672195 139.48047
35.84171 139.78806
35.628025 139.73804
35.64615 139.82742
35.690804 139.70027
35.69494 139.78453
35.627537 139.62428
35.832184 139.73595
35.698597 139.77303
35.7565 139.8753
35.568665 139.5534
35.697857 139.77393
35.69808 139.78503
35.697372 139.78513
35.551735 139.7885
35.710144 139.80064
35.701904 139.67575
35.68121 139.76804
35.845436 139.64711
35.729866 139.71095
35.62137 139.74931
35.71347 139.77626
35.681416 139.62941
35.750866 139.8669
35.71301 139.77583
35.55138 139.7884
35.62533 139.72533
35.55207 139.64734
35.705376 139.64986
35.65189 139.5444
35.55243 139.64749
35.71347 139.77626
35.55272 139.64731
35.548985 139.78438
35.82688 139.66014
35.858738 139.65729
35.628025 139.73804
35.572098 139.70288
35.688698 139.69861
35.72568 139.71951
35.59714 139.7446
35.743996 139.81157
35.68157 139.76657
35.690804 139.70027
35.70168 139.69067
35.712902 139.7039
35.845436 139.64711
35.67038 139.74995
35.5532 139.64682
35.658195 139.70203
35.531326 139.6969
35.66051 139.72922
35.607536 139.66884
35.70148 139.70467
35.695965 139.75807
35.658585 139.70096
35.60743 139.68562
35.762074 139.75627
35.845436 139.64711
35.705585 139.7519
35.663315 139.73212
35.71738 139.8067
35.66669 139.75813
35.664864 139.73099
35.66532 139.7314
35.668224 139.60114
35.531536 139.69675
35.67994 139.76822
35.53165 139.69716
35.728104 139.77127
35.709293 139.70331
35.665634 139.73163
35.729027 139.71109
35.716927 139.80408
35.679703 139.63646
35.71679 139.85826
35.791233 139.69139
35.66439 139.73369
35.84768 139.66914
35.728725 139.56425
35.667503 139.47897
35.664032 139.73387
35.65455 139.75674
35.71626 139.74144
35.608795 139.71805
35.730274 139.71138
35.69747 139.68286
35.55138 139.7884
35.728664 139.56422
35.568665 139.5534
35.733456 139.73949
35.690804 139.70027
35.72695 139.74583
35.662876 139.73146
35.63627 139.88344
35.65428 139.66902
35.664547 139.73592
35.719303 139.80365
35.749565 139.8046
35.711487 139.77437
35.727623 139.57713
35.729866 139.71095
35.60743 139.68562
35.713657 139.7771
35.658516 139.77643
35.645733 139.74757
35.711414 139.77718
35.723804 139.64914
35.532753 139.70074
35.66651 139.73863
35.654648 139.6643
35.57491 139.66324
35.694736 139.70009
35.64672 139.7457
35.65498 139.7499
35.752434 139.73813
35.70462 139.61998
35.725784 139.72987
35.65404 139.74733
35.690804 139.70027
35.642998 139.86034
35.68083 139.76808
35.778942 139.60391
35.7308 139.71056
35.655468 139.74707
35.77806 139.72084
35.766624 139.84766
35.599022 139.6112
35.65461 139.7452
35.71347 139.77626
35.807854 139.84503
35.606247 139.73485
35.57668 139.65964
35.57668 139.65947
35.72444 139.79727
35.57667 139.6595
35.57573 139.65965
35.57491 139.66324
35.69777 139.64807
35.71048 139.81331
35.698597 139.77303
35.75136 139.54591
35.660313 139.72957
35.658524 139.70132
35.63627 139.88344
35.692448 139.77168
35.615013 139.71649
35.788223 139.61293
35.57573 139.65965
35.667267 139.73871
35.683353 139.65678
35.775223 139.786
35.630146 139.74043
35.561035 139.67104
35.673744 139.66725
35.61192 139.63881
35.68212 139.80034
35.69807 139.77548
35.628025 139.73804
35.61559 139.57701
35.700584 139.76404
35.681297 139.76703
35.66669 139.75813
35.724953 139.81949
35.615395 139.57709
35.69031 139.84593
35.629257 139.73875
35.680702 139.76866
35.66836 139.6504
35.684025 139.7013
35.70583 139.6658
35.68575 139.69812
35.815655 139.70436
35.677517 139.7654
35.619194 139.7283
35.6746 139.7777
35.814167 139.80132
35.68599 139.76343
35.614944 139.57693
35.67965 139.77997
35.729866 139.71095
35.672867 139.76317
35.690804 139.70027
35.532753 139.70074
35.614365 139.57883
35.657143 139.5981
35.749645 139.80515
35.531326 139.6969
35.668224 139.60114
35.69528 139.69035
35.63053 139.78777
35.61509 139.57925
35.77806 139.72084
35.68217 139.78773
35.673744 139.66725
35.817646 139.66959
35.615208 139.5791
35.732944 139.88167
35.670277 139.67062
35.617832 139.67639
35.61496 139.57906
35.68924 139.70001
35.6905 139.7
35.603752 139.5076
35.630146 139.74043
35.690804 139.70027
35.64496 139.74832
35.690746 139.70064
35.615295 139.57944
35.53846 139.5919
35.78398 139.60944
35.618843 139.78085
35.696907 139.8145
35.665962 139.75684
35.710915 139.79788
35.777225 139.79045
35.63627 139.88344
35.695866 139.75224
35.646553 139.71022
35.64694 139.74736
35.814747 139.58684
35.684177 139.70206
35.815445 139.58719
35.702705 139.56084
35.667503 139.64146
35.729866 139.71095
35.55304 139.64674
35.697464 139.81424
35.762917 139.72768
35.701736 139.52483
35.71867 139.82028
35.70231 139.74503
35.630146 139.74043
35.655617 139.75674
35.62049 139.7044
35.7032 139.57991
35.710762 139.8129
35.56351 139.6789
35.66631 139.75862
35.74954 139.58653
35.60393 139.50775
35.629013 139.68571
35.697926 139.6829
35.56509 139.68127
35.661587 139.66748
35.608532 139.73561
35.590572 139.72977
35.531326 139.6969
35.56259 139.71562
35.668644 139.65048
35.66899 139.67972
35.735714 139.78235
35.655518 139.75673
35.68438 139.70312
35.672318 139.79456
35.630146 139.74043
35.706425 139.84251
35.732117 139.76671
35.690804 139.70027
35.621887 139.75092
35.681377 139.76608
35.729866 139.71095
35.589622 139.72928
35.60743 139.68562
35.681206 139.7683
35.65491 139.7962
35.70357 139.75511
35.67205 139.61354
35.658356 139.47948
35.78407 139.87032
35.738834 139.66277
35.696907 139.8145
35.698154 139.75395
35.70764 139.77473
35.657833 139.70145
35.729027 139.71109
35.712948 139.70403
35.68381 139.7707
35.736515 139.74683
35.814747 139.58684
35.705597 139.66621
35.698597 139.77303
35.681377 139.76608
35.696438 139.81395
35.698677 139.77422
35.698597 139.77303
35.815445 139.58719
35.725525 139.76321
35.749645 139.80515
35.607296 139.66867
35.531326 139.6969
35.575733 139.65965
35.690804 139.70027
35.737873 139.65453
35.65908 139.70505
35.643566 139.67065
35.72777 139.77097
35.73657 139.90259
35.631943 139.73787
35.688465 139.80623
35.658524 139.70132
35.68161 139.69351
35.62901 139.68648
35.729866 139.71095
35.681633 139.69283
35.70779 139.76074
35.700516 139.77104
35.749683 139.68091
35.698597 139.77303
35.762203 139.82494
35.658974 139.69836
35.587017 139.63062
35.649063 139.69986
35.66274 139.69716
35.601868 139.70811
35.689114 139.68239
35.698597 139.77303
35.575733 139.65965
35.620815 139.56972
35.729866 139.71095
35.672188 139.48116
35.648796 139.70363
35.72777 139.77097
35.65519 139.79787
35.674786 139.81642
35.619514 139.72748
35.785347 139.64001
35.62542 139.72401
35.55335 139.64688
35.646553 139.71022
35.666145 139.64143
35.672344 139.81946
35.66696 139.75838
35.62049 139.7044
35.666718 139.75676
35.667805 139.76108
35.71148 139.71948
35.531326 139.6969
35.738834 139.66277
35.649906 139.55133
35.580223 139.6621
35.702194 139.54482
35.712116 139.65797
35.704525 139.56154
35.65872 139.7309
35.599815 139.69125
35.703144 139.60156
35.693943 139.70444
35.628147 139.73921
35.707478 139.75952
35.62645 139.72343
35.646675 139.71977
35.65906 139.70058
35.644123 139.6984
35.659485 139.70021
35.80641 139.78311
35.584877 139.58199
35.643246 139.67001
35.68666 139.78181
35.538933 139.6804
35.666325 139.73761
35.701614 139.77971
35.748707 139.80481
35.55304 139.64674
35.843185 139.80074
35.66497 139.73103
35.70583 139.6658
35.56531 139.65303
35.759247 139.67383
35.520634 139.63023
35.768574 139.64671
35.701736 139.52483
35.683533 139.63777
35.659462 139.72357
35.599663 139.61159
35.707268 139.67194
35.549927 139.55719
35.792015 139.63123
35.693893 139.70457
35.58479 139.59422
35.68548 139.57275
35.661236 139.69638
35.632164 139.57741
35.69552 139.75566
35.63165 139.57684
35.694122 139.70453
35.671314 139.7533
35.693165 139.70209
35.57958 139.57301
35.635193 139.76752
35.702057 139.76794
35.63745 139.75618
35.703617 139.60095
35.665405 139.71307
35.55412 139.60452
35.661396 139.66748
35.666027 139.77512
35.699253 139.69624
35.735374 139.7185
35.62739 139.7512
35.655396 139.7497
35.693943 139.70444
35.62755 139.75069
35.743576 139.77809
35.663246 139.73228
35.72852 139.77467
35.70148 139.70467
35.63258 139.58748
35.742744 139.7806
35.652164 139.6248
35.755497 139.76776
35.70388 139.58185
35.6635 139.6991
35.68599 139.76343
35.60138 139.72688
35.62317 139.69832
35.69808 139.76599
35.54896 139.78418
35.662624 139.69492
35.575027 139.75879
35.65073 139.5515
35.698597 139.77303
35.58442 139.75465
35.66535 139.72926
35.66428 139.69359
35.636806 139.74663
35.726677 139.59138
35.643646 139.74432
35.645264 139.7442
35.694668 139.79866
35.72992 139.72389
35.727192 139.59155
35.7299 139.72397
35.66063 139.72215
35.720833 139.69093
35.810497 139.54372
35.669983 139.64215
35.69397 139.70496
35.6958 139.70195
35.64506 139.88751
35.666527 139.75504
35.700638 139.75667
35.626484 139.6314
35.627537 139.62428
35.661587 139.66748
35.54506 139.76903
35.671577 139.74126
35.689743 139.75789
35.690804 139.70027
35.66845 139.65038
35.69906 139.75285
35.712902 139.7039
35.690746 139.70064
35.65584 139.69461
35.64191 139.7484
35.64615 139.82742
35.64694 139.74867
35.65262 139.7496
35.832184 139.73595
35.786697 139.70618
35.83084 139.73598
35.77806 139.72084
35.550594 139.78412
35.672565 139.48466
35.55138 139.7884
35.67498 139.76321
35.690804 139.70027
35.74954 139.58653
35.836376 139.79497
35.697914 139.78693
35.75933 139.80276
35.628178 139.73788
35.752434 139.73813
35.653347 139.54272
35.689785 139.68431
35.727623 139.57713
35.629013 139.7396
35.551735 139.7885
35.628067 139.73778
35.550377 139.78189
35.630146 139.74043
35.619698 139.72855
35.75283 139.73819
35.634617 139.60397
35.828426 139.80347
35.688004 139.69899
35.719677 139.65352
35.691566 139.69997
35.607536 139.66884
35.644615 139.50247
35.6862 139.77603
35.63627 139.88344
35.697952 139.768
35.682888 139.56732
35.75626 139.69458
35.677635 139.76259
35.674477 139.62021
35.66549 139.85883
35.679657 139.7809
35.75009 139.76497
35.55003 139.63368
35.722248 139.48004
35.658524 139.70132
35.6886 139.7107
35.632248 139.788
35.702843 139.56161
35.658195 139.70203
35.620518 139.75082
35.658524 139.70132
35.70947 139.73347
35.658184 139.7029
35.8592 139.65717
35.712955 139.7037
35.7135 139.77628
35.7023 139.56091
35.702705 139.56084
35.60743 139.68562
35.712902 139.7039
35.561035 139.67104
35.54896 139.78418
35.62137 139.74931
35.690693 139.71149
35.658524 139.70132
35.71041 139.72879
35.658577 139.71078
35.729027 139.71109
35.730274 139.71138
35.690804 139.70027
35.71021 139.72812
35.713657 139.7771
35.68124 139.73477
35.550476 139.78944
35.70252 139.57678
35.646553 139.71022
35.809826 139.8424
35.70231 139.74503
35.7565 139.8753
35.70575 139.7871
35.63347 139.66165
35.665787 139.73096
35.621223 139.63087
35.62851 139.73833
35.6886 139.7107
35.7231 139.58173
35.68085 139.76643
35.660435 139.6731
35.74113 139.71666
35.67697 139.78595
35.656055 139.70456
35.6814 139.76743
35.69123 139.73303
35.65606 139.70432
35.65972 139.72348
35.82688 139.66014
35.68444 139.73715
35.72695 139.74583
35.794502 139.79079
35.66669 139.75813
35.701904 139.67575
35.59714 139.7446
35.690804 139.70027
35.70216 139.67348
35.642265 139.60867
35.603752 139.5076
35.690804 139.70027
35.616318 139.56398
35.66361 139.87271
35.66051 139.72922
35.658195 139.70203
35.762074 139.75627
35.8457 139.64722
35.750866 139.8669
35.70704 139.78217
35.62636 139.63095
35.645733 139.74757
35.665146 139.75688
35.61264 139.7192
35.658585 139.70096
35.668827 139.83066
35.778984 139.724
35.688698 139.69861
35.710384 139.72606
35.745888 139.8563
35.662144 139.7328
35.791233 139.69139
35.572098 139.70288
35.64672 139.7457
35.66439 139.73369
35.604267 139.6
35.662876 139.73146
35.667503 139.47897
35.664032 139.73387
35.63627 139.88344
35.603752 139.5076
35.67133 139.4794
35.65991 139.75398
35.723324 139.61981
35.669376 139.80652
35.71048 139.81331
35.608795 139.71805
35.70583 139.6658
35.607105 139.73479
35.726574 139.51321
35.68895 139.65503
35.713657 139.7771
35.711414 139.77718
35.672867 139.76317
35.64004 139.59874
35.665874 139.89305
35.69552 139.76704
35.673203 139.76047
35.723877 139.62473
35.681377 139.76608
35.688976 139.65512
35.673046 139.75992
35.664547 139.73592
35.69605 139.75124
35.743996 139.81157
35.689396 139.8262
35.71679 139.85826
35.681587 139.76862
35.6653 139.73672
35.7135 139.77628
35.553085 139.64842
35.568665 139.5534
35.728664 139.56422
35.56227 139.71584
35.561035 139.67104
35.65469 139.75438
35.54525 139.7697
35.814167 139.80132
35.65943 139.70056
35.690804 139.70027
35.653522 139.75255
35.665787 139.73096
35.66651 139.73863
35.683353 139.65678
35.725525 139.6248
35.712902 139.7039
35.646553 139.71022
35.727623 139.57713
35.760235 139.72221
35.65945 139.72849
35.713642 139.70317
35.71184 139.71892
35.57668 139.65947
35.57667 139.6595
35.683495 139.7437
35.652615 139.74953
35.57668 139.65964
35.65688 139.75433
35.57573 139.65965
35.694736 139.70009
35.619194 139.7283
35.66163 139.66655
35.69777 139.64807
35.603752 139.5076
35.603752 139.5076
35.77806 139.72084
35.528732 139.69952
35.706825 139.76022
35.684177 139.70206
35.777225 139.79045
35.79465 139.51378
35.667267 139.73871
35.732616 139.76799
35.807854 139.84503
35.690804 139.70027
35.696472 139.61305
35.63627 139.88344
35.61192 139.63881
35.732117 139.76671
35.531326 139.6969
35.531555 139.69714
35.53165 139.69716
35.706425 139.84251
35.690346 139.69978
35.7135 139.77628
35.68083 139.76808
35.630146 139.74043
35.61559 139.57701
35.619194 139.7283
35.615395 139.57709
35.69265 139.69481
35.690804 139.70027
35.753494 139.87022
35.628178 139.73788
35.561035 139.67104
35.731518 139.71336
35.658745 139.69913
35.70087 139.69722
35.57491 139.66324
35.554386 139.57903
35.729866 139.71095
35.57573 139.65965
35.706238 139.6452
35.70619 139.64697
35.706055 139.64822
35.667656 139.77234
35.752457 139.87038
35.736515 139.74683
35.532753 139.70074
35.76873 139.66187
35.71115 139.77356
35.698597 139.77303
35.55207 139.64734
35.798077 139.77174
35.60743 139.68562
35.614365 139.57883
35.577084 139.65881
35.70663 139.71909
35.65851 139.70132
35.55272 139.64731
35.658516 139.70134
35.732944 139.88167
35.690804 139.70027
35.61509 139.57925
35.532753 139.70074
35.69807 139.77548
35.615208 139.5791
35.688225 139.70131
35.751408 139.54536
35.642998 139.86034
35.657085 139.6598
35.53846 139.5919
35.668724 139.83176
35.658516 139.77643
35.710903 139.77373
35.636105 139.88339
35.6905 139.7
35.607105 139.73479
35.669273 139.83762
35.690804 139.70027
35.681282 139.76607
35.690346 139.69978
35.702705 139.56084
35.670277 139.67062
35.762917 139.72768
35.690746 139.70064
35.615295 139.57944
35.671726 139.83698
35.815445 139.58719
35.60995 139.71196
35.65815 139.66125
35.69958 139.76523
35.67069 139.83418
35.662647 139.70918
35.71014 139.8134
35.724518 139.76292
35.565147 139.68066
35.749565 139.8046
35.710762 139.8129
35.698494 139.77219
35.749645 139.80515
35.57131 139.68562
35.670296 139.73842
35.750866 139.8669
35.678944 139.526
35.712948 139.70403
35.697002 139.6827
35.697926 139.6829
35.599022 139.6112
35.701736 139.52483
35.645733 139.74757
35.67058 139.60895
35.64694 139.74736
35.690804 139.70027
35.749645 139.80515
35.677517 139.7654
35.68748 139.67728
35.711414 139.64377
35.664318 139.76228
35.621887 139.75092
35.815655 139.70436
35.69643 139.81395
35.69958 139.76523
35.57491 139.66324
35.702194 139.54482
35.70858 139.80463
35.690804 139.70027
35.586864 139.70593
35.632812 139.88031
35.608532 139.73561
35.717964 139.81673
35.77806 139.72084
35.62049 139.7044
35.55863 139.55151
35.7032 139.57991
35.68083 139.76808
35.748306 139.56767
35.55454 139.7297
35.55884 139.5514
35.658997 139.73193
35.560684 139.72372
35.660137 139.72997
35.69367 139.70097
35.66631 139.75862
35.531265 139.6949
35.677517 139.7654
35.68972 139.69925
35.72203 139.7051
35.618725 139.72801
35.68373 139.76851
35.60743 139.68562
35.69528 139.69035
35.74954 139.58653
35.67882 139.66568
35.791878 139.64587
35.65592 139.65361
35.768753 139.70227
35.6762 139.69937
35.690804 139.70027
35.7141 139.77689
35.62645 139.72343
35.700253 139.48026
35.738834 139.66277
35.690804 139.70027
35.698154 139.75395
35.55243 139.64749
35.562477 139.71605
35.538128 139.7931
35.691315 139.73915
35.71035 139.80904
35.60713 139.7342
35.66669 139.75813
35.552353 139.61317
35.815445 139.58719
35.56227 139.71584
35.817646 139.66959
35.708958 139.79657
35.632812 139.88031
35.651367 139.63664
35.6801 139.7678
35.69808 139.76599
35.690804 139.70027
35.690804 139.70027
35.729633 139.70943
35.668224 139.60114
35.714252 139.777
35.599953 139.6106
35.63665 139.74225
