35.5532 139.64682
35.777332 139.7209
35.671413 139.6576
35.749645 139.80515
35.58105 139.64142
35.698338 139.77304
35.690804 139.70027
35.761143 139.53537
35.687298 139.79446
35.529266 139.6999
35.649048 139.71173
35.56465 139.71669
35.65907 139.70058
35.607647 139.73474
35.687763 139.71793
35.732788 139.79886
35.822216 139.5752
35.76955 139.87045
35.70231 139.74503
35.702705 139.56084
35.690804 139.70027
35.65189 139.5444
35.78367 139.66638
35.6635 139.6991
35.797043 139.59851
35.666718 139.75676
35.77806 139.72084
35.791878 139.64587
35.702705 139.56084
35.686623 139.70035
35.733692 139.74028
35.72777 139.77097
35.705376 139.64986
35.690098 139.72168
35.661587 139.66748
35.6978 139.48755
35.762917 139.72768
35.728657 139.79985
35.681377 139.76608
35.690704 139.77843
35.661404 139.66725
35.602314 139.61778
35.658516 139.70134
35.65019 139.55106
35.705654 139.8129
35.64038 139.748
35.657887 139.54245
35.65596 139.54327
35.52951 139.73264
35.667614 139.63184
35.690804 139.70027
35.644524 139.67015
35.696438 139.81395
35.79221 139.71773
35.845623 139.64697
35.67165 139.61476
35.68783 139.71974
35.630146 139.74043
35.729866 139.71095
35.84768 139.66914
35.672005 139.6172
35.68895 139.65503
35.735962 139.6297
35.65355 139.70514
35.698597 139.77303
35.690346 139.69978
35.6723 139.478
35.53694 139.63487
35.658516 139.77643
35.53691 139.63445
35.584877 139.58199
35.669525 139.59929
35.669216 139.70673
35.70427 139.58098
35.625378 139.6617
35.62559 139.66365
35.64826 139.62465
35.658203 139.72314
35.69397 139.70496
35.669357 139.76483
35.537865 139.74184
35.620674 139.70502
35.703686 139.57922
35.57958 139.57301
35.585953 139.68135
35.6945 139.6984
35.63679 139.87827
35.64889 139.71071
35.624107 139.69241
35.730118 139.71722
35.544746 139.76855
35.710327 139.71245
35.60138 139.72688
35.68694 139.78159
35.68116 139.69807
35.62108 139.56847
35.697773 139.7574
35.858738 139.65729
35.693047 139.74799
35.67116 139.79146
35.727657 139.79895
35.659534 139.7237
35.73635 139.65671
35.65338 139.7047
35.576576 139.57384
35.702778 139.73885
35.714527 139.70354
35.731964 139.58763
35.705273 139.62036
35.701805 139.60016
35.73634 139.73386
35.698174 139.81276
35.73418 139.74002
35.703735 139.73523
35.658566 139.74548
35.74171 139.81499
35.696033 139.82576
35.742252 139.81056
35.75576 139.73357
35.756096 139.73332
35.589 139.74567
35.522015 139.62985
35.671078 139.79839
35.66221 139.73454
35.653614 139.67244
35.691387 139.69821
35.690804 139.70027
35.652508 139.5446
35.73386 139.75504
35.63178 139.64214
35.695896 139.69997
35.65275 139.56155
35.664032 139.54243
35.64615 139.82742
35.69906 139.75285
35.64406 139.82475
35.832184 139.73595
35.83084 139.73598
35.54506 139.76903
35.74919 139.58609
35.551952 139.74384
35.6839 139.56842
35.630024 139.74039
35.62537 139.70726
35.623466 139.70728
35.625874 139.70744
35.70854 139.79144
35.672268 139.76578
35.676647 139.76366
35.786697 139.70618
35.74065 139.74419
35.732925 139.81
35.740032 139.74649
35.672325 139.73654
35.73988 139.74678
35.744045 139.74547
35.726234 139.59207
35.737576 139.74904
35.690804 139.70027
35.695904 139.75063
35.694424 139.74307
35.77768 139.72125
35.748806 139.7196
35.681587 139.77055
35.7032 139.57991
35.644615 139.50247
35.54475 139.76823
35.731842 139.72806
35.65643 139.54462
35.689606 139.69167
35.78543 139.73367
35.617386 139.63243
35.653347 139.54272
35.733543 139.75456
35.63951 139.71165
35.70619 139.64697
35.64077 139.71269
35.706055 139.64822
35.628067 139.73778
35.65019 139.67018
35.7721 139.5199
35.729485 139.71086
35.75283 139.73819
35.749565 139.8046
35.592064 139.68127
35.64004 139.59874
35.646408 139.80711
35.646435 139.80933
35.64561 139.81055
35.690804 139.70027
35.679665 139.78091
35.54685 139.76912
35.705814 139.65005
35.6091 139.5163
35.682888 139.56732
35.705376 139.64986
35.6886 139.7107
35.766125 139.80922
35.75009 139.76497
35.584877 139.58199
35.584877 139.58199
35.531326 139.6969
35.6957 139.82263
35.532753 139.70074
35.762917 139.72768
35.607536 139.66884
35.667133 139.74039
35.55133 139.67513
35.658195 139.70203
35.55003 139.63368
35.658524 139.70132
35.64687 139.85046
35.77203 139.82043
35.712955 139.7037
35.630146 139.74043
35.6746 139.7777
35.770332 139.63794
35.543987 139.77138
35.72864 139.71155
35.65189 139.5444
35.531326 139.6969
35.737057 139.48825
35.679817 139.74545
35.68217 139.78773
35.75136 139.54591
35.729027 139.71109
35.730274 139.71138
35.70104 139.6828
35.531326 139.6969
35.663315 139.73212
35.548996 139.784
35.548985 139.78438
35.658524 139.70132
35.702602 139.5609
35.67697 139.78595
35.702705 139.56084
35.7027 139.56134
35.658184 139.7029
35.548985 139.78438
35.6589 139.70326
35.690754 139.74751
35.701637 139.68831
35.547768 139.78387
35.658524 139.70132
35.70168 139.69067
35.690292 139.69974
35.70704 139.78217
35.604267 139.6
35.55207 139.64734
35.71048 139.81331
35.729866 139.71095
35.55243 139.64749
35.625366 139.77208
35.55272 139.64731
35.681133 139.76782
35.65972 139.72348
35.677013 139.73705
35.63347 139.66165
35.63347 139.66165
35.664864 139.73099
35.66532 139.7314
35.68444 139.73715
35.665604 139.73131
35.709293 139.70331
35.531536 139.69675
35.712902 139.7039
35.55138 139.7884
35.62628 139.7707
35.791233 139.69139
35.628227 139.73871
35.546356 139.78499
35.672504 139.76501
35.5532 139.64682
35.666176 139.6414
35.688698 139.69861
35.845623 139.64697
35.681377 139.76608
35.8592 139.65717
35.645733 139.74757
35.750866 139.8669
35.658585 139.70096
35.605427 139.71365
35.628227 139.73871
35.791233 139.69139
35.64672 139.7457
35.544525 139.76761
35.664032 139.73387
35.57491 139.66324
35.71679 139.85826
35.690804 139.70027
35.79828 139.83868
35.713657 139.7771
35.68085 139.76643
35.711414 139.77718
35.689953 139.69714
35.664436 139.73517
35.68318 139.77556
35.664547 139.73592
35.607647 139.73474
35.728725 139.56425
35.57668 139.65964
35.57668 139.65947
35.807854 139.84503
35.57667 139.6595
35.6653 139.73672
35.69605 139.75124
35.665787 139.73096
35.768753 139.70227
35.70189 139.75133
35.740913 139.71677
35.749645 139.80515
35.65834 139.60295
35.58105 139.64142
35.725784 139.72987
35.62354 139.679
35.688038 139.69363
35.713127 139.70454
35.66669 139.75813
35.66651 139.73863
35.562386 139.71596
35.766624 139.84766
35.644314 139.6991
35.858738 139.65729
35.673203 139.76047
35.67703 139.73705
35.66669 139.75813
35.711414 139.77718
35.706 139.75697
35.778942 139.60391
35.67604 139.73862
35.734573 139.49141
35.57491 139.66324
35.749565 139.8046
35.712452 139.77592
35.67282 139.69432
35.690804 139.70027
35.673046 139.75992
35.65455 139.75674
35.71327 139.77652
35.65688 139.75433
35.683914 139.73897
35.84201 139.66464
35.75132 139.71013
35.84201 139.6647
35.592014 139.75282
35.653522 139.75255
35.635193 139.76752
35.814747 139.58684
35.737057 139.48825
35.72777 139.77097
35.688835 139.69446
35.54592 139.78476
35.690804 139.70027
35.658203 139.47966
35.561436 139.6754
35.667267 139.73871
35.603752 139.5076
35.728104 139.77127
35.56351 139.6789
35.60743 139.68562
35.700584 139.76404
35.61702 139.74338
35.57573 139.65965
35.61192 139.63881
35.703842 139.59937
35.652615 139.74953
35.70763 139.79819
35.788223 139.61293
35.732944 139.88167
35.642998 139.86034
35.778843 139.7815
35.61559 139.57701
35.628025 139.73804
35.630146 139.74043
35.66631 139.75862
35.67965 139.77997
35.615395 139.57709
35.619194 139.7283
35.698597 139.77303
35.697586 139.82608
35.655514 139.7568
35.643566 139.67065
35.56824 139.7403
35.670277 139.67062
35.614944 139.57693
35.628025 139.73804
35.777225 139.79045
35.690804 139.70027
35.531326 139.6969
35.729866 139.71095
35.777225 139.79045
35.726814 139.77698
35.654488 139.75708
35.614365 139.57883
35.678154 139.70569
35.61509 139.57925
35.68924 139.70001
35.690998 139.73558
35.615208 139.5791
35.690804 139.70027
35.586864 139.70593
35.668224 139.60114
35.690228 139.70001
35.724953 139.81949
35.53846 139.5919
35.700546 139.75658
35.690746 139.70064
35.702206 139.58035
35.61496 139.57906
35.673893 139.75096
35.695934 139.75812
35.681297 139.76703
35.68599 139.76343
35.814747 139.58684
35.710915 139.79788
35.815445 139.58719
35.70462 139.61998
35.708958 139.79657
35.60704 139.73502
35.531326 139.6969
35.64286 139.73404
35.646877 139.70995
35.748707 139.80481
35.57491 139.66324
35.64694 139.74736
35.57062 139.73492
35.71014 139.8134
35.688347 139.7629
35.66225 139.7749
35.710762 139.8129
35.562477 139.71605
35.787575 139.6089
35.675114 139.75961
35.677517 139.7654
35.732944 139.88167
35.658524 139.70132
35.608532 139.73561
35.749645 139.80515
35.711098 139.78261
35.729496 139.7913
35.737244 139.77402
35.68903 139.81567
35.77602 139.69505
35.64575 139.71071
35.6914 139.69388
35.614628 139.52824
35.701736 139.52483
35.698597 139.77303
35.6175 139.77936
35.610226 139.73582
35.621887 139.75092
35.668884 139.74857
35.63627 139.88344
35.681366 139.68884
35.62868 139.73938
35.74954 139.58653
35.618103 139.73418
35.56259 139.71562
35.630146 139.74043
35.66899 139.67972
35.630146 139.74043
35.6824 139.77386
35.623024 139.72372
35.791878 139.64587
35.55863 139.55151
35.617565 139.77722
35.684025 139.7013
35.625507 139.72597
35.568405 139.55351
35.737873 139.65453
35.639954 139.7889
35.814747 139.58684
35.689373 139.7363
35.689396 139.8262
35.668644 139.65048
35.658516 139.77643
35.54506 139.76903
35.670677 139.70253
35.737873 139.65453
35.729866 139.71095
35.672318 139.79456
35.62645 139.72343
35.674973 139.77708
35.737926 139.76103
35.697647 139.64767
35.729866 139.71095
35.695896 139.69997
35.66193 139.72923
35.681377 139.76608
35.68104 139.76688
35.688465 139.80623
35.560665 139.72302
35.71115 139.77356
35.750446 139.73888
35.617832 139.67639
35.69001 139.70589
35.66427 139.78465
35.629395 139.69801
35.58116 139.64159
35.67377 139.66391
35.575733 139.65965
35.690804 139.70027
35.666615 139.75818
35.57668 139.65947
35.807552 139.71397
35.690483 139.70813
35.681377 139.76608
35.748306 139.56767
35.701344 139.50644
35.592033 139.67964
35.84768 139.66914
35.587337 139.62943
35.682247 139.77419
35.719425 139.6638
35.733692 139.74028
35.732117 139.76671
35.587383 139.63077
35.663315 139.73212
35.665874 139.89305
35.68193 139.69275
35.660076 139.75223
35.672344 139.81946
35.709713 139.61246
35.81677 139.73627
35.690804 139.70027
35.672836 139.7659
35.672005 139.6172
35.619698 139.72855
35.577026 139.65952
35.72777 139.77097
35.653233 139.541
35.671314 139.7533
35.749393 139.71341
35.544956 139.76988
35.705856 139.63023
35.63616 139.76425
35.60138 139.72688
35.599953 139.6106
35.81029 139.5436
35.707546 139.66289
35.70843 139.61414
35.709427 139.72682
35.70419 139.59946
35.657368 139.70393
35.65637 139.71385
35.759487 139.67424
35.627777 139.65541
35.647453 139.71187
35.621834 139.74873
35.758392 139.70645
35.71401 139.70447
35.705547 139.77597
35.70594 139.64781
35.70767 139.7764
35.666782 139.76231
35.65685 139.70044
35.65685 139.70044
35.785347 139.64001
35.72755 139.53969
35.707577 139.66573
35.643295 139.66971
35.626034 139.77539
35.601368 139.71864
35.64737 139.61734
35.690483 139.70813
35.665787 139.73096
35.706318 139.61855
35.665787 139.73096
35.658566 139.74548
35.704643 139.6197
35.64795 139.71014
35.646004 139.69765
35.592773 139.57442
35.669983 139.64215
35.703762 139.5609
35.67114 139.61859
35.676277 139.66788
35.72992 139.72389
35.7299 139.72397
35.726677 139.59138
35.728905 139.7249
35.70089 139.80948
35.582344 139.60458
35.755222 139.52171
35.587963 139.6307
35.731842 139.72806
35.571297 139.63203
35.690483 139.70813
35.795086 139.74666
35.73219 139.72902
35.565826 139.63892
35.750706 139.50792
35.695633 139.69818
35.681713 139.82738
35.707134 139.7854
35.64795 139.71014
35.690483 139.70813
35.596756 139.5624
35.7721 139.5199
35.57717 139.57613
35.730133 139.72583
35.74171 139.81499
35.644115 139.75749
35.696472 139.61305
35.753494 139.87022
35.644157 139.75754
35.752754 139.86897
35.665447 139.8369
35.752003 139.86847
35.750866 139.8669
35.61264 139.7192
35.742252 139.81056
35.542583 139.57472
35.56227 139.71584
35.69906 139.75285
35.664185 139.73233
35.64615 139.82742
35.67967 139.77083
35.588432 139.72792
35.653595 139.54399
35.690804 139.70027
35.54896 139.78418
35.588024 139.72856
35.575027 139.75879
35.786697 139.70618
35.68239 139.58002
35.680607 139.76907
35.64406 139.82475
35.686024 139.57185
35.658524 139.70132
35.68093 139.76765
35.54506 139.76903
35.636806 139.74663
35.54506 139.76903
35.748806 139.7196
35.64694 139.74867
35.832184 139.73595
35.697914 139.78693
35.682873 139.70177
35.636276 139.73322
35.690804 139.70027
35.635834 139.73135
35.653614 139.67244
35.752434 139.73813
35.63227 139.73071
35.630386 139.7291
35.69494 139.78453
35.7721 139.5199
35.729485 139.71086
35.6623 139.58487
35.628067 139.73778
35.75283 139.73819
35.627758 139.73845
35.727623 139.57713
35.54506 139.76903
35.67755 139.55525
35.672325 139.73654
35.619698 139.72855
35.644253 139.69905
35.69747 139.76152
35.560684 139.72372
35.658195 139.70203
35.6091 139.5163
35.663902 139.77054
35.75933 139.80276
35.659668 139.79378
35.70216 139.67348
35.75626 139.69458
35.68128 139.76576
35.75009 139.76497
35.75136 139.54591
35.568405 139.55351
35.55207 139.64734
35.55003 139.63368
35.729027 139.71109
35.658707 139.70464
35.686337 139.72957
35.658524 139.70132
35.6115 139.62662
35.658184 139.7029
35.684437 139.72998
35.670677 139.70253
35.68599 139.76343
35.628178 139.73788
35.72864 139.71155
35.6326 139.62146
35.54896 139.78418
35.70583 139.6658
35.65243 139.54395
35.66081 139.72829
35.700253 139.48026
35.65189 139.5444
35.633896 139.5311
35.737274 139.69012
35.658577 139.71078
35.706238 139.6452
35.729027 139.71109
35.730274 139.71138
35.706055 139.64822
35.630146 139.74043
35.70575 139.7871
35.693047 139.74799
35.712955 139.7037
35.713657 139.7771
35.6886 139.7107
35.729866 139.71095
35.658794 139.69748
35.6886 139.7107
35.690804 139.70027
35.68135 139.76778
35.689396 139.8262
35.690292 139.69974
35.689682 139.70079
35.70704 139.78217
35.712902 139.7039
35.70231 139.74503
35.690804 139.70027
35.66361 139.87271
35.7565 139.8753
35.690693 139.71149
35.691277 139.71126
35.661587 139.69852
35.672504 139.76501
35.713642 139.70317
35.65972 139.72348
35.562515 139.71698
35.674805 139.76329
35.572098 139.70288
35.729866 139.71095
35.59714 139.7446
35.62762 139.73866
35.642265 139.60867
35.658524 139.70132
35.712902 139.7039
35.598248 139.71857
35.681377 139.76608
35.62375 139.74986
35.681377 139.76608
35.8457 139.64722
35.729866 139.71095
35.55454 139.7297
35.58989 139.69666
35.623123 139.74918
35.70204 139.58035
35.7124 139.78195
