35.80455 139.68361
35.789692 139.724
35.531326 139.6969
35.70583 139.6658
35.666145 139.64143
35.594364 139.5734
35.651207 139.54433
35.70108 139.5602
35.585346 139.67484
35.665844 139.85922
35.658745 139.69913
35.658524 139.70132
35.658524 139.70132
35.658524 139.70132
35.658524 139.70132
35.701736 139.52483
35.643246 139.67001
35.704773 139.63538
35.732117 139.76671
35.71406 139.77408
35.667614 139.63184
35.70462 139.61998
35.701347 139.5242
35.665676 139.85912
35.549904 139.7152
35.703842 139.59937
35.655018 139.56364
35.7032 139.57991
35.60843 139.74945
35.749645 139.80515
35.66342 139.72906
35.609573 139.74731
35.702705 139.56084
35.702194 139.54482
35.562386 139.71596
35.729866 139.71095
35.63178 139.64214
35.60704 139.73502
35.704662 139.55515
35.70366 139.63632
35.69957 139.77466
35.69928 139.63799
35.699066 139.63834
35.699528 139.76506
35.643826 139.66989
35.672783 139.72403
35.690804 139.70027
35.673985 139.66722
35.729866 139.71095
35.629116 139.71649
35.725594 139.77663
35.792553 139.6392
35.759438 139.62476
35.69167 139.77087
35.690804 139.70027
35.71176 139.68492
35.653122 139.75417
35.693474 139.76915
35.66827 139.53595
35.662514 139.73413
35.68488 139.77888
35.529476 139.63277
35.698597 139.77303
35.702496 139.73854
35.660076 139.75223
35.690804 139.70027
35.814167 139.80132
35.610443 139.69441
35.521748 139.7123
35.770237 139.64558
35.575733 139.65965
35.6942 139.70169
35.67222 139.7957
35.747574 139.84018
35.530586 139.6864
35.83605 139.79341
35.71522 139.80293
35.624332 139.51572
35.671314 139.7533
35.64694 139.74867
35.729866 139.71095
35.650036 139.63689
35.68749 139.52946
35.62426 139.73918
35.828426 139.80347
35.54319 139.74124
35.656567 139.72401
35.72244 139.85625
35.72246 139.85397
35.537052 139.63457
35.656418 139.73645
35.72944 139.70729
35.64318 139.62799
35.734108 139.71031
35.628105 139.77429
35.658817 139.73216
35.85 139.673
35.54256 139.57321
35.643856 139.52531
35.756096 139.73332
35.717964 139.81673
35.550594 139.78412
35.54506 139.76903
35.6961 139.70059
35.57845 139.5733
35.83106 139.737
35.83084 139.73598
35.75136 139.54591
35.690804 139.70027
35.690804 139.70027
35.690804 139.70027
35.74934 139.57462
35.549503 139.78413
35.70623 139.68584
35.544746 139.76855
35.575027 139.75879
35.69906 139.75285
35.658524 139.70132
35.64615 139.82742
35.681377 139.76608
35.68314 139.70178
35.689743 139.75789
35.62851 139.73833
35.636806 139.74663
35.64694 139.74867
35.62886 139.74304
35.702705 139.56084
35.67967 139.77083
35.72568 139.71951
35.689438 139.77554
35.681248 139.76749
35.59689 139.66731
35.69494 139.78453
35.748806 139.7196
35.616673 139.63905
35.57958 139.57301
35.660122 139.69609
35.73714 139.77652
35.549828 139.7833
35.644615 139.50247
35.733208 139.77757
35.681133 139.76782
35.70619 139.64697
35.68083 139.76808
35.7721 139.5199
35.8592 139.65717
35.653347 139.54272
35.686325 139.78227
35.705814 139.65005
35.705856 139.6499
35.705376 139.64986
35.6839 139.56842
35.628067 139.73778
35.55138 139.7884
35.727623 139.57713
35.69236 139.70094
35.521362 139.6304
35.693752 139.70172
35.69331 139.70369
35.706516 139.77618
35.6623 139.58487
35.54878 139.78398
35.55138 139.7884
35.691807 139.70944
35.619698 139.72855
35.753494 139.87022
35.75933 139.80276
35.646408 139.80711
35.646435 139.80933
35.817646 139.66959
35.64561 139.81055
35.54506 139.76903
35.6762 139.69937
35.702602 139.5609
35.702705 139.56084
35.7027 139.56134
35.658524 139.70132
35.702267 139.57906
35.603752 139.5076
35.75626 139.69458
35.531326 139.6969
35.702206 139.58035
35.603268 139.50789
35.822216 139.5752
35.55003 139.63368
35.658195 139.70203
35.620518 139.75082
35.658184 139.7029
35.645733 139.74757
35.72841 139.71104
35.729027 139.71109
35.6746 139.7777
35.750866 139.8669
35.752434 139.73813
35.550858 139.78192
35.698597 139.77303
35.633896 139.5311
35.658577 139.71078
35.55133 139.67513
35.690804 139.70027
35.6115 139.62662
35.70356 139.56116
35.729027 139.71109
35.705093 139.56142
35.55207 139.64734
35.704525 139.56154
35.730274 139.71138
35.55243 139.64749
35.712955 139.7037
35.607647 139.73474
35.623123 139.74918
35.61264 139.7192
35.66901 139.67961
35.66549 139.85883
35.713413 139.77606
35.70231 139.74503
35.690754 139.76483
35.77203 139.82043
35.63347 139.66165
35.75136 139.54591
35.604267 139.6
35.658745 139.69913
35.663315 139.73212
35.67882 139.66568
35.666794 139.7311
35.731518 139.71336
35.65972 139.72348
35.665787 139.73096
35.845623 139.64697
35.679665 139.78091
35.664864 139.73099
35.690266 139.76404
35.665604 139.73131
35.608795 139.71805
35.690804 139.70027
35.716663 139.73814
35.549484 139.79033
35.845623 139.64697
35.549503 139.78413
35.531326 139.6969
35.570774 139.55406
35.55068 139.78232
35.84768 139.66914
35.7032 139.57991
35.608795 139.71805
35.696907 139.8145
35.688698 139.69861
35.697464 139.81424
35.587337 139.62943
35.673744 139.66725
35.828426 139.80347
35.686832 139.6701
35.667503 139.47897
35.7587 139.6894
35.662144 139.7328
35.658195 139.70203
35.686558 139.67162
35.598248 139.71857
35.690804 139.70027
35.737926 139.76103
35.549503 139.78413
35.664032 139.73387
35.57491 139.66324
35.791233 139.69139
35.693577 139.70255
35.577415 139.66046
35.658195 139.70203
35.681377 139.76608
35.577393 139.66005
35.713413 139.77606
35.75849 139.62885
35.662876 139.73146
35.71679 139.85826
35.672565 139.48466
35.687077 139.79816
35.690804 139.70027
35.67133 139.4794
35.575733 139.65965
35.682617 139.76433
35.651367 139.63664
35.57668 139.65947
35.68085 139.76643
35.70462 139.61998
35.65843 139.69893
35.58105 139.64142
35.645733 139.74757
35.729866 139.71095
35.549503 139.78413
35.673203 139.76047
35.551266 139.65181
35.607372 139.70386
35.603752 139.5076
35.65449 139.8424
35.68083 139.76808
35.55304 139.64674
35.57572 139.65965
35.664547 139.73592
35.68171 139.76772
35.69331 139.70369
35.66669 139.75813
35.740913 139.71677
35.68972 139.69925
35.689335 139.68974
35.6653 139.73672
35.568665 139.5534
35.70462 139.61998
35.64672 139.7457
35.669437 139.76723
35.725784 139.72987
35.560684 139.72372
35.64406 139.82475
35.690346 139.69978
35.712452 139.77592
35.568665 139.5534
35.553085 139.64842
35.57491 139.66324
35.561035 139.67104
35.65455 139.75674
35.690804 139.70027
35.734573 139.49141
35.66651 139.73863
35.64615 139.82742
35.699226 139.57852
35.66163 139.66655
35.65688 139.75433
35.57668 139.65964
35.57668 139.65947
35.690804 139.70027
35.57667 139.6595
35.65469 139.75438
35.733456 139.73949
35.57573 139.65965
35.72615 139.51323
35.66702 139.77869
35.75136 139.54591
35.63627 139.88344
35.57573 139.65965
35.653522 139.75255
35.733456 139.73949
35.858738 139.65729
35.749645 139.80515
35.665787 139.73096
35.689857 139.83566
35.533382 139.68527
35.74876 139.56908
35.667267 139.73871
35.652615 139.74953
35.69777 139.64807
35.729866 139.71095
35.700584 139.76404
35.561035 139.67104
35.66669 139.75813
35.73608 139.74721
35.678345 139.7401
35.68895 139.65503
35.778843 139.7815
35.695965 139.75807
35.666378 139.75874
35.630146 139.74043
35.67133 139.76515
35.690804 139.70027
35.677517 139.7654
35.55863 139.55151
35.615395 139.57709
35.69807 139.77548
35.61192 139.63881
35.84768 139.66914
35.777225 139.79045
35.688976 139.65512
35.66631 139.75862
35.599834 139.61089
35.69648 139.81502
35.668827 139.83066
35.531326 139.6969
35.53846 139.5919
35.557514 139.7236
35.7116 139.77927
35.658203 139.47966
35.690804 139.70027
35.658516 139.70134
35.519867 139.73761
35.712902 139.7039
35.673744 139.66725
35.788223 139.61293
35.614944 139.57693
35.690804 139.70027
35.633644 139.53526
35.53165 139.69716
35.710915 139.79788
35.68924 139.70001
35.561436 139.6754
35.690804 139.70027
35.690228 139.70001
35.61509 139.57925
35.677517 139.7654
35.690346 139.69978
35.71048 139.81331
35.60704 139.73502
35.660595 139.70715
35.615208 139.5791
35.690746 139.70064
35.777225 139.79045
35.642998 139.86034
35.732616 139.76799
35.695934 139.75812
35.732117 139.76671
35.531555 139.69714
35.65907 139.70058
35.68848 139.78815
35.66361 139.87271
35.62645 139.72343
35.66963 139.68886
35.701736 139.52483
35.56351 139.6789
35.814747 139.58684
35.615295 139.57944
35.53694 139.63487
35.71014 139.8134
35.630146 139.74043
35.690804 139.70027
35.815445 139.58719
35.727074 139.77145
35.710762 139.8129
35.64694 139.74736
35.71035 139.80904
35.703747 139.70842
35.737873 139.65453
35.67418 139.7501
35.608532 139.73561
35.748707 139.80481
35.71373 139.77722
35.677013 139.73705
35.749645 139.80515
35.6914 139.69388
35.815655 139.70436
35.667118 139.76352
35.694153 139.6876
35.599022 139.6112
35.670277 139.67062
35.677517 139.7654
35.688225 139.70131
35.610226 139.73582
35.673317 139.66045
35.68607 139.53133
35.59648 139.60306
35.710037 139.8107
35.565014 139.68097
35.607494 139.66882
35.732944 139.88167
35.678154 139.70569
35.668644 139.65048
35.658524 139.70132
35.697002 139.6827
35.697926 139.6829
35.623024 139.72372
35.743553 139.60703
35.775223 139.786
35.738834 139.66277
35.7009 139.80865
35.620785 139.56992
35.62645 139.72343
35.663643 139.66046
35.725525 139.76321
35.531326 139.6969
35.723877 139.62473
35.562386 139.71596
35.713696 139.77751
35.67788 139.73555
35.68321 139.76889
35.690804 139.70027
35.662525 139.66055
35.71167 139.77565
35.676395 139.76389
35.814747 139.58684
35.599953 139.6106
35.711643 139.77948
35.689667 139.75145
35.84768 139.66914
35.696915 139.77547
35.65491 139.7962
35.698597 139.77303
35.748306 139.56767
35.815445 139.58719
35.562477 139.71605
35.66899 139.67972
35.663292 139.75728
35.584877 139.58199
35.742252 139.81056
35.733543 139.75456
35.71351 139.77612
35.72765 139.76715
35.59367 139.59901
35.737926 139.76103
35.727966 139.76959
35.732117 139.76671
35.62009 139.74225
35.727703 139.77098
35.71544 139.7794
35.737675 139.76135
35.743797 139.67859
35.728104 139.77127
35.690804 139.70027
35.746895 139.65614
35.710915 139.79788
35.658524 139.70132
35.763435 139.67648
35.52311 139.69148
35.822216 139.5752
35.643566 139.67065
35.681282 139.76607
35.601368 139.71864
35.630146 139.74043
35.60709 139.66866
35.617863 139.7434
35.587322 139.59134
35.67988 139.76837
35.705845 139.61893
35.70843 139.61414
35.7032 139.57991
35.568455 139.55338
35.72771 139.70808
35.742332 139.79707
35.673546 139.76663
35.743996 139.81157
35.69535 139.79387
35.642723 139.66197
35.712597 139.79207
35.703457 139.48055
35.58479 139.59422
35.663315 139.73212
35.759487 139.67424
35.745888 139.8563
35.60138 139.72688
35.617188 139.77982
35.750866 139.8669
35.54107 139.64928
35.709736 139.74364
35.70623 139.68584
35.70205 139.69406
35.71864 139.79254
35.770237 139.64558
35.77041 139.64539
35.752556 139.8781
35.643417 139.66388
35.622307 139.69789
35.71176 139.68492
35.658295 139.69534
35.732613 139.70837
35.705597 139.80054
35.705204 139.61981
35.755108 139.87706
35.711086 139.77513
35.728657 139.79985
35.705685 139.61894
35.70065 139.61769
35.76138 139.7404
35.70075 139.77191
35.751392 139.74878
35.69176 139.77794
35.655155 139.70467
35.695934 139.81139
35.750744 139.74834
35.696472 139.61305
35.66283 139.69461
35.706318 139.61855
35.637608 139.70433
35.72852 139.77467
35.669483 139.71388
35.659786 139.75224
35.65829 139.69533
35.723034 139.5772
35.826664 139.79268
35.705376 139.65108
35.70453 139.77798
35.627144 139.77441
35.6929 139.68025
35.809418 139.57924
35.659336 139.71861
35.660385 139.69894
35.692184 139.69711
35.690346 139.69978
35.690804 139.70027
35.672565 139.48466
35.695896 139.69997
35.690804 139.70027
35.559975 139.71906
35.650486 139.5968
35.690804 139.70027
35.712902 139.7039
35.690804 139.70027
35.729866 139.71095
35.70462 139.61998
35.658195 139.70203
35.786697 139.70618
35.59687 139.66733
35.690346 139.69978
35.658195 139.70203
35.686913 139.76361
35.729866 139.71095
35.628025 139.73804
35.610443 139.69441
35.54506 139.76903
35.65907 139.70058
35.726234 139.59207
35.59689 139.66731
35.726677 139.59138
35.77806 139.72084
35.549828 139.7833
35.706238 139.6452
35.70619 139.64697
35.681297 139.76703
35.706055 139.64822
35.748806 139.7196
35.549618 139.62015
35.690804 139.70027
35.815655 139.70436
35.701294 139.70004
35.678135 139.73486
35.72056 139.70634
35.68217 139.78773
35.752434 139.73813
35.54506 139.76903
35.6886 139.7107
35.729866 139.71095
35.68104 139.76688
35.5532 139.64682
35.6762 139.69937
35.653347 139.54272
35.66836 139.6504
35.6839 139.56842
35.7721 139.5199
35.741276 139.76501
35.6623 139.58487
35.681377 139.76608
35.690693 139.71149
35.54878 139.78398
35.691277 139.71126
35.690804 139.70027
35.637608 139.70433
35.628067 139.73778
35.654728 139.66576
35.701904 139.67575
35.705284 139.66562
35.65866 139.68448
35.681377 139.76608
35.8592 139.65717
35.69581 139.75206
35.619698 139.72855
35.607536 139.66884
35.702206 139.58035
35.749565 139.8046
35.76827 139.87473
35.70204 139.58035
35.75009 139.76497
35.531326 139.6969
35.84756 139.66937
35.55003 139.63368
35.762917 139.72768
35.658195 139.70203
35.60743 139.68562
35.54896 139.78418
35.658524 139.70132
35.658184 139.7029
35.658443 139.68604
35.620518 139.75082
35.690804 139.70027
35.628025 139.73804
35.665127 139.85847
35.54506 139.76903
35.662876 139.73146
35.658524 139.70132
35.70583 139.6658
35.633896 139.5311
35.690804 139.70027
35.55138 139.7884
35.658577 139.71078
35.55138 139.7884
35.681377 139.76608
35.675514 139.7655
35.77203 139.82043
35.660934 139.72932
35.681133 139.76782
35.730274 139.71138
35.578342 139.57326
35.69808 139.76599
35.712955 139.7037
35.642265 139.60867
35.687042 139.69887
35.671974 139.80595
35.67925 139.74149
35.630146 139.74043
35.705814 139.65005
35.705856 139.6499
35.584877 139.58199
35.705376 139.64986
35.691715 139.69864
35.692204 139.76451
35.58042 139.75526
35.659668 139.79378
35.70231 139.74503
35.690804 139.70027
35.712902 139.7039
35.690292 139.69974
35.733692 139.74028
35.61264 139.7192
35.65972 139.72348
35.689682 139.70079
35.67882 139.66568
35.6886 139.7107
35.71373 139.77722
35.599888 139.61015
35.696846 139.78008
35.599884 139.61063
35.560776 139.67097
35.713642 139.70317
35.71351 139.77612
35.68085 139.76643
35.561035 139.67104
35.57667 139.6595
35.77806 139.72084
35.674805 139.76329
35.59714 139.7446
35.690266 139.76404
35.828426 139.80347
35.791233 139.69139
35.75626 139.69458
35.681377 139.76608
35.658195 139.70203
35.66051 139.72922
35.603752 139.5076
35.690804 139.70027
35.845436 139.64711
35.66669 139.75813
35.673744 139.66725
35.689987 139.70113
35.75849 139.62885
35.599953 139.6106
35.531326 139.6969
35.5532 139.64682
35.575733 139.65965
35.702602 139.5609
35.702705 139.56084
35.690804 139.70027
35.690804 139.70027
35.725525 139.76321
35.688698 139.69861
35.662144 139.7328
35.697464 139.81424
35.6746 139.7777
35.749527 139.58647
35.84768 139.66914
35.66439 139.73369
35.801918 139.71759
35.763435 139.67648
35.688187 139.59937
35.68972 139.69925
35.786404 139.67421
35.663277 139.7541
35.67133 139.4794
35.728664 139.56422
35.672867 139.76317
35.63627 139.88344
35.768753 139.70227
35.532753 139.70074
35.665585 139.73904
35.690804 139.70027
35.690346 139.69978
35.57491 139.66324
35.605427 139.71365
35.71679 139.85826
35.57131 139.68562
35.607105 139.73479
35.660877 139.7513
35.662876 139.73146
35.713657 139.7771
35.711414 139.77718
35.66319 139.73972
35.701645 139.74336
35.727623 139.57713
35.56351 139.6789
35.695965 139.75807
35.762917 139.72768
35.568665 139.5534
35.665115 139.71246
35.645733 139.74757
35.6139 139.75009
35.726574 139.51321
35.54506 139.76903
35.65688 139.75433
35.568665 139.5534
35.664547 139.73592
35.531326 139.6969
35.531326 139.6969
35.658195 139.70203
35.74113 139.71666
35.62816 139.77527
35.6653 139.73672
35.67282 139.69432
35.67697 139.78595
35.572098 139.70288
35.807854 139.84503
35.67018 139.8255
35.6139 139.75009
35.673203 139.76047
35.704773 139.63538
35.60743 139.68562
35.791233 139.69139
35.560684 139.72372
35.65469 139.75438
35.725784 139.72987
35.698597 139.77303
35.778942 139.60391
35.627865 139.73868
35.667656 139.77234
35.702057 139.78554
35.53638 139.7035
35.538044 139.70645
35.53655 139.70413
35.61702 139.74338
35.66651 139.73863
35.64672 139.7457
35.654686 139.75731
35.653522 139.75255
35.619194 139.7283
35.653652 139.75735
35.814167 139.80132
35.575733 139.65965
35.646553 139.71022
35.562477 139.71605
35.531265 139.6949
35.690804 139.70027
35.845886 139.64697
35.66984 139.65042
35.57573 139.65965
35.74661 139.7469
35.689835 139.70274
35.619698 139.72855
35.69777 139.64807
35.620815 139.56972
35.645733 139.74757
35.808033 139.67804
35.67996 139.78009
35.700253 139.48026
35.808033 139.67804
35.71889 139.79033
35.593735 139.69917
35.660076 139.75223
35.649906 139.55133
35.815655 139.70436
35.63745 139.75618
35.65019 139.55106
35.649906 139.55133
35.677055 139.67616
35.60237 139.70645
35.716553 139.79677
35.69958 139.76523
35.6421 139.74188
35.607365 139.66824
35.76328 139.67638
35.67498 139.76321
35.785347 139.64001
35.75739 139.85452
35.760906 139.67468
35.658524 139.70132
35.75596 139.55061
35.737057 139.48825
35.567715 139.69258
35.60854 139.6685
35.784584 139.81079
35.67242 139.73811
35.67566 139.66867
35.733456 139.73949
35.730343 139.70909
35.728687 139.53944
35.73083 139.71579
35.759487 139.67424
35.607174 139.73486
35.72665 139.69472
35.713448 139.77628
35.696472 139.61305
35.689194 139.7025
35.671764 139.7346
35.73153 139.74072
35.69523 139.69856
35.66342 139.72906
35.660152 139.7288
35.69534 139.80531
35.73253 139.70741
35.707134 139.7854
35.664104 139.76044
35.60993 139.82565
35.658524 139.70132
35.65829 139.69533
35.565243 139.64426
35.565243 139.64426
35.691093 139.70677
35.698994 139.77293
35.658443 139.68604
35.76305 139.73235
35.791092 139.83495
35.65829 139.69533
35.665756 139.89449
35.65829 139.69533
35.650486 139.5968
35.75576 139.73357
35.756096 139.73332
35.646877 139.70995
35.626797 139.77437
35.635193 139.76752
35.664707 139.85854
35.73313 139.71695
35.69906 139.75285
35.821255 139.7391
35.68137 139.78651
35.81992 139.73724
35.552574 139.73927
35.68671 139.79436
35.55487 139.78719
35.81677 139.73627
35.7299 139.72397
35.68006 139.72021
35.6839 139.56842
35.728905 139.7249
35.72568 139.71951
35.64615 139.82742
35.786697 139.70618
35.62645 139.72343
35.681377 139.76608
35.59689 139.66731
35.698597 139.77303
35.549828 139.7833
35.748806 139.7196
35.84768 139.66914
35.63854 139.7906
35.703003 139.6367
35.706055 139.64822
35.667892 139.77405
35.639954 139.7889
35.705814 139.65005
35.653503 139.54443
35.705376 139.64986
35.690804 139.70027
35.70488 139.73607
35.690903 139.70004
35.7721 139.5199
35.752434 139.73813
35.6623 139.58487
35.628067 139.73778
35.644615 139.50247
35.727623 139.57713
35.57491 139.66324
35.655518 139.75673
35.65491 139.7962
35.628178 139.73788
35.65913 139.57384
35.70462 139.63582
35.834507 139.60379
35.7587 139.6894
35.681744 139.76358
35.690804 139.70027
35.744373 139.51273
35.70583 139.6658
35.54878 139.78398
35.6091 139.5163
35.69146 139.69832
35.64687 139.85046
35.69088 139.6982
35.55003 139.63368
35.702602 139.5609
35.702705 139.56084
35.7027 139.56134
35.70148 139.70467
35.531326 139.6969
35.6904 139.70914
35.670116 139.81664
35.681133 139.76782
35.550594 139.78412
35.681133 139.76782
35.63221 139.64215
35.632236 139.64183
35.619698 139.72855
35.631115 139.64214
35.67435 139.76704
35.522015 139.62985
35.713642 139.70317
35.56227 139.71584
35.570774 139.55406
35.563374 139.71503
35.628178 139.73788
35.749565 139.8046
35.6746 139.7777
35.6115 139.62662
35.737057 139.48825
35.7032 139.57991
35.55237 139.78836
35.55138 139.7884
35.681377 139.76608
35.606335 139.6794
35.54892 139.78452
35.607536 139.66884
35.77203 139.82043
35.587337 139.62943
35.599888 139.61015
35.705093 139.56142
35.704525 139.56154
35.712955 139.7037
35.679657 139.7809
35.67697 139.78595
35.645924 139.82692
35.67882 139.66568
35.52625 139.69508
35.713448 139.77628
35.70231 139.74503
35.55138 139.7884
35.713696 139.77686
35.551292 139.78741
35.659668 139.79378
35.628716 139.787
35.56227 139.71584
35.562477 139.71605
35.630146 139.74043
35.690804 139.70027
35.681377 139.76608
35.69808 139.76599
35.68444 139.73715
35.847237 139.6666
35.66669 139.75813
35.677013 139.73705
35.690804 139.70027
35.55136 139.7812
35.713657 139.7771
35.55487 139.78719
35.623886 139.75128
35.553753 139.57817
35.646076 139.82709
35.646076 139.82709
35.845886 139.64697
35.644253 139.69905
35.673744 139.66725
35.55342 139.57712
35.698597 139.77303
35.554386 139.57903
35.59701 139.74503
35.74568 139.7297
35.66669 139.75813
35.5532 139.64682
35.690006 139.71236
35.553204 139.78764
35.726574 139.51321
35.55284 139.78706
35.72615 139.51323
35.55454 139.7297
35.6762 139.69937
35.692204 139.76451
35.65455 139.75674
35.60743 139.68562
35.688698 139.69861
35.737926 139.76103
35.56227 139.71584
35.715725 139.85947
35.75626 139.69458
35.6914 139.76352
35.531326 139.6969
35.68972 139.69925
35.690804 139.70027
35.65469 139.75438
35.6824 139.77386
35.608795 139.71805
35.690346 139.69978
35.55863 139.55151
35.791233 139.69139
35.699802 139.7718
35.788223 139.61293
35.690804 139.70027
35.536766 139.70288
35.532753 139.70074
35.653522 139.75255
35.71679 139.85826
35.690804 139.70027
35.55884 139.5514
35.679836 139.78006
35.531868 139.7002
35.679188 139.78159
35.554756 139.78738
35.68895 139.65503
35.652393 139.74976
35.728664 139.56422
35.531326 139.6969
35.691017 139.70392
35.688976 139.65512
35.658516 139.77643
35.645733 139.74757
35.531536 139.69675
35.605427 139.71365
35.55487 139.78719
35.727623 139.57713
35.64672 139.7457
35.68321 139.76889
35.672867 139.76317
35.725784 139.72987
35.63965 139.80241
35.7308 139.71056
35.732616 139.76799
35.690804 139.70027
35.681377 139.76608
35.575733 139.65965
35.858738 139.65729
35.57572 139.65965
35.77768 139.72125
35.57573 139.65965
35.729866 139.71095
35.713448 139.77628
35.66569 139.76988
35.681297 139.76703
35.673203 139.76047
35.681377 139.76608
35.607536 139.66884
35.568665 139.5534
35.58938 139.7282
35.57573 139.65965
35.55138 139.7884
35.673046 139.75992
35.713657 139.7771
35.698597 139.77303
35.698597 139.77303
35.62645 139.72343
35.57573 139.65965
35.70858 139.80463
35.531555 139.69714
35.711414 139.77718
35.568665 139.5534
35.57491 139.66324
35.62763 139.78635
35.531326 139.6969
35.779137 139.6043
35.667656 139.77234
35.618843 139.78085
35.630146 139.74043
35.807854 139.84503
35.729633 139.70943
35.619194 139.7283
35.632515 139.6997
35.727074 139.77145
35.655518 139.75673
35.589745 139.66878
35.632492 139.6995
35.680447 139.76913
35.589417 139.66872
35.586586 139.66945
35.549324 139.78238
35.569687 139.75883
35.73625 139.74709
35.575424 139.68068
35.68376 139.76859
35.675053 139.76332
35.56193 139.71489
35.690804 139.70027
35.696915 139.77547
35.603752 139.5076
35.76873 139.66187
35.658707 139.47913
35.711414 139.64377
35.53694 139.63487
35.531326 139.6969
35.560684 139.72372
35.553658 139.57805
35.670277 139.67062
35.55456 139.57632
35.607174 139.73486
35.70099 139.80844
35.695965 139.75807
35.749332 139.8051
35.690804 139.70027
35.737408 139.65475
35.6905 139.7
35.690346 139.69978
35.599022 139.6112
35.572903 139.66266
35.62527 139.72368
35.690746 139.70064
35.705376 139.64986
35.56227 139.71584
35.609035 139.73555
35.76847 139.88548
35.533382 139.68527
35.677517 139.7654
35.815655 139.70436
35.737408 139.65475
35.748707 139.80481
35.603752 139.5076
35.712948 139.70403
35.64694 139.74736
35.81463 139.58707
35.668224 139.60114
35.67487 139.67111
35.670677 139.70253
35.531536 139.69675
35.817646 139.66959
35.743797 139.67859
35.57131 139.68562
35.531326 139.6969
35.54506 139.76903
35.660313 139.72957
35.697464 139.81424
35.815445 139.58719
35.53165 139.69716
35.815655 139.70436
35.531326 139.6969
35.610226 139.73582
35.700253 139.48026
35.737926 139.76103
35.67965 139.77997
35.700653 139.80495
35.586864 139.70593
35.617188 139.56456
35.694153 139.6876
35.66631 139.75862
35.62537 139.70726
35.658195 139.70203
35.57491 139.66324
35.625874 139.70744
35.713696 139.77751
35.531326 139.6969
35.678783 139.77985
35.65189 139.5444
35.532307 139.69707
35.636566 139.69511
35.677517 139.7654
35.732944 139.88167
35.575733 139.65965
35.665874 139.89305
35.71003 139.508
35.768753 139.70227
35.537064 139.6345
35.62049 139.7044
35.81463 139.58707
35.738834 139.66277
35.71396 139.77673
35.630146 139.74043
35.79221 139.71773
35.671726 139.83698
35.708958 139.79657
35.65491 139.7962
35.669273 139.83762
35.743576 139.77809
35.713448 139.77628
35.663013 139.75743
35.65449 139.8424
35.57491 139.66324
35.66899 139.67972
35.815445 139.58719
35.709694 139.73132
35.71048 139.81331
35.645733 139.74757
35.701736 139.52483
35.60743 139.68562
35.749645 139.80515
35.748306 139.56767
35.62816 139.77527
35.55304 139.64674
35.68903 139.81567
35.701736 139.52483
35.531326 139.6969
35.690804 139.70027
35.714252 139.777
35.659485 139.70021
35.699234 139.7744
35.66669 139.75813
