35.7051 139.61958
35.694393 139.70209
35.71558 139.80032
35.6467 139.71152
35.714542 139.48007
35.725594 139.77663
35.656082 139.73404
35.705074 139.6195
35.706276 139.61778
35.66643 139.89548
35.694267 139.78256
35.700253 139.48026
35.75576 139.73357
35.693123 139.69945
35.54896 139.7846
35.575027 139.75879
35.75075 139.58206
35.70919 139.77382
35.60993 139.82565
35.74954 139.58653
35.613888 139.72481
35.77686 139.50255
35.681377 139.76608
35.729866 139.71095
35.729027 139.71109
35.5532 139.64682
35.712902 139.7039
35.729866 139.71095
35.645924 139.82692
35.64731 139.6692
35.73023 139.71117
35.71362 139.77652
35.669933 139.82523
35.698597 139.77303
35.6839 139.56842
35.685406 139.82666
35.672565 139.48466
35.681377 139.76608
35.748287 139.6448
35.544746 139.76855
35.737926 139.76103
35.578777 139.73407
35.74661 139.7469
35.560684 139.72372
35.628407 139.73854
35.6091 139.5163
35.748806 139.7196
35.74576 139.74438
35.682205 139.79877
35.544727 139.76901
35.68956 139.77066
35.64406 139.82475
35.55138 139.7884
35.781403 139.50766
35.587337 139.62943
35.682873 139.70177
35.677223 139.68246
35.676857 139.6824
35.629955 139.74026
35.55138 139.7884
35.7721 139.5199
35.628067 139.73778
35.655518 139.75673
35.6762 139.69937
35.651894 139.89185
35.729866 139.71095
35.644615 139.50247
35.616673 139.63905
35.766125 139.80922
35.695896 139.69997
35.690804 139.70027
35.64004 139.59874
35.75111 139.74745
35.690754 139.74751
35.690804 139.70027
35.762917 139.72768
35.6091 139.5163
35.682888 139.56732
35.577415 139.66046
35.626118 139.72365
35.77768 139.72125
35.67018 139.8255
35.531326 139.6969
35.55243 139.64749
35.55272 139.64731
35.681133 139.76782
35.55003 139.63368
35.607536 139.66884
35.753494 139.87022
35.78543 139.73367
35.620575 139.56993
35.62812 139.73798
35.68175 139.77129
35.66685 139.75893
35.657898 139.7048
35.63178 139.64214
35.750866 139.8669
35.6115 139.62662
35.736515 139.74683
35.633896 139.5311
35.737057 139.48825
35.627213 139.71432
35.712955 139.7037
35.729027 139.71109
35.667614 139.63184
35.681377 139.76608
35.730274 139.71138
35.755028 139.87698
35.6249 139.70345
35.658524 139.70132
35.66467 139.76018
35.701637 139.68831
35.712955 139.7037
35.658184 139.7029
35.55138 139.7884
35.64763 139.81905
35.70206 139.69518
35.6886 139.7107
35.599953 139.6106
35.68444 139.73715
35.690804 139.70027
35.756912 139.87563
35.7565 139.8753
35.75626 139.69458
35.646408 139.80711
35.658524 139.70132
35.690693 139.71149
35.68083 139.76808
35.65189 139.5444
35.61527 139.72003
35.55863 139.55151
35.578693 139.57365
35.57875 139.57365
35.658577 139.71078
35.620518 139.75082
35.63548 139.87952
35.709293 139.70331
35.564785 139.65434
35.729866 139.71095
35.691277 139.71126
35.572098 139.70288
35.66959 139.8176
35.664585 139.85938
35.658524 139.70132
35.681377 139.76608
35.62812 139.73798
35.5532 139.64682
35.706238 139.6452
35.750866 139.8669
35.699757 139.57341
35.715725 139.85947
35.70619 139.64697
35.706055 139.64822
35.659485 139.70021
35.84768 139.66914
35.828426 139.80347
35.688698 139.69861
35.72695 139.74583
35.859158 139.65694
35.562386 139.71596
35.817646 139.66959
35.675674 139.76346
35.703884 139.79582
35.69236 139.70094
35.6746 139.7777
35.689682 139.70079
35.605427 139.71365
35.745888 139.8563
35.57491 139.66324
35.607132 139.73477
35.54896 139.7846
35.656025 139.792
35.62137 139.74931
35.65972 139.72348
35.603752 139.5076
35.70462 139.61998
35.623123 139.74918
35.71679 139.85826
35.713146 139.8485
35.667503 139.47897
35.53694 139.63487
35.690804 139.70027
35.84756 139.66937
35.690804 139.70027
35.64683 139.54893
35.66051 139.72922
35.673203 139.76047
35.69605 139.75124
35.68468 139.76605
35.645733 139.74757
35.736275 139.63843
35.743996 139.81157
35.674606 139.81453
35.791878 139.64587
35.652508 139.5446
35.691017 139.70392
35.690804 139.70027
35.673046 139.75992
35.736794 139.63777
35.70462 139.61998
35.677013 139.73705
35.740913 139.71677
35.67604 139.73862
35.68903 139.81567
35.725784 139.72987
35.662144 139.7328
35.64672 139.7457
35.538044 139.70645
35.663315 139.73212
35.53655 139.70413
35.664864 139.73099
35.645924 139.82692
35.627213 139.71432
35.711414 139.77718
35.66532 139.7314
35.63441 139.79161
35.65455 139.75674
35.65455 139.75674
35.560776 139.67097
35.78917 139.66158
35.66439 139.73369
35.665604 139.73131
35.574543 139.65833
35.6762 139.69937
35.65707 139.53021
35.72777 139.77097
35.705814 139.65005
35.598385 139.66696
35.705856 139.6499
35.64694 139.74736
35.66361 139.87271
35.705376 139.64986
35.65469 139.75438
35.655617 139.75674
35.57491 139.66324
35.686558 139.67162
35.712452 139.77592
35.71679 139.85826
35.698597 139.77303
35.664436 139.73517
35.561035 139.67104
35.68212 139.80034
35.568665 139.5534
35.70231 139.74503
35.70061 139.75682
35.66669 139.75813
35.71362 139.77652
35.57668 139.65964
35.6653 139.73672
35.60979 139.7497
35.668438 139.60094
35.845623 139.64697
35.747574 139.84018
35.564323 139.65405
35.531555 139.69714
35.71048 139.81331
35.694847 139.70468
35.57573 139.65965
35.700584 139.76404
35.807854 139.84503
35.743553 139.60703
35.858738 139.65729
35.57491 139.66324
35.652615 139.74953
35.66651 139.73863
35.62812 139.73798
35.572895 139.66722
35.778843 139.7815
35.69807 139.77548
35.68599 139.76343
35.69777 139.64807
35.619194 139.7283
35.61559 139.57701
35.629013 139.68571
35.677517 139.7654
35.615395 139.57709
35.62645 139.72343
35.681736 139.76485
35.59974 139.61023
35.599022 139.6112
35.690346 139.69978
35.71115 139.77356
35.561035 139.67104
35.6914 139.69388
35.699894 139.76936
35.70154 139.76944
35.626118 139.72365
35.61702 139.74338
35.814167 139.80132
35.690804 139.70027
35.69834 139.76886
35.713127 139.70454
35.66044 139.72923
35.84768 139.66914
35.614944 139.57693
35.576298 139.65565
35.678078 139.76706
35.61509 139.57925
35.615208 139.5791
35.531536 139.69675
35.66303 139.7011
35.531326 139.6969
35.716766 139.51859
35.531326 139.6969
35.685467 139.6978
35.61599 139.71503
35.777225 139.79045
35.688957 139.70001
35.690556 139.70593
35.533382 139.68527
35.690228 139.70001
35.689396 139.8262
35.667267 139.73871
35.690804 139.70027
35.61496 139.57906
35.65943 139.61276
35.72568 139.71951
35.690346 139.69978
35.749645 139.80515
35.668224 139.60114
35.70736 139.77461
35.615295 139.57944
35.690746 139.70064
35.561436 139.6754
35.665962 139.75684
35.749332 139.8051
35.75254 139.54578
35.745888 139.8563
35.672714 139.72404
35.678154 139.70569
35.677013 139.73705
35.697464 139.81424
35.697002 139.6827
35.64694 139.74736
35.815445 139.58719
35.66863 139.7049
35.608376 139.67065
35.670277 139.67062
35.67867 139.78706
35.757706 139.59071
35.702602 139.5609
35.618385 139.7407
35.71068 139.81444
35.56351 139.6789
35.67788 139.73555
35.749645 139.80515
35.7027 139.56134
35.672318 139.79456
35.817646 139.66959
35.610226 139.73582
35.6824 139.77386
35.791233 139.69139
35.791878 139.64587
35.531326 139.6969
35.6957 139.82263
35.658745 139.69913
35.67194 139.79575
35.630146 139.74043
35.72568 139.71951
35.565014 139.68097
35.607132 139.73477
35.65943 139.70056
35.658195 139.70203
35.845623 139.64697
35.69167 139.77087
35.697678 139.75403
35.676266 139.78766
35.690804 139.70027
35.630146 139.74043
35.729496 139.7913
35.701736 139.52483
35.677517 139.7654
35.705093 139.56142
35.54506 139.76903
35.68321 139.76889
35.704525 139.56154
35.689987 139.70113
35.713696 139.77751
35.742252 139.81056
35.562386 139.71596
35.692448 139.77168
35.684803 139.76949
35.814747 139.58684
35.656372 139.69942
35.690804 139.70027
35.621887 139.75092
35.82802 139.69052
35.531326 139.6969
35.84768 139.66914
35.815655 139.70436
35.69958 139.76523
35.674973 139.77708
35.681004 139.76384
35.57573 139.65965
35.738834 139.66277
35.65189 139.5444
35.682533 139.7737
35.815445 139.58719
35.645733 139.74757
35.652508 139.5446
35.662876 139.73146
35.763435 139.67648
35.655518 139.75673
35.705547 139.77597
35.777332 139.7209
35.705006 139.61823
35.758396 139.69469
35.766624 139.84766
35.70767 139.7764
35.69972 139.76448
35.698597 139.77303
35.64335 139.67026
35.62796 139.63567
35.707752 139.55939
35.604916 139.7027
35.7079 139.55939
35.551003 139.67647
35.666718 139.75676
35.634865 139.603
35.58465 139.74077
35.75724 139.70831
35.724 139.77013
35.660458 139.71965
35.698597 139.77303
35.687763 139.71793
35.64388 139.69951
35.57491 139.66324
35.672344 139.81946
35.656494 139.73616
35.656494 139.73616
35.69643 139.81395
35.69113 139.69264
35.729866 139.71095
35.73023 139.71117
35.696907 139.8145
35.55138 139.67172
35.670433 139.76819
35.64511 139.71188
35.662876 139.73146
35.697163 139.63695
35.81677 139.73627
35.69813 139.63881
35.698193 139.58096
35.695065 139.6375
35.69928 139.63799
35.630024 139.74039
35.6362 139.50008
35.702705 139.56084
35.707718 139.64116
35.65688 139.7241
35.83084 139.73598
35.607758 139.6691
35.760235 139.72221
35.706272 139.71962
35.695335 139.81445
35.78172 139.71565
35.628025 139.73804
35.55083 139.78804
35.6826 139.78575
35.55138 139.7884
35.70596 139.64952
35.78371 139.72046
35.693745 139.70451
35.689396 139.8262
35.667614 139.63184
35.662178 139.73589
35.670704 139.69664
35.77083 139.87093
35.64244 139.734
35.7032 139.57991
35.736515 139.8126
35.858875 139.75368
35.740868 139.81206
35.655617 139.75674
35.729027 139.71109
35.732906 139.73932
35.577953 139.57138
35.742744 139.81331
35.69347 139.6951
35.672195 139.48047
35.665806 139.69392
35.599953 139.6106
35.64987 139.69168
35.654076 139.70528
35.654114 139.70537
35.672215 139.47911
35.599953 139.6106
35.654076 139.70528
35.690598 139.69896
35.83709 139.71884
35.697018 139.82828
35.789692 139.724
35.656567 139.72401
35.702263 139.60075
35.538933 139.6804
35.658195 139.70203
35.67616 139.67659
35.584877 139.58199
35.64318 139.60928
35.642822 139.55109
35.797 139.72772
35.75305 139.74915
35.60927 139.67033
35.66807 139.77252
35.69671 139.68219
35.62437 139.72334
35.7292 139.7717
35.665157 139.7698
35.66454 139.66045
35.658997 139.73193
35.814598 139.69536
35.817066 139.69307
35.65517 139.79112
35.631866 139.57745
35.79289 139.6386
35.792553 139.6392
35.71912 139.61432
35.634205 139.57933
35.676777 139.6761
35.785347 139.64001
35.63258 139.58748
35.60993 139.82565
35.60993 139.82565
35.708843 139.59734
35.636692 139.5871
35.731964 139.58763
35.659462 139.70052
35.582775 139.76099
35.654076 139.70528
35.63053 139.60023
35.656506 139.6957
35.63053 139.60023
35.631393 139.59938
35.723045 139.69344
35.706154 139.61827
35.713696 139.77751
35.631012 139.60089
35.705288 139.62059
35.70583 139.61847
35.64634 139.52963
35.72604 139.59203
35.655273 139.7969
35.69376 139.7043
35.56407 139.59436
35.65761 139.79845
35.65956 139.72934
35.7032 139.57991
35.576576 139.57384
35.845623 139.64697
35.665874 139.89305
35.55138 139.7884
35.621166 139.63553
35.763435 139.67648
35.727623 139.57713
35.7721 139.5199
35.690804 139.70027
35.628067 139.73778
35.752434 139.73813
35.544674 139.76855
35.521362 139.6304
35.828426 139.80347
35.6762 139.69937
35.644615 139.50247
35.75283 139.73819
35.750866 139.8669
35.702705 139.56084
35.63347 139.66165
35.55003 139.63368
35.6091 139.5163
35.69808 139.7731
35.679836 139.78006
35.55863 139.55151
35.52311 139.69148
35.619698 139.72855
35.680367 139.7616
35.629242 139.71626
35.75009 139.76497
35.70216 139.67348
35.69236 139.70094
35.607536 139.66884
35.58105 139.64142
35.679665 139.78091
35.55138 139.7884
35.55884 139.5514
35.706238 139.6452
35.70619 139.64697
35.706055 139.64822
35.712955 139.7037
35.697857 139.77393
35.628025 139.73804
35.668327 139.70409
35.558224 139.5517
35.68394 139.70114
35.62645 139.72343
35.6886 139.7107
35.714077 139.73953
35.633896 139.5311
35.702206 139.58035
35.6115 139.62662
35.6817 139.76932
35.705856 139.6499
35.705376 139.64986
35.620518 139.75082
35.729027 139.71109
35.730274 139.71138
35.622417 139.75009
35.658184 139.7029
35.630146 139.74043
35.70575 139.7871
35.729866 139.71095
35.70231 139.74503
35.658524 139.70132
35.628025 139.73804
35.712902 139.7039
35.690292 139.69974
35.628025 139.73804
35.658577 139.71078
35.671562 139.79407
35.691277 139.71126
35.70704 139.78217
35.673744 139.66725
35.553753 139.57817
35.63347 139.66165
35.554386 139.57903
35.64694 139.74736
35.55342 139.57712
35.64406 139.82475
35.55456 139.57632
35.68444 139.73715
35.845623 139.64697
35.713642 139.70317
35.82688 139.66014
35.687836 139.73076
35.662876 139.73146
35.822216 139.5752
35.65227 139.72223
35.531326 139.6969
35.59714 139.7446
35.55454 139.7297
35.655617 139.75674
35.749645 139.80515
35.62851 139.73833
35.662743 139.73415
35.531536 139.69675
35.66669 139.75813
35.607124 139.6224
35.603752 139.5076
35.66439 139.73369
35.683914 139.73897
35.664032 139.73387
35.644314 139.6991
35.553085 139.64842
35.560684 139.72372
35.727623 139.57713
35.700108 139.74832
35.619194 139.7283
35.74419 139.7281
35.688698 139.69861
35.842728 139.66843
35.540886 139.70778
35.84201 139.6647
35.646877 139.70995
35.84117 139.66702
35.65455 139.75674
35.69343 139.69537
35.65688 139.75433
35.781277 139.68495
35.664547 139.73592
35.531536 139.69675
35.65469 139.75438
35.559902 139.72191
35.53165 139.69716
35.6653 139.73672
35.778942 139.60391
35.84768 139.66914
35.75136 139.54591
35.725784 139.72987
35.653522 139.75255
35.57491 139.66324
35.777225 139.79045
35.57668 139.65964
35.674225 139.78232
35.807854 139.84503
35.778843 139.7815
35.57667 139.6595
35.858738 139.65729
35.57573 139.65965
35.630146 139.74043
35.67382 139.78369
35.66651 139.73863
35.737762 139.65453
35.670677 139.70253
35.652615 139.74953
35.64318 139.60928
35.628025 139.73804
35.69807 139.77548
35.70462 139.61998
35.69906 139.75285
35.681133 139.76782
35.731518 139.71336
35.777225 139.79045
35.688557 139.51505
35.690804 139.70027
35.65449 139.8424
35.815655 139.70436
35.6914 139.69388
35.671726 139.83698
35.622944 139.75063
35.67965 139.77997
35.71347 139.77626
35.628025 139.73804
35.64615 139.82742
35.53846 139.5919
35.668827 139.83066
35.531326 139.6969
35.630146 139.74043
35.689453 139.69771
35.533382 139.68527
35.655518 139.75673
35.560684 139.72372
35.645733 139.74757
35.667267 139.73871
35.672905 139.79831
35.61559 139.57701
35.646553 139.71022
35.677517 139.7654
35.66845 139.65038
35.655617 139.75674
35.700584 139.76404
35.788223 139.61293
35.657143 139.5981
35.73386 139.75504
35.614944 139.57693
35.670277 139.67062
35.84768 139.66914
35.733067 139.8816
35.614365 139.57883
35.696907 139.8145
35.68008 139.72023
35.630146 139.74043
35.748707 139.80481
35.75849 139.62885
35.64694 139.74736
35.76363 139.72768
35.827908 139.65381
35.729237 139.71085
35.737244 139.77402
35.697926 139.6829
35.749645 139.80515
35.712948 139.70403
35.615295 139.57944
35.57131 139.68562
35.623466 139.70728
35.66879 139.70477
35.57491 139.66324
35.625557 139.70705
35.737873 139.65453
35.52251 139.65155
35.71014 139.8134
35.62537 139.70726
35.561436 139.6754
35.625874 139.70744
35.6455 139.69736
35.697464 139.81424
35.72777 139.77097
35.6839 139.56842
35.627907 139.74077
35.658356 139.47948
35.706425 139.84251
35.56351 139.6789
35.54506 139.76903
35.608532 139.73561
35.70223 139.54482
35.8203 139.70813
35.74954 139.58653
35.695965 139.75807
35.65491 139.7962
35.69972 139.76448
35.732117 139.76671
35.78918 139.53629
35.68599 139.76343
35.70366 139.63632
35.786697 139.70618
35.81992 139.73724
35.5532 139.64682
35.646347 139.74731
35.738834 139.66277
35.818527 139.7366
35.84768 139.66914
35.71048 139.81331
35.614628 139.52824
35.60743 139.68562
35.610226 139.73582
35.68903 139.81567
35.79221 139.71773
35.815445 139.58719
35.630146 139.74043
35.662388 139.69873
35.7009 139.80865
35.578777 139.73407
35.532307 139.69707
35.690804 139.70027
35.762203 139.82494
35.560684 139.72372
35.748806 139.7196
35.677517 139.7654
35.56509 139.68127
35.71347 139.77626
35.620815 139.56972
35.830494 139.56238
35.640594 139.70251
35.62578 139.71474
35.66899 139.67972
35.668644 139.65048
35.734917 139.75383
35.709694 139.73132
35.742252 139.81056
35.713696 139.77751
35.729633 139.70943
35.67968 139.80806
35.729027 139.71109
35.658524 139.70132
35.71048 139.81331
35.599953 139.6106
35.696438 139.81395
35.692448 139.77168
35.736515 139.74683
35.645733 139.74757
35.778942 139.60391
35.630146 139.74043
35.69897 139.48009
35.63441 139.79161
35.75207 139.7868
35.67052 139.77373
35.537663 139.63531
35.84768 139.66914
35.59974 139.61023
35.726814 139.77698
35.692394 139.72287
35.696136 139.75839
35.670967 139.65878
35.738613 139.65508
35.659817 139.70038
35.658524 139.70132
35.681377 139.76608
35.66875 139.60109
35.69172 139.70235
35.689316 139.70755
35.65189 139.5444
35.64914 139.69937
35.7119 139.79642
35.643566 139.67065
35.712067 139.79645
35.707302 139.7948
35.690804 139.70027
35.729866 139.71095
35.720367 139.47508
35.716167 139.78091
35.717083 139.78145
35.69587 139.75816
35.733456 139.73949
35.65519 139.79787
35.71988 139.78387
35.670677 139.70253
35.693943 139.70444
35.643673 139.6693
35.63522 139.71683
35.663586 139.66852
35.666718 139.75676
35.7032 139.57991
35.5886 139.72772
35.626404 139.62643
35.620163 139.70758
35.725807 139.78836
35.690804 139.70027
35.728947 139.7908
35.6741 139.66711
35.73438 139.79424
35.66919 139.61359
35.763435 139.67648
35.73201 139.4822
35.698597 139.77303
35.698338 139.77304
35.73201 139.4822
35.7367 139.79659
35.672752 139.76578
35.690346 139.69978
35.695503 139.75171
35.520634 139.63023
35.672195 139.48047
35.608795 139.71805
35.672264 139.47972
35.66484 139.73125
35.586864 139.70593
35.790257 139.63333
35.763718 139.67595
35.591774 139.60185
35.81677 139.73627
35.740868 139.81206
35.65338 139.7047
35.742744 139.81331
35.69518 139.70413
35.749313 139.80505
35.729866 139.71095
35.745083 139.81714
35.745712 139.81908
35.6945 139.6984
35.676334 139.78603
35.70231 139.74503
35.531326 139.6969
35.656178 139.73314
35.743576 139.77809
35.659485 139.70021
35.58041 139.6633
35.66959 139.8176
35.70527 139.63657
35.659912 139.70227
35.701363 139.74615
35.642723 139.66197
35.694702 139.56136
35.749237 139.80899
35.654114 139.70537
35.744038 139.77676
35.71473 139.79674
35.71367 139.79663
35.69428 139.7019
35.74669 139.8274
35.665546 139.81665
35.772068 139.73317
35.669052 139.68915
35.643246 139.67001
35.538933 139.6804
35.538643 139.67982
35.673817 139.7929
35.791306 139.62798
35.68194 139.76265
35.684757 139.78387
35.731888 139.7293
35.58989 139.69666
35.733032 139.74005
35.83621 139.79251
35.701344 139.50644
35.688225 139.78163
35.569176 139.69133
35.626434 139.63393
35.69169 139.77087
35.64907 139.69139
35.53694 139.63487
35.69117 139.70667
35.73668 139.48698
35.703217 139.64981
35.57958 139.57301
35.66175 139.90082
35.62684 139.60883
35.672913 139.7426
35.703217 139.56015
35.67305 139.73761
35.815655 139.70436
35.624447 139.74307
35.553673 139.74036
35.584877 139.58199
35.672554 139.73715
35.696377 139.82614
35.707478 139.75952
35.73037 139.72229
35.662514 139.73413
35.708485 139.77223
35.554382 139.60295
35.706017 139.64775
35.55133 139.67513
35.73722 139.7191
35.74113 139.71666
35.694275 139.6987
35.74087 139.71431
35.65338 139.7047
35.7403 139.70969
35.72604 139.59203
35.740795 139.70815
35.70148 139.70467
35.64396 139.70172
35.654076 139.70528
35.69395 139.75856
35.739204 139.7106
35.735947 139.70985
35.730453 139.71022
35.730377 139.7124
35.703735 139.73523
35.668278 139.75847
35.731346 139.71309
35.704155 139.57986
35.704334 139.57991
35.657192 139.54184
35.688595 139.80939
35.66868 139.76108
35.73041 139.72308
35.72992 139.72389
35.7299 139.72397
35.703453 139.60219
35.75576 139.73357
35.756096 139.73332
35.707134 139.7854
35.660427 139.69945
35.71473 139.79674
35.75075 139.58206
35.656372 139.69942
35.693474 139.76915
35.69906 139.75285
35.66845 139.65038
35.6595 139.7286
35.609573 139.74731
35.729237 139.71085
35.73023 139.71117
35.64615 139.82742
35.702705 139.56084
35.63057 139.71434
35.737926 139.76103
35.58132 139.51659
35.70462 139.61998
35.670544 139.71785
35.69397 139.70496
35.77806 139.72084
35.701904 139.67575
35.74661 139.7469
35.665447 139.8369
35.748806 139.7196
35.690804 139.70027
35.74576 139.74438
35.70104 139.6828
35.644615 139.50247
35.690804 139.70027
35.744267 139.82332
35.701637 139.68831
35.69303 139.70221
35.8457 139.64722
35.653347 139.54272
35.70206 139.69518
35.65189 139.5444
35.752434 139.73813
35.659893 139.53561
35.727623 139.57713
35.630024 139.74039
35.65742 139.54025
35.688004 139.69899
35.75283 139.73819
35.628178 139.73788
35.64004 139.59874
35.75626 139.69458
35.55138 139.7884
35.702705 139.56084
35.6091 139.5163
35.807552 139.71397
35.75009 139.76497
35.55134 139.78108
35.607536 139.66884
35.658195 139.70203
35.64762 139.7094
35.658524 139.70132
35.658184 139.7029
35.563015 139.62772
35.561035 139.67104
35.620518 139.75082
35.628178 139.73788
35.690804 139.70027
35.6746 139.7777
35.623123 139.74918
35.753494 139.87022
35.767155 139.84778
35.579803 139.57343
35.633896 139.5311
35.68394 139.70114
35.531326 139.6969
35.75136 139.54591
35.6115 139.62662
35.66047 139.72928
35.729027 139.71109
35.55207 139.64734
35.737057 139.48825
35.730274 139.71138
35.658577 139.71078
35.690693 139.71149
35.548615 139.79268
35.699326 139.48032
35.712955 139.7037
35.665035 139.7125
35.702705 139.56084
35.756912 139.87563
35.664318 139.76228
35.62568 139.71341
35.54896 139.78418
35.68006 139.7697
35.63006 139.62233
35.70231 139.74503
35.55243 139.64749
35.658524 139.70132
35.628227 139.73871
35.729866 139.71095
35.77203 139.82043
35.66033 139.79404
35.7565 139.8753
35.65943 139.70056
35.683773 139.76772
35.68085 139.76643
35.74113 139.71666
35.68972 139.69925
35.701294 139.70004
35.568405 139.55351
35.698677 139.77422
35.60743 139.68562
35.604267 139.6
35.682713 139.76505
35.572098 139.70288
35.65972 139.72348
35.8457 139.64722
35.82688 139.66014
35.59714 139.7446
35.788216 139.61269
35.55454 139.7297
35.7139 139.78523
35.658195 139.70203
35.5532 139.64682
35.64735 139.62408
35.7308 139.71056
35.750866 139.8669
35.68212 139.80034
35.645233 139.56104
35.66669 139.75813
35.61264 139.7192
35.66051 139.72922
35.676987 139.71143
35.58656 139.66669
35.611603 139.62634
35.56227 139.71584
35.690804 139.70027
35.711098 139.78261
35.57573 139.65965
35.745888 139.8563
35.689682 139.70079
35.662144 139.7328
35.598248 139.71857
35.65455 139.75674
35.672867 139.76317
35.66439 139.73369
35.6035 139.61752
35.536766 139.70288
35.664032 139.73387
35.655617 139.75674
35.607105 139.73479
35.532753 139.70074
35.672188 139.76749
35.822216 139.5752
35.65189 139.5444
35.531868 139.7002
35.55206 139.78815
35.713657 139.7771
35.662876 139.73146
35.60743 139.68562
35.690804 139.70027
35.711414 139.77718
35.77806 139.72084
35.712452 139.77592
35.55863 139.55151
35.531536 139.69675
35.673203 139.76047
35.645733 139.74757
35.57668 139.65947
35.531326 139.6969
35.71679 139.85826
35.57668 139.65964
35.743996 139.81157
35.693935 139.70094
35.53165 139.69716
35.57667 139.6595
35.58105 139.64142
35.619194 139.7283
35.733692 139.74028
35.531326 139.6969
35.607105 139.73479
35.531536 139.69675
35.690804 139.70027
35.725784 139.72987
35.66669 139.75813
35.65688 139.75433
35.791878 139.64587
35.64672 139.7457
35.763435 139.67648
35.55884 139.5514
35.814167 139.80132
35.673046 139.75992
35.531326 139.6969
35.684208 139.71631
35.61702 139.74338
35.69605 139.75124
35.67934 139.76385
35.728664 139.56422
35.749565 139.8046
35.561035 139.67104
35.690804 139.70027
35.75136 139.54591
35.6589 139.70326
35.690804 139.70027
35.658524 139.70132
35.71373 139.77641
35.778942 139.60391
35.69777 139.64807
35.71301 139.77583
35.603752 139.5076
35.583385 139.64168
35.603752 139.5076
35.807854 139.84503
35.684113 139.72224
35.568665 139.5534
35.777225 139.79045
35.66472 139.76166
35.646553 139.71022
35.61606 139.73862
35.728104 139.77127
35.684113 139.72224
35.53638 139.7035
35.553753 139.57817
35.700584 139.76404
35.554386 139.57903
35.53655 139.70413
35.683556 139.72205
35.55366 139.57912
35.56351 139.6789
35.553875 139.57817
35.565147 139.68066
35.698597 139.77303
35.645832 139.7464
35.7002 139.76361
35.690804 139.70027
35.630146 139.74043
35.677517 139.7654
35.729866 139.71095
35.628178 139.73788
35.729027 139.71109
35.706585 139.76068
35.70583 139.6658
35.690804 139.70027
35.67965 139.77997
35.68399 139.72452
35.6387 139.74004
35.61559 139.57701
35.79465 139.51378
35.531326 139.6969
35.670277 139.67062
35.615395 139.57709
35.69807 139.77548
35.69648 139.81502
35.815655 139.70436
35.71115 139.77356
35.66427 139.78465
35.76873 139.66187
35.645733 139.74757
35.53694 139.63487
35.53846 139.5919
35.711487 139.77437
35.84768 139.66914
35.732944 139.88167
35.55099 139.67557
35.817646 139.66959
35.658524 139.70132
35.68531 139.72249
35.690804 139.70027
35.689133 139.70001
35.607536 139.66884
35.545612 139.57545
35.6905 139.7
35.672195 139.48047
35.614944 139.57693
35.690346 139.69978
35.75136 139.54591
35.614365 139.57883
35.614628 139.52824
35.687042 139.69887
35.732616 139.76799
35.68903 139.81567
35.62013 139.72829
35.607105 139.73479
35.814747 139.58684
35.732117 139.76671
35.815445 139.58719
35.68599 139.76343
35.615135 139.57942
35.788223 139.61293
35.620815 139.67314
35.690804 139.70027
35.619194 139.7283
35.586864 139.70593
35.65449 139.8424
35.628178 139.73788
35.671726 139.83698
35.697002 139.6827
35.665497 139.75964
35.697926 139.6829
35.669273 139.83762
35.615295 139.57944
35.690804 139.70027
35.71014 139.8134
35.67069 139.83418
35.55342 139.57712
35.702705 139.56084
35.690804 139.70027
35.710762 139.8129
35.719425 139.6638
35.70736 139.77461
35.55456 139.57632
35.828426 139.80347
35.54506 139.76903
35.690804 139.70027
35.661373 139.72917
35.668827 139.83066
35.57131 139.68562
35.729496 139.7913
35.64694 139.74736
35.815655 139.70436
35.70858 139.80463
35.670982 139.79085
35.717964 139.81673
35.545147 139.78526
35.798077 139.77174
35.62049 139.7044
35.67996 139.78009
35.658524 139.70132
35.66899 139.67972
35.736515 139.74683
35.654686 139.75731
35.70799 139.79073
35.74954 139.58653
35.709694 139.73132
35.748306 139.56767
35.817646 139.66959
35.73625 139.74709
35.57491 139.66324
35.68468 139.76605
35.668827 139.83066
35.653652 139.75735
35.531326 139.6969
35.532307 139.69707
35.532753 139.70074
35.63627 139.88344
35.60743 139.68562
35.777225 139.79045
35.69167 139.77087
35.531265 139.6949
35.55138 139.67172
35.560207 139.65349
35.532284 139.69939
35.658524 139.70132
35.700253 139.48026
35.791878 139.64587
35.729866 139.71095
35.528484 139.69832
35.7141 139.77689
35.814747 139.58684
35.69958 139.76523
35.729633 139.70943
35.68892 139.69792
35.71373 139.77641
35.630146 139.74043
35.6066 139.73422
35.79221 139.71773
35.672318 139.79456
35.60713 139.7342
35.701736 139.52483
35.629257 139.7865
35.56227 139.71584
35.654366 139.75688
35.620785 139.56992
35.690804 139.70027
35.668224 139.60114
35.84768 139.66914
35.698154 139.75395
35.59329 139.73059
35.768753 139.70227
35.69958 139.76523
35.689857 139.83566
35.742252 139.81056
35.67282 139.69432
35.701344 139.50644
35.689396 139.8262
35.621887 139.75092
35.730354 139.71056
35.72777 139.77097
35.746387 139.71971
35.71035 139.80904
35.586845 139.66153
