52.38697 4.8700194
52.36145 4.8991437
52.32171 5.0802565
52.378716 4.8999023
52.370384 4.894924
52.497852 4.9512124
52.303295 4.6771607
52.38145 4.636801
52.370384 4.894924
52.364044 4.8829722
52.378613 4.900546
52.362247 4.883912
52.364506 4.88099
52.363705 4.903044
52.43897 4.8244157
52.310516 4.761935
52.358597 4.878925
52.36609 4.896469
52.369007 4.8887
52.35108 4.885138
52.35747 4.926745
52.337643 4.9212575
52.371746 4.636979
52.406105 4.63843
52.352894 4.8918815
52.352196 4.8916197
52.30507 4.705014
52.30924 4.762187
52.370285 4.8849354
52.36609 4.896469
52.378613 4.900546
52.404064 4.6291676
52.316578 4.945372
52.30924 4.762187
52.361244 4.883879
52.30924 4.762187
52.363457 4.881803
52.30942 4.7636566
52.30924 4.762187
52.30924 4.762187
52.30929 4.764161
52.30924 4.762187
52.31322 4.767648
52.340717 4.889751
52.34504 4.9673223
52.309227 4.7722826
52.28248 4.706887
52.307613 4.8015833
52.378613 4.900546
52.30924 4.762187
52.379044 4.899291
52.308693 4.7637005
52.309055 4.761801
52.378006 4.899028
52.366337 4.896341
52.30924 4.762187
52.493866 5.0733433
52.311153 4.7613072
52.37302 4.892628
52.380936 4.8541145
52.31324 5.0244637
52.3925 4.872379
52.371746 4.636979
52.366016 4.895541
52.36422 4.882897
52.36609 4.896469
52.20729 4.865484
52.365948 4.866901
52.50865 4.949684
52.366444 4.8906326
52.377644 4.7571287
52.36605 4.8954887
52.21353 4.860905
52.37539 4.8814545
52.30837 4.9526978
52.369137 4.851349
52.3457 4.8909464
52.30924 4.762187
52.497852 4.9512124
52.30924 4.762187
52.437496 4.860507
52.30924 4.762187
52.30924 4.762187
52.30924 4.762187
52.34554 4.9091077
52.359856 4.8740263
52.307644 4.7704234
52.346325 4.952278
52.310707 4.9665713
52.361244 4.883879
52.4516 4.834675
52.30452 4.7623534
52.50301 4.759212
52.34682 4.9589095
52.37854 4.8997107
52.362904 4.885136
52.30924 4.762187
52.30924 4.762187
52.287403 4.8577166
52.379044 4.899291
52.301098 5.152541
52.30924 4.762187
52.311153 4.7613072
52.371746 4.636979
52.30924 4.762187
52.343388 4.855399
52.31189 4.9471307
52.30924 4.762187
52.33437 4.8890877
52.38203 4.785283
52.44644 4.886706
